 -0.00456902365358679 -0.00140338120797192  0.00642676369508459  0.02088050684327684
  0.03534067288929559  0.04979940362192446  0.06424825920730716  0.07596016882733156
  0.08658702713095320  0.09758607844339108  0.10861159151017868  0.11949748941820509
  0.13029861431087025  0.14350410648844394  0.15695605633990437  0.17060148648081339
  0.18414663380419960  0.19767713344368762  0.21119227564674964  0.22473221860575543
  0.23828106940678617  0.25184095797028988  0.26542159161136580  0.27901119856785533
  0.29261259757416486  0.30619646275898676  0.31978209131798413  0.33338757622601123
  0.34703159095843245  0.36069452014516040  0.37437222811155796  0.38804665482517403
  0.40172471740878940  0.41545544831332526  0.42917358465109834  0.44288160529898757
  0.45658637040682504  0.47031504239797600  0.48407058452634472  0.49788100799181151
  0.51171250539664070  0.52556946186018261  0.53944343529983674  0.55332393348026832
  0.56721206424783777  0.58110300666572823  0.59498005647147034  0.60882354843033903
  0.62263556823144894  0.63643007148873298  0.65019997479531666  0.66397384367903733
  0.67776041338945303  0.69159009494991985  0.70546576009258999  0.71936864111625087
  0.73330051236273175  0.74723850196169561  0.76117688584634002  0.77509228970466149
  0.78901315115250414  0.80294718565961121  0.81699420976026660  0.83105273035100513
  0.84511891467346034  0.85914857860439520  0.87330569360670640  0.88758211499947970
  0.90184196672544248  0.91608615951324590  0.93031279970844671  0.94502793401870455
  0.95999661499243027  0.97529056143294413  0.98879204318598968  0.99367765885664328
  0.99370183598615047  0.99377496105809937  0.99411108631329437  0.99445706934458156
  0.99480346988845536  0.99514980949284859  0.99549600859675136  0.99584259786766360
  0.99618832137948343  0.99653407334082877  0.99687975948478524  0.99722657697933781
  0.99757323689577471  0.99791953996384353  0.99826600376649810  0.99861348930641802
  0.99895967443552447  0.99930606139053513  0.99965332509274551  1.00000000000000000
 -0.00221096010229304  0.00850342240205857  0.01807087101601059  0.02859799933078633
  0.03873539175658308  0.04800727962267882  0.05736291458618115  0.06746507074020676
  0.07841258052514744  0.08954940755233040  0.10113175910218228  0.11357677867621675
  0.12622818826522458  0.13782773195048983  0.14884086784460068  0.15906132526580558
  0.16903307572653581  0.17917063281957951  0.18958599376758561  0.19947552089283649
  0.20951399903882287  0.21961656466815749  0.22943719381929339  0.23871145815507538
  0.24794373682533122  0.25805086759735685  0.26892916392573396  0.27946021979334335
  0.28965701183699444  0.29980853825489473  0.30996474741856100  0.32024036435756020
  0.33021452558027098  0.33965846974237807  0.34904209346774989  0.35883498952343545
  0.36877142465884383  0.37826261606214839  0.38755617598534076  0.39707436672816654
  0.40680622912619119  0.41589665284825944  0.42515535380612290  0.43410955738640594
  0.44398486266063797  0.45392980004568872  0.46433619696676692  0.47503899722199838
  0.48664789199912695  0.49824277317047505  0.50914313518237730  0.52047924992582650
  0.53298982980695109  0.54508310619688483  0.55650074642571923  0.56814782715346734
  0.58018793800095125  0.59310325753615334  0.60812753217964821  0.62555622834028790
  0.63710254314563808  0.64792517844686115  0.65781550657117860  0.66766881273476419
  0.67682120426619130  0.68608751539344304  0.69606855312075699  0.70673523853857878
  0.71737990128474260  0.72788942682330837  0.73826825676003116  0.74876563936199436
  0.75877935162249033  0.76837804954881050  0.77821424601368705  0.78823734038597892
  0.79811691295565179  0.80768745254118801  0.81770486927363983  0.82875458363517129
  0.83986200254120480  0.85098192820344598  0.86320742676778028  0.87559473337998472
  0.88690302048866176  0.89805868577363968  0.90873828971453552  0.91956803052841785
  0.93022580057752058  0.94041033369135729  0.94988819225698773  0.95952560228812012
  0.96994403341709223  0.98012832292444207  0.99013543918617442  1.00000000000000000
   3.2838128484580753E-007  -1.0000000000000000     
 T T T T F F F F F F F F T T T T F F F F F F F F F F F F F F F F
  <DiscreteSampler_grid>
  grouped_processes
  1 # 1 for a reference and 2 for a running grid.
  10 # Attribute 'min_bin_probing_points' of the grid.
  1 # Attribute 'grid_mode' of the grid. 1=='default',2=='initialization'
  0.0000000000000000 # Attribute 'small_contrib_threshold' of the grid.
  0.5000000000000000 # Attribute 'damping_power' of the grid.
 # binID   n_entries weight   weight_sqr   abs_weight
    10   10   8.874570220208701E+006   7.875799983245067E+013   8.874570220208701E+006
  </DiscreteSampler_grid>
