  0.04748390800784415  0.07982718951376973  0.09372693539393917  0.10451781857794264
  0.11370123352630376  0.12063865310405633  0.12693172944285658  0.13300929996488459
  0.13828020964406873  0.14259437658954074  0.14645162703326517  0.15013729091712208
  0.15370730818231298  0.15679462438638320  0.15955933634475680  0.16206625793844229
  0.16429714643860641  0.16634768645012518  0.16821032559167420  0.16995469710808742
  0.17159037866452162  0.17312750976652863  0.17465911163548650  0.17618947845381494
  0.17758749438748506  0.17885340956256363  0.18000768365394890  0.18108655814015095
  0.18205677739363196  0.18293028340139272  0.18373864195803799  0.18449089796550874
  0.18525315270069348  0.18599682812001964  0.18668837077771794  0.18738936831153663
  0.18808550426154302  0.18875196744206066  0.18939869893031336  0.19005222765048796
  0.19068373761046192  0.19126952571322109  0.19185919232485160  0.19245203285947324
  0.19302857376019514  0.19357990173723313  0.19410851930697387  0.19462209516361451
  0.19508221352754793  0.19566204649059760  0.19643602690053297  0.21071544302832887
  0.23040868446056434  0.23096831586652841  0.23138719045214623  0.23181588431389280
  0.23225731157856455  0.23271239842391686  0.23317463478713860  0.23363538911167067
  0.23410242050443336  0.23460380885964693  0.23514186069294549  0.23570147005454817
  0.23625396889615419  0.23678369864185242  0.23732268629306236  0.23787945201683761
  0.23848428373553088  0.23910226082310371  0.23980964990414402  0.24052870899532838
  0.24128834257489604  0.24210224821892148  0.24304904623362433  0.24409996863936126
  0.24522534249295605  0.24642642007632559  0.24764764979470152  0.24885418835863646
  0.25004101745110896  0.25133171077755984  0.25311969808137474  0.25497560361856508
  0.25671237737619046  0.25834913384156805  0.26008422986515078  0.26212019744990295
  0.26437397997383522  0.26687941730183862  0.26987499076749644  0.27353424916870034
  0.27819955008019381  0.28704256180992260  0.31427231371366354  1.00000000000000000
  0.02885790021777002  0.03507049998080383  0.04383183746131480  0.05310689915884932
  0.06454831720912105  0.07753396753288394  0.09018754296033391  0.10224973367922467
  0.11392965839006615  0.12521060294439215  0.13638252160387779  0.14751339998447352
  0.15866442733590480  0.16934211634301699  0.17921366885432941  0.18912055649360787
  0.19900352798066326  0.20772014292156310  0.21570978068915728  0.22391424567368914
  0.23361890521046563  0.24450134102413063  0.25575604123269274  0.26739017967712447
  0.27932316488231357  0.29014348566610609  0.29950306518569253  0.30821212925259966
  0.31762058016653333  0.32861138334817763  0.33963431156420626  0.35037343342680255
  0.35990752164971462  0.36862790920907429  0.37694308148590816  0.38508480264349076
  0.39291244080200244  0.40121531133045757  0.41143035594316874  0.42306304475034073
  0.43457534262778641  0.44593437469286040  0.45711173492967283  0.46792979575520777
  0.47765653080698961  0.48707942857204223  0.49662475810982237  0.50698740387583419
  0.51810669937359510  0.52900819705964364  0.53961018667391325  0.55051332418145027
  0.56235889225672697  0.57510123899898791  0.58727850178521246  0.59943897872258023
  0.61093241202119875  0.62265642612063599  0.63486381784176771  0.64654808270195108
  0.65706240280120332  0.66731187872833275  0.67722895893123924  0.68646052314497852
  0.69492810920813997  0.70327154270655023  0.71306472181991143  0.72415948985808165
  0.73433466761200117  0.74351906134563472  0.75226896732348114  0.76092587236582832
  0.76955843931126999  0.77797829033347288  0.78736874082317254  0.79770643008530451
  0.80836653234091305  0.81829932381838011  0.82799116993970423  0.83738527048244671
  0.84706561921891754  0.85686416569397772  0.86611847329984581  0.87382929499775697
  0.88200298015132128  0.88921549175637471  0.89566940788733695  0.90265975969186019
  0.90986214101271967  0.91624851122598727  0.92689682601777201  0.93876885227896034
  0.95104077361274231  0.96269906555157869  0.97095978032768593  1.00000000000000000
 -0.00293682935631301  0.00628689452247251  0.02156730729993375  0.04198703771588534
  0.06463079457360185  0.08713722373688793  0.10891488778024402  0.13039666382839699
  0.15147337776939990  0.17316714690447893  0.19520694825968768  0.21668319254170626
  0.23810581261719960  0.25948237590980577  0.28057228767965064  0.30145947454671901
  0.32375070796244082  0.34642755043040063  0.37077874673911637  0.39003886701736906
  0.40240826752206238  0.41417097943437264  0.41640152926063095  0.42002583474447336
  0.42624052676827939  0.43268605290706597  0.43939999183589989  0.44652888309772948
  0.45336926451927234  0.45991068704109250  0.46683709050304162  0.47347239239978167
  0.48000431074349947  0.48670824148893443  0.49306598675326663  0.49969546272791915
  0.50713234106064753  0.51483203381734111  0.52203939927053555  0.52969865482408329
  0.53734703170797948  0.54462334783612887  0.55175103671518200  0.55922613121365861
  0.56661535815736008  0.57375817473909696  0.58115845920426901  0.58879813486733001
  0.59628505688514166  0.60348502473969856  0.61058467693568086  0.61784409869560275
  0.62524112662462572  0.63284036059492965  0.64093348407058348  0.64921243261166672
  0.65737430583309775  0.66511794665803525  0.67265277776796961  0.68020793935089729
  0.68821970316038661  0.69653728835357631  0.70449142215965022  0.71254333140699844
  0.72040366568024028  0.72779147068923833  0.73498950220401105  0.74332935747687501
  0.75272452556243930  0.76184913755432548  0.77029766625142393  0.77867152496902237
  0.78745362771508254  0.79624321872065240  0.80455456701758288  0.81253085011781689
  0.82104535594000472  0.82963335922465464  0.83796521983456651  0.84644235375968413
  0.85500859906200966  0.86369380995153677  0.87209412670959574  0.88030912456472965
  0.88868971532476859  0.89769886051277703  0.90714651516616129  0.91642763907806390
  0.92536535621337734  0.93445971252653859  0.94437306771607221  0.95541717171734386
  0.96686224122773490  0.97753082407386227  0.98906127683623468  1.00000000000000000
 -0.00252040695350586  0.00928349793839365  0.01969462331171211  0.03103829097734392
  0.04238370349108043  0.05380119861558171  0.06556387275171111  0.07751342828991384
  0.08950980683080867  0.10111062211994494  0.11194199524297532  0.12304319133629321
  0.13243530209910651  0.13959146221712332  0.14664430095098238  0.15465342730854989
  0.16212315700063115  0.17142283154908577  0.18282279940850882  0.19543994923876179
  0.20668048994711957  0.21691840095488982  0.22728538027667552  0.23816229681698386
  0.25205205446211953  0.26552057878950136  0.27748045379076980  0.28918663062049010
  0.30023167036463355  0.31166058735799568  0.32205145817499342  0.33045957358858247
  0.33840533074642731  0.34631090758281413  0.35627442536635312  0.36679877975526909
  0.37757807479721461  0.38831271127111450  0.39986873642794624  0.41165238368047863
  0.42334810686210367  0.43505513766732756  0.44610787526074808  0.45723846840754084
  0.46891117669461907  0.48091794572874064  0.49235684770173527  0.50365447205766078
  0.51466348689379238  0.52541598752443286  0.53600676167962680  0.54636681315828606
  0.55686696483688303  0.56736742164994181  0.57867597833388140  0.59065394662168502
  0.60233240900632301  0.61181920254545774  0.62003138693700388  0.62832766676884100
  0.63600395086340433  0.64650554182365372  0.65739132290833491  0.66780116062349781
  0.67754677157989884  0.68789905373429827  0.69784852664917663  0.70861828835014418
  0.72040195810780572  0.73278591244271851  0.74436458708672293  0.75577404983856045
  0.76694396889238103  0.77742016468991149  0.78780507648763287  0.79838536040073060
  0.80872536000863982  0.81812130108204328  0.82728258668534660  0.83659563071292131
  0.84608401258964683  0.85428638225556408  0.86216185871826156  0.87011034617291616
  0.87874148696381116  0.88861442312075201  0.89892732092480809  0.90939172019702796
  0.91999558882990395  0.93074090791382402  0.94229585623753931  0.95457769295447248
  0.96656134751264444  0.97791861216226827  0.98906282914226140  1.00000000000000000
 -0.00290825073212944  0.01324491411153567  0.02334234462030477  0.03365009298290459
  0.04455190739447232  0.05581318952944701  0.06531867469724202  0.07481335404852826
  0.08553629698230329  0.09851359016935299  0.11181186452480282  0.12436505604617942
  0.13668476828858547  0.14957962269146630  0.16303031308516686  0.17617361085582589
  0.18791590617781173  0.19909886022549286  0.20788396250314936  0.21580649855173098
  0.22356594002929059  0.23153519161137964  0.24207224101177399  0.25548379590186737
  0.26898526541880552  0.28231989386911666  0.29558371716166226  0.30815413780828960
  0.32012031406167141  0.33166657304279951  0.34335871569036436  0.35568882327228513
  0.36771914125894539  0.37914676328926988  0.39048826240208839  0.40191117517858238
  0.41369622642732734  0.42496598438292116  0.43606372714648900  0.44742844661486081
  0.45911341963622909  0.47211149528958746  0.48492821398195601  0.49642261331441839
  0.50541874909657725  0.51352366275647610  0.52220213923215608  0.52984240380323755
  0.53784091066262074  0.54817607849994898  0.55935994913078568  0.57086281533905181
  0.58051353424849550  0.58799167121913076  0.59510076310277515  0.60225577840500621
  0.60905013295325261  0.61900429783042699  0.62939122732627550  0.63940901470452405
  0.64901228961987334  0.65837514170077405  0.66799485591730234  0.67827385349126612
  0.68926485213008371  0.70084890355657037  0.70990976199865019  0.71920173965651557
  0.72838352949897289  0.73765675867597491  0.74756927878830504  0.75748194511357991
  0.76761988244564894  0.77730087001984050  0.78695343707465282  0.79663427812091503
  0.80669119339312911  0.81653762935660024  0.82593607573010774  0.83540989916894859
  0.84467063869135728  0.85375455225697405  0.86254837429613496  0.87123049928495944
  0.88068217765256518  0.89091558806445714  0.90243060700451183  0.91480121376510404
  0.92681322218730056  0.93838532585430112  0.94856175081024530  0.95857008890236750
  0.96834195065816542  0.97873372428237204  0.98950087305800227  1.00000000000000000
 -0.00299247977869125  0.01134722458352801  0.02127853397107936  0.03156444526181913
  0.04083880161221575  0.05087978072930462  0.06200178845833090  0.07401013685266421
  0.08627708058504804  0.09801405028336085  0.10972381060204567  0.12190804153377674
  0.13424085188723966  0.14649149951944929  0.15948345177890269  0.17148398062658168
  0.18362822645687898  0.19631832568734181  0.20582838423802546  0.21514357989941094
  0.22425498891098700  0.23430310106274915  0.24639848632756711  0.25785929186795864
  0.26908013247774454  0.28058214826369993  0.29382704393056375  0.30343384310985655
  0.31288333674694818  0.32220195879882030  0.33242181775340035  0.34314904577403638
  0.35416690675315815  0.36540583052500603  0.37714274520949348  0.38867543711881891
  0.40035405989791267  0.41276159571584831  0.42479229211518077  0.43532459447591143
  0.44386811557326800  0.45209999463317874  0.46019089491564774  0.46808049213663960
  0.47823280598813478  0.49077840370039882  0.50358614749293540  0.51660656466273480
  0.52926524023973276  0.54049032797950913  0.55100539813925398  0.56167952195315907
  0.57274094622148319  0.58436266236555745  0.59603360957818408  0.60747726841317384
  0.61755028188806338  0.62653476602065661  0.63573587962599643  0.64529418420536289
  0.65579861741912238  0.66663864702910247  0.67645194920799256  0.68608366275744281
  0.69592668830828930  0.70588303722079460  0.71578983308893807  0.72522963984289179
  0.73440099314626839  0.74373398171622729  0.75352235622131147  0.76409973338832216
  0.77510647801429344  0.78595499899298604  0.79614316849310274  0.80243299426908343
  0.80908411131464886  0.81568633207438557  0.82197908615599502  0.82877744245637330
  0.83941963725654778  0.85109099812818179  0.86199965768264830  0.87221835515538360
  0.88287246620784898  0.89396214286496589  0.90578180441727096  0.91640704206115486
  0.92620573614194157  0.93541827785256104  0.94613816845404020  0.95746723037090886
  0.96724463295947216  0.97617505614146360  0.98700505695343022  1.00000000000000000
 -0.00187078006530554  0.00596950364833305  0.01378275340206240  0.02139919176116413
  0.02908133718750522  0.03661616797930463  0.04409316365733338  0.05185015413891540
  0.06009694146362397  0.06876894477007407  0.07695195431575158  0.08510699360891780
  0.09140341130434407  0.09749822502921501  0.10403255314997514  0.11039305129285412
  0.11710444247915734  0.12507571849911384  0.13321440878655250  0.14139570370322752
  0.14953608562616794  0.15726456865037625  0.16475480456234010  0.17226479836330116
  0.17974653020178111  0.18682641577635764  0.19362741452028384  0.20036441845225875
  0.20721936684157591  0.21500795297537828  0.22356160783647216  0.23234177400677566
  0.24140155060617097  0.25100444828546609  0.26093636003568521  0.27098245018891975
  0.28062528043877294  0.29054142858942289  0.30083250286248603  0.31155820599451911
  0.32214043893369304  0.33199845214630003  0.34118041269851290  0.35004510104525843
  0.35908070820080035  0.36890872370587019  0.37916842221597702  0.38920040671267847
  0.39810802235184811  0.40513918308845742  0.41213918488637674  0.41930298262148114
  0.42603896900519939  0.43305971391449688  0.44262609295869249  0.45401072694202860
  0.46449375267788229  0.47430149304640606  0.48393922187325938  0.49420271315879466
  0.50494519149318573  0.51555125046685668  0.52624037640178689  0.53807001851347624
  0.55146776260713903  0.56546691897896051  0.57837501136811709  0.58985626542018521
  0.60168157025986158  0.61449293064739297  0.62796886249249539  0.64180444826293126
  0.65599620157239791  0.66986915765300925  0.68310708916115825  0.69612332146554223
  0.71022693865524500  0.72555739344390957  0.74071512318706334  0.75331147323376835
  0.76565251358955744  0.77755909114532595  0.79169233412791817  0.80737247395532941
  0.82296692426168327  0.83726237893478372  0.85110616826642727  0.86540489614998717
  0.88128720056152232  0.89893494205901692  0.91530402560665858  0.93068336028427201
  0.94543047435708039  0.96330727656130788  0.98102987905856420  1.00000000000000000
 -0.00239039173709337  0.00961036769761865  0.01623787061965999  0.02320085421472363
  0.03030686317389033  0.03739531783538497  0.04729557280756525  0.05987840326246129
  0.07184668023121783  0.08297808906759471  0.09139781225286048  0.09932502670203891
  0.10738150049738225  0.11587814853990377  0.12706493404737859  0.13784764201496474
  0.14838434817517762  0.15930789181864380  0.17088788814884245  0.18216656401182635
  0.19365611154938620  0.20499967001281172  0.21602146827274235  0.22709119692034960
  0.23822644564289958  0.24872079841013864  0.25889566253628987  0.26870427134706221
  0.27839895763676381  0.28817538542318566  0.29796125525804990  0.30794884577606724
  0.31780245312446975  0.32671623830544239  0.33521524961065535  0.34468453745267952
  0.35542737444938238  0.36598034221990772  0.37580537253559060  0.38571902233910882
  0.39649776866260483  0.40841160295328949  0.42085113595663598  0.43295909526957438
  0.44478384952152356  0.45659370456682896  0.46863859823205212  0.48072619362730523
  0.49138909221225546  0.50096554724527353  0.51081669795033435  0.52024886426220884
  0.52954752619967915  0.53863079972510630  0.54808208354756982  0.55862771720425597
  0.56998214806169600  0.58062255252202677  0.59116778012813531  0.60270800812580172
  0.61478625988521296  0.62779616124568771  0.64009985359401544  0.65100791793005497
  0.66140241274826772  0.67202863631586196  0.68367636781264629  0.69552011287463966
  0.70778220323594987  0.72007036849007844  0.73182398858977993  0.74299073358785261
  0.75359008399451488  0.76429300210440476  0.77491507228451484  0.78588516957423382
  0.79713659277698201  0.80883367308023146  0.82075024266897911  0.83230140715856726
  0.84304714265141500  0.85317306453475472  0.86387460858055898  0.87461760474350303
  0.88401949158395610  0.89300306164531218  0.90214902326844804  0.91275924497123040
  0.92444127031679957  0.93561599312463684  0.94708936171779112  0.95906886307391281
  0.97124894535224326  0.98164159579844645  0.99124988350628973  1.00000000000000000
   2.7513260050549579E-008  -1.0000000000000000     
 T T T T T T T T T T T T T T T T T T T T T T T T T T T T T T T T T T T T F F F F F F F F F F F F F F F F F F F F F F F F F F F F F F F F F F F F F F F F F F F F F F F F F F F F F F F F F F F F F F F F F F F F F F F F T T T T T T T T T T T T T T T T T T T T T T T T T T T T T T T T T T T T F F F F F F F F F F F F F F F F F F F F F F F F F F F F F F F F F F F F F F F F F F F F F F F F F F F F F F F F F F F F F F F F F F F F F F F F F F F F F F F F F F F F F F F F F F F F F F F F F F F F F F F F F F F F F F F F F F F F F F F F F F F F F F F F F F F F F F F F F F F F F F F F
  <DiscreteSampler_grid>
  grouped_processes
  1 # 1 for a reference and 2 for a running grid.
  10 # Attribute 'min_bin_probing_points' of the grid.
  1 # Attribute 'grid_mode' of the grid. 1=='default',2=='initialization'
  0.0000000000000000 # Attribute 'small_contrib_threshold' of the grid.
  0.5000000000000000 # Attribute 'damping_power' of the grid.
 # binID   n_entries weight   weight_sqr   abs_weight
    10   10   4.822343416318757E+001   1.607801784687477E+004   4.822343416318757E+001
  </DiscreteSampler_grid>
