 -0.00551866156910997  0.01759278306267416  0.03662439715171051  0.05560735396005668
  0.07479512760091858  0.09357830214398351  0.10951631724381948  0.12556449316953724
  0.14169316565730605  0.15783694002400117  0.17411276021858293  0.19050480872271566
  0.20892839542789818  0.22728444943333598  0.24545190936226960  0.26344103564484650
  0.28134416750352509  0.29901747905629406  0.31664563642296650  0.33421866396893712
  0.35175029542067215  0.36928056604153991  0.38689091500218065  0.40456346347250616
  0.42230954120585262  0.43989861273693381  0.45744196349893279  0.47492828431729139
  0.49217345995080392  0.50917513537458348  0.52622087300357756  0.54327417329417760
  0.56027674818230278  0.57736178819646145  0.59458782454269232  0.61190151595309539
  0.62925623288258059  0.64656064129446844  0.66387438403807886  0.68120829593611110
  0.69847404377627487  0.71569757771406506  0.73298882309445568  0.75033571098222962
  0.76787754132948860  0.78539427849362309  0.80288455033804373  0.82007388398956993
  0.83717242581102624  0.85659532952206097  0.87614984765265369  0.89637376906699007
  0.91409539968467302  0.92708799139375542  0.93155079579408451  0.93362383383343073
  0.93395307842419240  0.93484299867482201  0.93652946526167258  0.93822927982848570
  0.93992459440369636  0.94162093117322454  0.94333911501963108  0.94505517201212086
  0.94674420507229662  0.94842283552642181  0.95013215947358864  0.95184063984196998
  0.95354247577867968  0.95523637160268005  0.95694992100197773  0.95867807807900496
  0.96038154601635140  0.96207540019772531  0.96376439206958309  0.96547337834114433
  0.96719279106329670  0.96889769306746676  0.97062190788205560  0.97235629876247565
  0.97409225682186529  0.97578818440897352  0.97751149011096872  0.97923621435859620
  0.98094912524276245  0.98268459796623508  0.98442055693721819  0.98613648374732421
  0.98784373036173945  0.98955900580949929  0.99126789316217800  0.99299158405140886
  0.99477137641849211  0.99655441110178977  0.99828067366678008  1.00000000000000000
 -0.00439480693701178  0.01483891510717542  0.02538809010257823  0.03397157170078711
  0.04273302245553073  0.05144729324645834  0.05998761080523494  0.06877717190890180
  0.07824660967523034  0.09054324438702943  0.10470159065538574  0.11823465754427245
  0.13140686730308382  0.14490683311803121  0.15823887477782408  0.16953720743136277
  0.17904908745555023  0.18806346995229634  0.19661533551211213  0.20517331751713414
  0.21290043579429882  0.22044093275038287  0.22811934168624837  0.23653647393001359
  0.24543521650817970  0.25325776001545813  0.26023798957413052  0.26752464573713514
  0.27698197240787653  0.28931922370781449  0.29900266519172625  0.30753092151983574
  0.31671870606894437  0.32775888935754649  0.33935388118546567  0.35128736301282865
  0.35891425118092907  0.36739714661843076  0.37657489912749897  0.38504652878102902
  0.39319306544850713  0.40149628597297216  0.41023834406928389  0.41927569755433564
  0.42860058293809317  0.43925736632947782  0.45383620495457583  0.46838381854781413
  0.48164692492510375  0.49488327231110985  0.50819523623042817  0.52131357910205911
  0.53574807995502627  0.54950257199411512  0.56405037272490843  0.57919199813400424
  0.59446881133631480  0.60963895619723496  0.62462982439247561  0.63945079774718050
  0.64966011089883346  0.65890787895379499  0.66919729364026126  0.67920947691344846
  0.68879923028439949  0.69775696974422885  0.70810167777834765  0.72463002258050779
  0.74320821588572739  0.75604859764525656  0.76640143433803376  0.77610553454500264
  0.78428656469691327  0.79252033452765336  0.80105542892706616  0.80915989274629618
  0.81752548747327825  0.82607638730737032  0.83548925857616896  0.84567753189925743
  0.85606778592345556  0.86366222552460070  0.87153444468410002  0.87898671127377292
  0.88686195886700669  0.89522534393307340  0.90399011437639465  0.91213933048844253
  0.92488890743930019  0.93961295880997164  0.95275126327800519  0.96341078071017627
  0.97189530774351396  0.98099686376058404  0.99042442574722300  1.00000000000000000
   2.3291402010114560E-005  -1.0000000000000000     
 T T T T F F F F F F F F T T T T F F F F F F F F F F F F F F F F
  <DiscreteSampler_grid>
  grouped_processes
  1 # 1 for a reference and 2 for a running grid.
  10 # Attribute 'min_bin_probing_points' of the grid.
  1 # Attribute 'grid_mode' of the grid. 1=='default',2=='initialization'
  0.0000000000000000 # Attribute 'small_contrib_threshold' of the grid.
  0.5000000000000000 # Attribute 'damping_power' of the grid.
 # binID   n_entries weight   weight_sqr   abs_weight
    10   10   2.620619538053156E+007   6.867677535225244E+014   2.620619538053156E+007
  </DiscreteSampler_grid>
