 -0.00653742735096933  0.00992542208971814  0.02757746942996412  0.04803455905147755
  0.06883571998807252  0.08986791210329782  0.10599565410228476  0.12196613554423856
  0.13816343012489973  0.15441619502264384  0.17076560194013246  0.18730670684986750
  0.20560093191565637  0.22449368142412077  0.24288270613847851  0.26123308933085293
  0.27953163761328098  0.29754850766366103  0.31547202224331539  0.33338794995258286
  0.35133265219417981  0.36932225602819541  0.38750190991997319  0.40576123874404879
  0.42409533728586457  0.44235369662914875  0.46048059685121090  0.47833596069252776
  0.49606281019694665  0.51373519279063351  0.53143478397818411  0.54922359050318792
  0.56706406833975065  0.58494858061303234  0.60278135298984636  0.62060995335854630
  0.63846469682958717  0.65613510280339726  0.67359551656338457  0.69100613511438602
  0.70839263250371409  0.72567893918349824  0.74271661398483890  0.75937063355857848
  0.77598294581129912  0.79257522798985403  0.80901393336998439  0.82573882546007127
  0.84349628396370313  0.86153217054783382  0.87993077469360592  0.89952282137958417
  0.91984459853312506  0.92574311667265186  0.93082946132536626  0.93348354495995500
  0.93391001144899222  0.93465752164962812  0.93633969656088056  0.93805932936163983
  0.93973789615936831  0.94143029283084867  0.94314552440775701  0.94486154265205546
  0.94658232755422922  0.94828056638305125  0.94997727044891889  0.95168507861589668
  0.95338874941435270  0.95508567294731717  0.95677869987195541  0.95849785279905853
  0.96022296890773673  0.96193113101911965  0.96364064297410312  0.96536232670894795
  0.96707420239470454  0.96876849482322358  0.97046485297942831  0.97217661498361885
  0.97390348281807870  0.97565085598074419  0.97740617515998363  0.97915947867807618
  0.98090352599589470  0.98263766376013484  0.98436150415437196  0.98608299458539617
  0.98783279340348640  0.98958753424191959  0.99132571070324682  0.99305053883758143
  0.99478198445430355  0.99652420105322326  0.99825792326695961  1.00000000000000000
 -0.00464606041604131  0.01327326521368188  0.02957734882196057  0.04310798757192032
  0.05338826785099025  0.06355197964884492  0.07284490911240206  0.08221944646360906
  0.09187161337414311  0.10174979551763874  0.11094886062474400  0.11998237829260210
  0.12922510017416752  0.13818569254599050  0.14707435093371166  0.15662110378666383
  0.16636837146759823  0.17646144771244243  0.18726521159228332  0.20097019623068196
  0.21650213824717549  0.22923986399578056  0.23988337352470995  0.25003055605528890
  0.26020109526616308  0.27043005888291527  0.27929589122921084  0.28708926089703268
  0.29547011068310197  0.30457538862339972  0.31436296949388481  0.33113343151660163
  0.34198724444334117  0.35360779541831427  0.36613948537912505  0.37736132324331384
  0.38714527698878837  0.39646781339776288  0.40521820238010403  0.41341045395945814
  0.42118014185977876  0.42899999476171086  0.43724371255026850  0.44515420240102066
  0.45364004985870104  0.46275286606028659  0.47301293717442511  0.48277343374422110
  0.49209863396001552  0.50159010765423917  0.51512535205774179  0.52881370001598949
  0.54222978947551836  0.55776927929059694  0.57350968081410070  0.58594667546979307
  0.59571216497552404  0.60485522611165787  0.61419644602543366  0.62325383148935964
  0.63117139052968441  0.63853906282253914  0.64671727206336005  0.65657297386876334
  0.66725555354118438  0.67749838416182351  0.68805873831659159  0.69860856769708679
  0.70921474726890077  0.71960710340325118  0.73039136603794474  0.74068736948452918
  0.75119951871817103  0.76220641114046439  0.77484665875586078  0.78917058528588702
  0.80295949611996775  0.81472589593700351  0.82505708572568193  0.83479586103987047
  0.84442402343879841  0.85368962457323327  0.86311953152086340  0.87297282325518089
  0.88381075431087097  0.89741602136335130  0.91349956811778121  0.92716346196258392
  0.93759718762623234  0.94671790619929830  0.95593262759664543  0.96530693149733870
  0.97435198311828453  0.98302501830931543  0.99153179200885655  1.00000000000000000
   8.6348391349404503E-006  -1.0000000000000000     
 T T T T F F F F F F F F T T T T F F F F F F F F F F F F F F F F
  <DiscreteSampler_grid>
  grouped_processes
  1 # 1 for a reference and 2 for a running grid.
  10 # Attribute 'min_bin_probing_points' of the grid.
  1 # Attribute 'grid_mode' of the grid. 1=='default',2=='initialization'
  0.0000000000000000 # Attribute 'small_contrib_threshold' of the grid.
  0.5000000000000000 # Attribute 'damping_power' of the grid.
 # binID   n_entries weight   weight_sqr   abs_weight
    10   10   2.625092133508258E+007   6.891160164261748E+014   2.625092133508258E+007
  </DiscreteSampler_grid>
