 -0.01052832951634067  0.01847513909104793  0.05224414212416265  0.09266058535488317
  0.12950368995313613  0.16477839622013335  0.19747114896775919  0.22979751973764195
  0.26201635437178594  0.29581456200174838  0.32990047313973381  0.36449759457726144
  0.39041110324001282  0.41307302120630912  0.43694703888762754  0.44114953872787316
  0.44476546673471185  0.45226568666154476  0.45957623415786153  0.46677716756306309
  0.47392268455163988  0.48104695880446047  0.48815696555572291  0.49527590452656661
  0.50241563981793869  0.50956241885846776  0.51669993446973039  0.52383290998835352
  0.53096806206730818  0.53812540439206902  0.54529673069641227  0.55245436631498590
  0.55960293672893224  0.56674747269137982  0.57390466270256779  0.58107542578491433
  0.58823623744300602  0.59538607744805105  0.60251874620058365  0.60964886639940685
  0.61676958173015040  0.62389099691551397  0.63102168625781485  0.63816897898283842
  0.64531257123338637  0.65244446614977536  0.65954761474293710  0.66663486814899764
  0.67374713496161553  0.68086522303058705  0.68798045831560339  0.69508404806777735
  0.70218666498229743  0.70928107082925496  0.71637083512055721  0.72346038906914867
  0.73053467096663460  0.73758955930332271  0.74463250603778552  0.75167677496544727
  0.75871252876229334  0.76573882420767292  0.77277678290593599  0.77980909323071534
  0.78684839125808925  0.79386848465881454  0.80091872083462889  0.80795510304746121
  0.81496048190857584  0.82192122203001683  0.82887390089917734  0.83583287280276064
  0.84279204319933065  0.84972307532069369  0.85664081508852186  0.86354642483238264
  0.87044279433645311  0.87732617271366808  0.88420315074731093  0.89109612844388653
  0.89799503295176497  0.90488616654743836  0.91175013212376765  0.91859000509127875
  0.92540515327854111  0.93221081734451872  0.93900850139448366  0.94581311599793505
  0.95261150458822186  0.95939746873319265  0.96616092660416319  0.97292547674181806
  0.97970135257540281  0.98647903267958847  0.99324602653894445  1.00000000000000000
 -0.00291877330011581  0.01068750464313214  0.02188786317043936  0.03326742051625140
  0.04520460401279036  0.05740883782150989  0.06915017535211178  0.08042768318424821
  0.09107145982740716  0.10106802025747852  0.11113605887285510  0.12095365719880080
  0.13142662985719555  0.14191880994244449  0.15263160924633962  0.16358765281121876
  0.17445127899196791  0.18564675245565557  0.19681450803272280  0.20786886375681762
  0.21901436684804265  0.22997277680232445  0.24079865687284924  0.25150906074601054
  0.26206458898348101  0.27224447163541671  0.28190173610977087  0.29145712746999786
  0.30096164844015233  0.31046786411734162  0.31992692435053666  0.32940857688834158
  0.33875030830792380  0.34782606304407737  0.35711742287852766  0.36707642578660360
  0.37736183613736263  0.38747584539577440  0.39782506400264855  0.40856500032899778
  0.41932473937078912  0.42990664542656221  0.44046804746535173  0.45154362188993596
  0.46270712080533088  0.47362639486551472  0.48452646695983415  0.49532338818259719
  0.50587351957674331  0.51630550754149751  0.52721699733953153  0.53814597616911908
  0.54837138137478625  0.55815260613584727  0.56800934991933438  0.57817480679748168
  0.58849073326681622  0.59889334562337082  0.60940584878246129  0.62032005209009256
  0.63163491886739531  0.64287133358833082  0.65376813735045092  0.66433311589421429
  0.67479190008921508  0.68526101909198789  0.69567389413034353  0.70644938064660301
  0.71782518339836598  0.72954649094792889  0.74109599554305161  0.75226189934552201
  0.76295323158063888  0.77343742065797150  0.78423338759701700  0.79516278413302854
  0.80645395903366279  0.81723881674390875  0.82768679806874323  0.83768292620319884
  0.84739196954329821  0.85692783386179927  0.86645367058480338  0.87639943063015480
  0.88659473871875683  0.89651275755139748  0.90628727205221027  0.91637096701890663
  0.92677347682250155  0.93725826862217954  0.94752967806723454  0.95786536966627256
  0.96810688154643976  0.97864474030153314  0.98909166395364145  1.00000000000000000
   8.3445051442151365E-006  -1.0000000000000000     
 T T T T F F F F F F F F T T T T F F F F F F F F F F F F F F F F
  <DiscreteSampler_grid>
  grouped_processes
  1 # 1 for a reference and 2 for a running grid.
  10 # Attribute 'min_bin_probing_points' of the grid.
  1 # Attribute 'grid_mode' of the grid. 1=='default',2=='initialization'
  0.0000000000000000 # Attribute 'small_contrib_threshold' of the grid.
  0.5000000000000000 # Attribute 'damping_power' of the grid.
 # binID   n_entries weight   weight_sqr   abs_weight
    10   10   2.649656990280350E+007   7.239932093326482E+014   2.649656990280350E+007
  </DiscreteSampler_grid>
