 -0.00878449896849749  0.01288018095892889  0.03714412031682674  0.06484450790610075
  0.09080833500837213  0.11573727680784902  0.13809022931209050  0.16042438580369831
  0.18274447026907786  0.20436358964744028  0.22583164954849300  0.24701870149525043
  0.26796323112243381  0.28872761749353498  0.31011275184882664  0.33161015853104914
  0.35315167254275187  0.37404861896888425  0.39377460440818485  0.41006045663828755
  0.42477591120983821  0.43917979530763807  0.44093367178507309  0.44370713328734623
  0.44864884239154690  0.45443202522021070  0.46010526582864003  0.46579129140250020
  0.47143571251109412  0.47700643983773650  0.48260223784569989  0.48822970942966365
  0.49391080637873397  0.49963297032032111  0.50537240943400152  0.51113856719708406
  0.51692953799766150  0.52280056178836543  0.52870344072423259  0.53464312561582417
  0.54061256969616567  0.54663199487937009  0.55270190727754653  0.55879943096385232
  0.56489520375424773  0.57100180274454049  0.57716434594591959  0.58340001515905537
  0.58968022959130406  0.59594985021015168  0.60223703892413805  0.60858539357956121
  0.61503559315880163  0.62159043703927097  0.62822187519837569  0.63492186238853432
  0.64164789558992907  0.64838630108270023  0.65516659559186208  0.66207313670351886
  0.66900930195499275  0.67597931570619429  0.68298052312670632  0.69005851534002927
  0.69722848423914763  0.70449508742254763  0.71182345593287077  0.71922093301744427
  0.72671219982862434  0.73432028146243045  0.74199569082504313  0.74977798886149893
  0.75765114355789676  0.76564868280400278  0.77376306630634628  0.78202346841532788
  0.79039813748975563  0.79889142641074351  0.80755849981769856  0.81638983597270653
  0.82541384698118569  0.83463699342272923  0.84403967451365536  0.85365148495247745
  0.86356138592813747  0.87375258811679390  0.88412912052517700  0.89478104751470133
  0.90584361317843520  0.91735819133314178  0.92946919904852254  0.94219873033852763
  0.95544207574212936  0.96936182739799959  0.98419561765667074  1.00000000000000000
 -0.00237068854798154  0.00916761897977394  0.01862239090138878  0.02931707093886006
  0.03938757004598983  0.04856563006741543  0.05804595477232617  0.06856922453342947
  0.08064891462050916  0.09191375458106349  0.10217316366359851  0.11148762978020556
  0.12048883277358351  0.12958148950601497  0.13931873443559942  0.15024911339032965
  0.16286139606442018  0.17548463904132930  0.18757698375726939  0.19986612647250207
  0.21095758730781686  0.22138230282945676  0.23079503501555987  0.23946359297335840
  0.24846772929627370  0.25718491611631344  0.26579203478409669  0.27440202000317188
  0.28340439304350384  0.29259853235056027  0.30261120678492165  0.31265568655082115
  0.32302836610264457  0.33344365346238730  0.34360633389430656  0.35419651396213608
  0.36455120670167945  0.37506358961831326  0.38568315278606669  0.39680756980519183
  0.41019081119319800  0.42363771580554033  0.43689401115557708  0.44922184331296777
  0.46082441018920023  0.47101425630686961  0.48230461249586754  0.49327900594463675
  0.50351119086349860  0.51290850374068875  0.52293663593203610  0.53417669310772020
  0.54578869998847424  0.55657896792016193  0.56756732241519581  0.57882533292067939
  0.59028161171105142  0.60189806618626451  0.61333582691475819  0.62419410701862343
  0.63456491639991763  0.64467847997402361  0.65468100090852233  0.66504266010585478
  0.67648873499676021  0.68793852217874230  0.69820431614846301  0.70817979138059040
  0.71860174964757806  0.72933695717814784  0.73995596917832884  0.75153941879497321
  0.76356205964552237  0.77505671936483111  0.78652102086751630  0.79865506912043538
  0.81179563855529935  0.82432705202904122  0.83506659978347975  0.84423547531696141
  0.85383380876484138  0.86409802788958556  0.87414464075801679  0.88354477420469757
  0.89244903646258955  0.90244246554769547  0.91271307413272240  0.92259270150183204
  0.93169720075852558  0.94184697429696940  0.95248508733439297  0.96272589087802884
  0.97236002628660079  0.98180018438145500  0.99091693604049347  1.00000000000000000
   6.0053137708816717E-005  -1.0000000000000000     
 T T T T F F F F F F F F T T T T F F F F F F F F F F F F F F F F
  <DiscreteSampler_grid>
  grouped_processes
  1 # 1 for a reference and 2 for a running grid.
  10 # Attribute 'min_bin_probing_points' of the grid.
  1 # Attribute 'grid_mode' of the grid. 1=='default',2=='initialization'
  0.0000000000000000 # Attribute 'small_contrib_threshold' of the grid.
  0.5000000000000000 # Attribute 'damping_power' of the grid.
 # binID   n_entries weight   weight_sqr   abs_weight
    10   10   4.338128660032406E+007   1.986270922553682E+015   4.338128660032406E+007
  </DiscreteSampler_grid>
