  0.05547932247361859  0.07624968531778389  0.08834687309855521  0.09720275842267422
  0.10558255611943684  0.11401660802898619  0.12098607361062974  0.12665393323480537
  0.13244480527479971  0.13781035916372769  0.14284601343844050  0.14755051488363710
  0.15187774229488976  0.15605222405676292  0.15992339981858708  0.16336267010709943
  0.16636540915693299  0.16911785113543645  0.17181095633870469  0.17448287074494537
  0.17729004799721637  0.17995277613695479  0.18232112847170709  0.18477041555344986
  0.18713003437540715  0.18941996524666035  0.19157847740427270  0.19325479436027984
  0.19490723350653991  0.19649976355091450  0.19799400643338894  0.19936434778363157
  0.20069389238309818  0.20207327789223961  0.20325957003690306  0.20438484729856318
  0.20543991889002028  0.20645705022957936  0.20748444186445347  0.20852449508540505
  0.20956290841534536  0.21058733350164854  0.21155392589380032  0.21235991384107417
  0.21310931794700272  0.21383122548438913  0.21453355805171270  0.21523300312142463
  0.21587391903156242  0.21649475165579060  0.21714727250360763  0.21782436715639769
  0.21850423244183728  0.21918479607796312  0.21983167377559690  0.22053168066228521
  0.22133197086059883  0.22242347655740899  0.25797237780286231  0.25876728637512170
  0.25930357459209030  0.25979337372519024  0.26027824205988725  0.26076584034792716
  0.26126769476236317  0.26179968572226470  0.26233389227712306  0.26290334643358337
  0.26356835795225481  0.26430725185551662  0.26513212597830299  0.26600858249050813
  0.26687908771771895  0.26775408901273368  0.26867532957794016  0.26962597552789064
  0.27057741447260336  0.27152115709784946  0.27246727844693019  0.27347973392765651
  0.27459209807554263  0.27583525250372160  0.27714535839124382  0.27854821154803944
  0.27985936102534581  0.28116690402170347  0.28252925417349967  0.28477018556621353
  0.28939271568283798  0.29592301321805170  0.30502790943079489  0.31797410217213201
  0.34041150565707917  0.39186022489212552  0.59923601245225089  1.00000000000000000
  0.05495189988371688  0.08004435638841698  0.09402078765120252  0.10483427938678525
  0.11383957714855114  0.12111051543784709  0.12751717990522812  0.13365602030384741
  0.13934024509437506  0.14486781972144588  0.15002834180340810  0.15448445476379649
  0.15855440600647230  0.16255620200740165  0.16649746196529452  0.17027724410912670
  0.17370526227199848  0.17651575885376203  0.17910980593549497  0.18145585016460836
  0.18363725358820615  0.18593099729624568  0.18831350124239071  0.19066285824900855
  0.19281184207372012  0.19477328631209792  0.19661714866207353  0.19824838741896672
  0.19966745286837589  0.20099068802599118  0.20231032792760806  0.20356941739710924
  0.20463793297551294  0.20568275901707717  0.20674065915276141  0.20778734335828677
  0.20879528450969689  0.20975977155747144  0.21074095307339683  0.21128863612155210
  0.21190322136712539  0.21249704241594808  0.21306695305911252  0.21362997156197924
  0.21419638580332351  0.21479333223013028  0.21537476063783964  0.21589806334159733
  0.21636800368883655  0.21680799843646220  0.21724460681902624  0.21767335525513384
  0.21808512852945966  0.21851496306771742  0.21895079179953489  0.21937737190779169
  0.21979854539431865  0.22022608152814901  0.22067114937306817  0.22116866278559100
  0.22187630739738315  0.25736723630366720  0.25844131078896143  0.25933214938236460
  0.26013061850793245  0.26085886742428599  0.26166622733672451  0.26250909472148615
  0.26339526257131524  0.26449687183120768  0.26555146149475639  0.26657102463042087
  0.26761158973823834  0.26864336221477664  0.26969786440497917  0.27081721431988448
  0.27194512725255748  0.27308910971272649  0.27442309656760738  0.27664297912044866
  0.27896347697879281  0.28140463554431810  0.28426152684872363  0.28744830262991178
  0.29111565534506079  0.29571528645078243  0.30180776488985500  0.30948297460657781
  0.31938456822074446  0.33146159109986972  0.34595144545199646  0.36451120869545517
  0.39490974736416407  0.45029245520515870  0.55800306860054794  1.00000000000000000
 -0.00301303010441910  0.00835604733033833  0.02260963932617464  0.03562283901221416
  0.04802964625276131  0.06133327284629464  0.07505752410736624  0.08848943815304426
  0.10302507415857678  0.11777918502419157  0.13309285470848140  0.14871586521089092
  0.16349662189768782  0.18186065687990252  0.19393542116726320  0.19875080437582962
  0.20103295137641347  0.20588642287619066  0.21435941962645841  0.22180306791762733
  0.22804843856151533  0.23506777400685203  0.24344542033935779  0.25144827943462839
  0.25813203607079938  0.26444459805983972  0.27035274587728619  0.27549647577678466
  0.28063639682511521  0.28631708243268084  0.29292070260504277  0.30018629438423611
  0.30720407755636547  0.31458707669902009  0.32256130748469186  0.33074784247827166
  0.33850194915569709  0.34501333548200219  0.35094531871323875  0.35740111752976755
  0.36459475222348514  0.37224235562419650  0.37874578019976779  0.38570699558143123
  0.39360853838459431  0.40423279162590608  0.41501856299506068  0.42465520879235491
  0.43387772689953363  0.44481757593877957  0.45488697397143257  0.46285255584105278
  0.47031021965421116  0.47756503699579539  0.48521223376462469  0.49300920912083623
  0.50161283390520650  0.51140216130566363  0.52065816626057193  0.52955992030892807
  0.53907107268548138  0.54899656469022695  0.56033877046633740  0.57369947210285843
  0.58792312818745263  0.60192280403408394  0.61456376280750347  0.62687240696002677
  0.63908116114856706  0.65149547818573128  0.66350550943948217  0.67531050555474992
  0.68794956863854462  0.70187224330888420  0.71612399964021467  0.72762803876942506
  0.73989218066090778  0.75322511359840150  0.76637543115728946  0.78089327120500618
  0.79528153622872166  0.81003906350613009  0.82608174395420242  0.84245661261703664
  0.85745617690140685  0.87108187768850742  0.88385333125364585  0.89607854986221669
  0.90984584587038098  0.92476767881520583  0.93792908624605509  0.94923879982997661
  0.96118713348650664  0.97345029826451401  0.98378000954878941  1.00000000000000000
 -0.00396898681239762  0.01280845042682088  0.02742384126673768  0.04154611283231347
  0.05599104459189069  0.06809927179374023  0.07682680176272824  0.08532797420745593
  0.09380468821827342  0.10278404852786110  0.11199842633240478  0.12081902335151018
  0.12989640183397860  0.13985875943396081  0.15143638905472215  0.16439874798784368
  0.17732437103406345  0.19031486245903997  0.20348877201493221  0.21661039914062524
  0.23071317657713469  0.24450654091972188  0.25812857632546621  0.26907873094773682
  0.28074781710715807  0.29274130579547480  0.30484612467667666  0.31772865466565303
  0.32994750373065246  0.34167692828272966  0.35363748291619113  0.36646281816173498
  0.37987491043707766  0.39269599513332387  0.40494999526787034  0.41622260367776387
  0.42832779697578277  0.43991526650895202  0.45154166323347517  0.46287388168976673
  0.47290211568453488  0.48228172671277519  0.49182333155306673  0.50198078992602158
  0.51090073273550585  0.51961507219768865  0.52922893815530614  0.53930006588619861
  0.55004026560172892  0.56019967909379031  0.56949704904766862  0.57886557354671919
  0.58896259253182404  0.59993720187163124  0.61067650592220424  0.62114030451329416
  0.63241371001003543  0.64414116109770947  0.65545989433127472  0.66610814443992417
  0.67577617122466949  0.68695134676094760  0.69784604551400453  0.71091651778398890
  0.72572714585196885  0.74025584367012753  0.75360100001690156  0.76680125879570338
  0.78037398216856491  0.79282162010142676  0.80311667097406203  0.81235323241135593
  0.82092194288240972  0.82908104109420966  0.83787061217457981  0.84738850904478946
  0.85867010511225661  0.87071476965204520  0.88188035589115432  0.89254196275558750
  0.90418701002637625  0.91609737631341559  0.92672658153710619  0.93583847869744541
  0.94144726887704633  0.94679936963814204  0.95261090599079901  0.95848916884626378
  0.96364438484054893  0.96815132654408587  0.97362903311748572  0.97973402324015590
  0.98481380051938439  0.99001949745193285  0.99524768086781135  1.00000000000000000
 -0.00299858472955106  0.01143038277785042  0.02647310190635224  0.04051862547637750
  0.05471477735055522  0.07199858838047576  0.08859052966105653  0.10295523510537520
  0.11551967002387799  0.12780431611191154  0.14043552072605162  0.15274188363625937
  0.16559623191836767  0.18051902022454114  0.19481338725633168  0.20750876269306856
  0.21951752391545348  0.23115383468022871  0.24278094200940831  0.25416666582040925
  0.26753844451160314  0.27706980618905869  0.28673612669194393  0.29597310061851495
  0.30429901036005969  0.31432127292837814  0.32399517843037051  0.33493618685807958
  0.34657944421545689  0.35834723670485952  0.36983106030149815  0.38118810974192802
  0.39207744595130523  0.40271479108787100  0.41237483205251846  0.42177360468808089
  0.43144504026414487  0.44180795137300433  0.45344132181964242  0.46611915628538503
  0.47855006847310633  0.48800555118053374  0.49691929730980217  0.50511751087398937
  0.51323552361667013  0.52145099597801392  0.52963078683047948  0.53751650005879092
  0.54534495613025402  0.55514455455379708  0.56467695429310738  0.57494930064852690
  0.58533787370987789  0.59618300680122516  0.60700788637756875  0.61686006689775308
  0.62654126175584879  0.63625837321503864  0.64700559875369634  0.65882986838619040
  0.67154042634314570  0.68466153103056948  0.69776309429741423  0.71119793623386496
  0.72557094114191045  0.73948006087612150  0.75298615177697104  0.76567242920752954
  0.77431095907611913  0.77935762707893574  0.78460539719993816  0.78975265232372049
  0.79489582633509903  0.79941319720636905  0.80423639287781756  0.80973608094970251
  0.81532745369875348  0.82089222270155471  0.82685844479084925  0.83134023723331996
  0.83835576862775874  0.84966349174418387  0.86118995604705850  0.87325728786694690
  0.88563967087713213  0.89778258332585237  0.90909578829313942  0.91967555369199516
  0.93081160742808422  0.94227062384272908  0.95416493828121074  0.96335175686913999
  0.97190159520614328  0.98075369272051716  0.99043959344829147  1.00000000000000000
 -0.00053568193523808  0.00345989695033762  0.00777111465272785  0.01289995702459951
  0.01760344344740866  0.02239733330138581  0.02761363130940909  0.03248712344012635
  0.03712894118435377  0.04168013587974021  0.04806558089010098  0.05621490282435498
  0.06325071962365222  0.07076135447137261  0.07876790916824933  0.08909252000588078
  0.10062277950989343  0.11064429782850310  0.11980491465074984  0.12903952576894631
  0.13867775138235702  0.14815840028365623  0.15779931652748150  0.16807371545481414
  0.18081098062386936  0.19525171715876913  0.20833226072066591  0.21887878772863667
  0.22913080343348469  0.24016706295611434  0.25089836399532744  0.26124479015273178
  0.27169066400182301  0.28466293156660138  0.29604526752139892  0.30726150001589059
  0.31819297573239369  0.32697438836252374  0.33716681584093772  0.34733407256892385
  0.35826867042217969  0.36985717879067648  0.38028908327508859  0.38965842643495147
  0.39945012219704307  0.40949478083661628  0.41997819300992134  0.43155788191306704
  0.44282120872865210  0.45574701272091306  0.46835475988907305  0.48144961778592865
  0.49567268157873279  0.50976829999226014  0.52321351235914293  0.53629270996403566
  0.54880450661127300  0.55989860256672230  0.56996728646228234  0.57997450806114226
  0.58907495582184577  0.59804643811837943  0.60911747759161072  0.61999399935287902
  0.63152411975171308  0.64133595230184726  0.65195853320858055  0.66274837664257258
  0.67518506011028756  0.68931143211124091  0.70514360410792631  0.72164234248902071
  0.73787039354808071  0.75340912835429374  0.76842239744842566  0.77851763133104623
  0.78918620060305100  0.79972036345068975  0.80880462701139089  0.81641540588288730
  0.82341047180013216  0.83031613552710981  0.84026860192004627  0.85200281769375763
  0.86448977111480751  0.87565708780388030  0.88867961998068434  0.90187919650723136
  0.91439032458192815  0.92708440890449606  0.93918968830050964  0.95225251449172954
  0.96606536017372879  0.97894285045353102  0.99022292421789437  1.00000000000000000
 -0.00236291743476428  0.00724937630686731  0.01601339896263820  0.02348039859315608
  0.03095627836091625  0.03886355173101010  0.04820035990173650  0.05601758831401477
  0.06213698655599727  0.06813982265640287  0.07407160749521879  0.08049094265838806
  0.08912641436546287  0.10010514146020100  0.11229802907997283  0.12516676472175126
  0.13626895566724040  0.14652486800681622  0.15645096745774364  0.16647201139283113
  0.17644435636653227  0.18588086566739434  0.19454083606785186  0.20251501027186705
  0.20938553378195301  0.21362998532289201  0.21774866678454768  0.22176732213934899
  0.22692275070732426  0.23223926643419507  0.23770504033137388  0.24231070223458906
  0.24583187659801417  0.24931023475980149  0.25315680246530703  0.25796783675539708
  0.26299204468681903  0.26801028395368437  0.27480204744039477  0.28604870870472732
  0.29780175497303740  0.30929180381988280  0.32028642293065035  0.33036063611543853
  0.33967747115391628  0.34888264158467386  0.35847206131884202  0.36776719249258238
  0.37715105683094324  0.38756224553110941  0.39789090280274847  0.40835553628611310
  0.41908178977510269  0.42932265356731547  0.43922389278010282  0.44944096403533446
  0.46006827457920041  0.47140615332309527  0.48445454794566878  0.49776435610932923
  0.51008106335148351  0.52198402420048917  0.53482074173139016  0.54686562373495207
  0.55758285826052278  0.56889920273323658  0.58008443124581144  0.59045021200327807
  0.60251742871243130  0.61508877470588141  0.62807534497242645  0.64084139164388176
  0.65496884324401528  0.66723160886025468  0.67848555180069103  0.68992411245555951
  0.70181850284841996  0.71443870586396030  0.72765751363807019  0.74313422805246709
  0.76124900612907820  0.77862389646262109  0.79480020729235845  0.81050720546917732
  0.82540401065471136  0.84092982469037614  0.85839174914755301  0.87566407022769277
  0.89315371031350677  0.90931407648025775  0.92418208328358609  0.93879475751782526
  0.95154580067193018  0.96559960326008065  0.98288855447631551  1.00000000000000000
 -0.00310581689191984  0.01012637648993129  0.01995975410352682  0.02609505236443099
  0.03138932480044012  0.03668411202775569  0.04248076150505340  0.04845656830917938
  0.05362875435291486  0.05910279307670818  0.06533737888793965  0.07153403926562163
  0.07799586287822649  0.08408230743642514  0.09141095929452460  0.10130011767350408
  0.11089601079764563  0.12073945281815257  0.13202850441208935  0.14529817069733766
  0.16104883871777204  0.17682951338747716  0.18971006572805524  0.20024993578919464
  0.21043276275118383  0.22033430757830455  0.22927061912274055  0.23699115276921662
  0.24479623284159616  0.25349138351717920  0.26215174849341000  0.27138658187814674
  0.28106839994886956  0.29135730567536750  0.30212213093823614  0.31315990778202696
  0.32321215515538632  0.33346720231618732  0.34408748298094277  0.35487480394729709
  0.36656992257394433  0.37945449611625642  0.39571673433593302  0.41105731745783075
  0.42402723658375419  0.43563661558768269  0.44685313122415748  0.45845937126734837
  0.47110894104565365  0.48388059321284799  0.49563827084579304  0.50633734341056480
  0.51575951270095499  0.52622341124159600  0.53787086029817122  0.54957224765246127
  0.56102270540837329  0.57006336185561401  0.57887907974859720  0.58836950679000100
  0.59791632817580320  0.60761973263184410  0.61700431372712339  0.62660147120644005
  0.63909196187001005  0.65355409910944751  0.66784629908897264  0.68280528031790066
  0.69804245219825156  0.71373763778531207  0.72777995939192053  0.74133403534957942
  0.75487507742345139  0.76772824053534594  0.77873469038818910  0.79086318339878570
  0.80358895720762902  0.81566661342048363  0.82634414347884921  0.83761698899353687
  0.84864426091405576  0.86031784398013511  0.87056046244574958  0.88098399014129014
  0.89257887485956688  0.90166933709605035  0.91235846844028967  0.92277609906677760
  0.93347829174639352  0.94246274744681835  0.95064244614127147  0.95947158210967143
  0.96930333285118619  0.97971703208791161  0.99009600672256515  1.00000000000000000
   1.7446741168873429E-008  -1.0000000000000000     
 T T T T T T T T T T T T T T T T T T T T T T T T T T T T T T T T T T T T F F F F F F F F F F F F F F F F F F F F F F F F F F F F F F F F F F F F F F F F F F F F F F F F F F F F F F F F F F F F F F F F F F F F F F F F T T T T T T T T T T T T T T T T T T T T T T T T T T T T T T T T T T T T F F F F F F F F F F F F F F F F F F F F F F F F F F F F F F F F F F F F F F F F F F F F F F F F F F F F F F F F F F F F F F F F F F F F F F F F F F F F F F F F F F F F F F F F F F F F F F F F F F F F F F F F F F F F F F F F F F F F F F F F F F F F F F F F F F F F F F F F F F F F F F F F
  <DiscreteSampler_grid>
  grouped_processes
  1 # 1 for a reference and 2 for a running grid.
  10 # Attribute 'min_bin_probing_points' of the grid.
  1 # Attribute 'grid_mode' of the grid. 1=='default',2=='initialization'
  0.0000000000000000 # Attribute 'small_contrib_threshold' of the grid.
  0.5000000000000000 # Attribute 'damping_power' of the grid.
 # binID   n_entries weight   weight_sqr   abs_weight
    10   10   1.202010827372419E-001   5.833714570866387E-002   1.202010827372419E-001
  </DiscreteSampler_grid>
