 -0.00442884176774109  0.00665342370943890  0.01899481114985224  0.03330228193703064
  0.04790670537163091  0.06209898876338411  0.07434520600658028  0.08603036047284786
  0.09749229144013599  0.10908729647422924  0.12053851376896529  0.13243374244742012
  0.14522920236251724  0.15851621664538876  0.17189496838372542  0.18528644700203875
  0.19865948334093522  0.21196620792262524  0.22509033575990903  0.23822715247389317
  0.25137913959748903  0.26457675449756135  0.27812255326601243  0.29184223454640840
  0.30548916360688294  0.31907284158703958  0.33259368942722789  0.34588822972905081
  0.35922898557331601  0.37260595292291471  0.38599136959005076  0.39949155400688341
  0.41310033526845374  0.42683115084771139  0.44055722667931496  0.45427594974002505
  0.46804919257694694  0.48180429106350392  0.49552449311091967  0.50925190927100306
  0.52297282168576587  0.53667847712277617  0.55045174222946247  0.56424794629388453
  0.57806017819524480  0.59187693506759831  0.60559326818817782  0.61897220534143338
  0.63243081483467900  0.64593079461287450  0.65946627096636612  0.67293065953573872
  0.68634667003111027  0.69968528309979039  0.71300527271251957  0.72632315990607010
  0.73968367258817525  0.75310429667558942  0.76656638395911048  0.78006939476698267
  0.79363735866322704  0.80727891309673727  0.82122486229590475  0.83513331557880532
  0.84900844250995100  0.86280129083356794  0.87675343032106989  0.89083331171753732
  0.90489687454698797  0.91898387129740400  0.93309720779237770  0.94745789611396758
  0.96210245299546338  0.97715508847439625  0.98949188697979362  0.99367822978190312
  0.99370602922624074  0.99379495991059219  0.99414306935433527  0.99448614251333034
  0.99482935651839011  0.99517282426899711  0.99551922584551777  0.99586667043689781
  0.99621258010544689  0.99655556304654025  0.99689884514965954  0.99724601500046273
  0.99759040597743276  0.99793372476780340  0.99827831468667161  0.99862392511661180
  0.99897033669238189  0.99931583287382142  0.99965844198457054  1.00000000000000000
 -0.00481787695994031  0.01412533710505320  0.02836399760514728  0.03950481782470184
  0.04987835358088500  0.06055917259130833  0.07051714255368888  0.07997018952377109
  0.08974422062761556  0.10001942406362262  0.11038516815947949  0.12417726727724632
  0.13997683350860737  0.15264754113852214  0.16180508825409712  0.17114203780048057
  0.18043715171441224  0.18992953079442490  0.19883562379272876  0.20901804419847136
  0.22310696336350300  0.23755836218533044  0.24725141582297214  0.25849016040679940
  0.26985024600091240  0.28082171389148103  0.29144044695396909  0.30165810207830407
  0.31203102645146602  0.32295509844369469  0.33371330110221814  0.34348719260044663
  0.35232942813748652  0.36797962011974394  0.38543013848980634  0.40334690406237006
  0.41729407617301623  0.42552662913229999  0.43394749852313158  0.44271652150842183
  0.45129030566863038  0.45955974777449982  0.46788335688791860  0.47661904720905651
  0.48735381204723022  0.49952238256941722  0.51120657890428334  0.52253486938780846
  0.53362460568963588  0.54404664046239415  0.55345085584873743  0.56302577209970950
  0.57230057649734722  0.58183711559861040  0.59134582114962420  0.60032611306713179
  0.60933936050125181  0.61871521708929456  0.62904185882995345  0.64004149586362868
  0.65078964029536190  0.66080542249705987  0.67059809501903078  0.68048963601187618
  0.69099476341312904  0.70182812244863935  0.71257260635309450  0.72338901831861058
  0.73414346952118570  0.74468990290072612  0.75514048826852431  0.76567022442729549
  0.77655759538160907  0.78770952718596676  0.79862278503656414  0.80925035395406808
  0.81985769774510286  0.83040523170998060  0.83992884623089126  0.84838708150452091
  0.85709138757589443  0.86620419572884988  0.87547760314035361  0.88513832108658286
  0.89483051723385887  0.90492416693114019  0.91502817016559779  0.92472156467328614
  0.93430177272092019  0.94368542480678774  0.95298707651669756  0.96247722265119917
  0.97186145191885420  0.98140493873129120  0.99073514504142524  1.00000000000000000
   1.7814324761447646E-006  -1.0000000000000000     
 T T T T F F F F F F F F T T T T F F F F F F F F F F F F F F F F
  <DiscreteSampler_grid>
  grouped_processes
  1 # 1 for a reference and 2 for a running grid.
  10 # Attribute 'min_bin_probing_points' of the grid.
  1 # Attribute 'grid_mode' of the grid. 1=='default',2=='initialization'
  0.0000000000000000 # Attribute 'small_contrib_threshold' of the grid.
  0.5000000000000000 # Attribute 'damping_power' of the grid.
 # binID   n_entries weight   weight_sqr   abs_weight
    10   10   2.008669081835071E+007   4.034751692470358E+014   2.008669081835071E+007
  </DiscreteSampler_grid>
