  0.00718558384165488  0.01569896771499070  0.02645319751932487  0.03712034496291908
  0.04831899276705122  0.05884745914257010  0.06930086563283309  0.07962858033767761
  0.08997121000162059  0.10102147222075535  0.11085370142541134  0.12118463010799053
  0.13196515165980668  0.14327484407424390  0.15522020822770516  0.16689102424096705
  0.17865136282508365  0.19008234952757427  0.20107604443327487  0.21157247401218018
  0.22128943352331074  0.23100269697925344  0.24084820611734550  0.25080955892979084
  0.26051706065765734  0.27049419005919617  0.28093002691067598  0.29110823583939049
  0.30082490635429016  0.31049522535045654  0.32102783542062696  0.33182068950397575
  0.34206281741299582  0.35176915421049870  0.36105708612760273  0.37038716654696202
  0.38040260971883211  0.39043298590683179  0.40035894490330931  0.41035259280054748
  0.42103056160210373  0.43239660327496537  0.44413114801027426  0.45589085962762743
  0.46774058824793752  0.47977620156663875  0.49181380261960372  0.50360992628392320
  0.51457401398769265  0.52511128538350915  0.53520894782385631  0.54515869945785267
  0.55518764025015022  0.56520256416630943  0.57530150048639661  0.58567425657079941
  0.59626555456108021  0.60663357912635352  0.61656701077554299  0.62641137303847794
  0.63642893953499124  0.64682798219317539  0.65758707818508133  0.66853232784956196
  0.67940996621614547  0.69051053862347878  0.70195955566973545  0.71251234057702761
  0.72223283840746599  0.73195441685130502  0.74144602375264912  0.75107347525294477
  0.76032401037617137  0.76964156509038895  0.77936802054991472  0.78913318459415505
  0.79964301442171482  0.81087912880717028  0.82294633015555596  0.83456369074314329
  0.84640855639936086  0.85765136073177295  0.86842564611364803  0.87806987492025412
  0.88721127747406658  0.89658427567914378  0.90614786536161018  0.91582343988647763
  0.92562893019513248  0.93486793289307357  0.94403419547124789  0.95322589696557480
  0.96259749288645069  0.97231361447287101  0.98212716976445502  1.00000000000000000
  0.00719999159430826  0.01590988780558296  0.02637349729793352  0.03805717732829796
  0.04937201433146561  0.06022067749779222  0.07079236243585019  0.08098079681468431
  0.09088171520158461  0.10065768844604545  0.11104133495235256  0.12182807385317501
  0.13297874265283177  0.14334685136615566  0.15331840029288135  0.16310008966356154
  0.17365279430798836  0.18447424990179895  0.19469147925931396  0.20479580613867432
  0.21532612268502102  0.22630457917347838  0.23698571563244511  0.24724209337325198
  0.25743752393474173  0.26777737454544542  0.27859619924909090  0.28934201778087082
  0.29967151790588847  0.30975533812098516  0.31988033215119727  0.32987098976384199
  0.33993091439466200  0.34990401983943969  0.36035822481093654  0.37057997355541311
  0.38075958816968880  0.39146999613429745  0.40315817837063800  0.41503026198020060
  0.42631958480512822  0.43700202757910145  0.44743482265457141  0.45790743216501095
  0.46829090740771834  0.47860178840611201  0.48887293050296210  0.49904571772354672
  0.50902546781656999  0.51872780321567824  0.52830509473154852  0.53776767663250824
  0.54727937223794876  0.55677952574843814  0.56712399065792107  0.57784186501074541
  0.58886471652896666  0.60013278505401801  0.61156725245248877  0.62278680791462471
  0.63347300616062152  0.64394929031914450  0.65475867072522331  0.66572772939689218
  0.67663384168700536  0.68803939581466445  0.69978268679786892  0.71079680621951524
  0.72091108186816044  0.73084867796305941  0.74106700593903363  0.75121082235545522
  0.76110048291749233  0.77073820895915379  0.78036296199337019  0.79006304969965657
  0.79956445184667324  0.80875037039390196  0.81768622563853399  0.82640387627421252
  0.83538339710911647  0.84499942922588422  0.85502361027537643  0.86536069780899127
  0.87614455304295213  0.88788273710284726  0.89942639643198863  0.91062928701358847
  0.92146073243215598  0.93210236635985966  0.94193501153348436  0.95185483864444242
  0.96199480529210080  0.97243879494052110  0.98239054083503741  1.00000000000000000
 -0.00929096187551381 -0.00336914032667737  0.00765436407928882  0.03522067964762941
  0.06329026687058265  0.09192010868129456  0.11779616433312351  0.14262928877011349
  0.16577843490293565  0.18888602777453320  0.21195783088379083  0.23617134318913888
  0.26094874958131647  0.28682486253030942  0.31254397199177558  0.33817675336359626
  0.36316175757560032  0.38802933396001987  0.41265358786802320  0.43701277066168498
  0.46118336115368452  0.48680549293717074  0.51271366645251826  0.53910907099975625
  0.56415908098315626  0.58653916705597886  0.60362256397641090  0.61765998179841120
  0.62696531658403398  0.62827200061331601  0.63174788281653271  0.63738218388168799
  0.64274117958805232  0.64811737701792771  0.65348805479307637  0.65887182567937730
  0.66428551642211942  0.66969959599251716  0.67513127813909879  0.68058224957812996
  0.68601653153218811  0.69147020555486871  0.69699093879678620  0.70250323860003827
  0.70795091947040778  0.71337687095412194  0.71881925460364071  0.72427018362066642
  0.72976740993636768  0.73531071099651413  0.74083963962471255  0.74634071996183160
  0.75189833035098141  0.75745324543002701  0.76303613605619069  0.76864968737922845
  0.77428885867148822  0.77993447960730289  0.78555140825818870  0.79113814431170548
  0.79673271992481820  0.80240748348496982  0.80815956643203790  0.81392810875442800
  0.81964955452060340  0.82534887574994420  0.83105172484922485  0.83676547410861890
  0.84243379587883482  0.84809021112458383  0.85379031985601817  0.85955789109401326
  0.86531454151045262  0.87106269257059754  0.87684851746429893  0.88261344576561584
  0.88833273385140299  0.89408450332701772  0.89988748932589424  0.90572432732103292
  0.91159260951004228  0.91746922807187004  0.92331331573901954  0.92915345608117961
  0.93502377659157887  0.94087949829078044  0.94672261231395105  0.95257686590840618
  0.95846442486135874  0.96435539122531833  0.97026068992180192  0.97617496920209623
  0.98211356881539780  0.98808457227398727  0.99405098569213812  1.00000000000000000
 -0.00284232173160154  0.00977082939745815  0.02102375189851585  0.03186725056742680
  0.04271366104582827  0.05344895638652088  0.06385080405619314  0.07396750677816664
  0.08408252404402869  0.09460491397996000  0.10551473216894326  0.11654672758705097
  0.12754528462814890  0.13840630550010921  0.14870074028298663  0.15856831974457908
  0.16857398602298465  0.17851982187500190  0.18853523588290907  0.19854247537739503
  0.20844811574361272  0.21863421185009943  0.22955398925973564  0.24145389473220713
  0.25364512671298739  0.26433153316560010  0.27521003674605304  0.28625507228580893
  0.29714024576122466  0.30800281906910493  0.31958125658366388  0.33164416289685328
  0.34299502793367675  0.35441704743151986  0.36609481238013653  0.37843984861513752
  0.39079237452588900  0.40246576850455418  0.41338926020510008  0.42366626548589975
  0.43356163620823107  0.44271061498980191  0.45121497350302459  0.45983498754393237
  0.46876686254378053  0.47779975424802013  0.48726391134827246  0.49701809735608066
  0.50733722076496302  0.51767563520948723  0.52731158510621701  0.53665495439802646
  0.54617734719568123  0.55594381500536938  0.56572506274518375  0.57563496226016964
  0.58610175816852372  0.59776497161144493  0.60965194449699311  0.62136156159629019
  0.63254479902917848  0.64364338289883194  0.65493782571502146  0.66586318039159709
  0.67600327615027811  0.68576284214412209  0.69630868759606301  0.70702647430961496
  0.71761000606363545  0.72788775327923683  0.73747926581910128  0.74684220015412073
  0.75605392669219063  0.76532023280803219  0.77491238884727565  0.78452288074161525
  0.79508223543606227  0.80709254620588389  0.81946761332299534  0.83150505655002493
  0.84314511646023405  0.85441110549918697  0.86532878709437044  0.87650641306881660
  0.88788624499595004  0.89879988237072939  0.90892320269140203  0.91902006011314308
  0.92938861640042947  0.93993217800094875  0.95070856354210875  0.96114011648128139
  0.97137507782413768  0.98131861384962937  0.99087593702064891  1.00000000000000000
 -0.00201708696907039  0.00772003576596863  0.01596252058133740  0.02478631725260822
  0.03410790492915122  0.04352068578162804  0.05222240718711338  0.06078926186549535
  0.06921104746194474  0.07778189933245105  0.08626395354442543  0.09458991638854150
  0.10276674482462733  0.11167947735628340  0.12076495901503688  0.13064229026962140
  0.14108968258402810  0.15217165246961903  0.16349427445782458  0.17360319890433798
  0.18307381151928570  0.19259563544763139  0.20219775381422947  0.21220706602907738
  0.22220274762344075  0.23266121576034240  0.24328586360499843  0.25406477113884884
  0.26511237924419268  0.27763637353292353  0.29074028568923732  0.30298474211617749
  0.31451518997236227  0.32587317590549475  0.33667621317189100  0.34720205302394219
  0.35775792135172241  0.36835029408558634  0.37862251971364630  0.38819252476460531
  0.39782682925282908  0.40791675121012655  0.41815758382745005  0.42802009043418537
  0.43797483195698511  0.44867730077421286  0.46002086348517435  0.47191924410981362
  0.48409706461488344  0.49604915090179957  0.50766888015462952  0.51909346329233674
  0.53036812324438198  0.54146858272085763  0.55220155462379961  0.56288120325288771
  0.57332400058366040  0.58396869088745718  0.59456339332232722  0.60481875001052254
  0.61506285596366539  0.62532885742864486  0.63528978041448447  0.64516534958121785
  0.65503946942285796  0.66519619085209658  0.67542017944178490  0.68525000293389116
  0.69489621443863248  0.70474861676780465  0.71550911088553870  0.72707483823592756
  0.73815513741179406  0.74856582264035609  0.75903307021314148  0.76981229422384023
  0.78032414163031871  0.79061252636867529  0.80112673703601811  0.81195570086508306
  0.82292151247449608  0.83388487092731245  0.84450666529716789  0.85540121246844569
  0.86683047334584451  0.87863609847674518  0.89064323124696798  0.90313743427408155
  0.91636348279606916  0.92983388423089386  0.94223577402432612  0.95397652183487103
  0.96538618778644314  0.97711022470686548  0.98856261180179172  1.00000000000000000
 -0.00285518828281666  0.01038444027029319  0.02148983331287824  0.03222221735271457
  0.04337924169247848  0.05495768302192506  0.06635254999443266  0.07723233185909321
  0.08753373981839374  0.09738792677284509  0.10705150592414835  0.11670623228401437
  0.12626887354372712  0.13598301841011456  0.14577085696458172  0.15631745489083110
  0.16659333383396574  0.17631216840252908  0.18626495015322406  0.19687061045085610
  0.20739034051601773  0.21708157398818356  0.22644414813452701  0.23707699980621763
  0.24865751051153107  0.26007898675553021  0.27113042493152945  0.28273399904298624
  0.29395771596020187  0.30502670875777427  0.31578529213966378  0.32575701983951022
  0.33536485443667657  0.34487743596453635  0.35431116094650200  0.36440465355983204
  0.37475140612697183  0.38549087550573569  0.39578106710026917  0.40583567353979089
  0.41652161552770561  0.42728982045569397  0.43783331819301935  0.44911443408040047
  0.46059583600273940  0.47232410517812151  0.48420667914105447  0.49659558970063361
  0.50925148352750504  0.52134856560335452  0.53188557826864946  0.54169468633176088
  0.55122343276756480  0.56067362772552964  0.57029151913325038  0.57981218920016953
  0.58950473894425270  0.59947838557932831  0.60988382059403090  0.62090257944147154
  0.63232409302939341  0.64361645766682130  0.65465252203479596  0.66560139745333358
  0.67625614905227782  0.68727188124445471  0.69805095377169346  0.70859098871196746
  0.71921127247463534  0.73010211190611685  0.74120567034144269  0.75195316062417794
  0.76245327279244524  0.77275824356511180  0.78292956843200423  0.79315224253121364
  0.80374534278890908  0.81368045576308068  0.82275135922828635  0.83179881914326848
  0.84171121465695453  0.85197455724861804  0.86204495509125478  0.87147949153339133
  0.88194459807306391  0.89268232341357268  0.90328861530511173  0.91443158802665780
  0.92696826580118441  0.93923907332529233  0.95037981440621555  0.96084736111376834
  0.97093532714428143  0.98097295704799525  0.99040912289902128  1.00000000000000000
 -0.00294355682682443  0.01246490844408512  0.02557748265525502  0.03969071552876118
  0.05404167704770525  0.06875609601115967  0.08372217850750993  0.09748952628823693
  0.11132908823203982  0.12540141407558647  0.13932464657951849  0.15340256011416353
  0.16786292608371567  0.18221845258093519  0.19618367414090609  0.20983730346076346
  0.22337651246083989  0.23635721847856311  0.24887669576223553  0.26148836128757763
  0.27401919294604321  0.28623958097826213  0.29886173944447020  0.31147107186904044
  0.32305623303614794  0.33427139291550301  0.34578281510432246  0.35734218707577037
  0.36851017211794918  0.37930522355117535  0.38999187861014561  0.40035497593543545
  0.41049671410237720  0.42077196197359645  0.43083822611413430  0.44116144639944577
  0.45169792619756216  0.46199116170186522  0.47166730631849973  0.48130745005282050
  0.49157389997625567  0.50204129860258251  0.51227415592778125  0.52251362747396068
  0.53315852281507259  0.54392301266726806  0.55445378981323568  0.56484924595158281
  0.57488720412699812  0.58480136496938839  0.59493763906865227  0.60517536887464474
  0.61536485725726775  0.62565231893840267  0.63619398233949576  0.64699693761599764
  0.65787253959404746  0.66828709180451140  0.67827902725681688  0.68805257374973361
  0.69750117452941018  0.70668859024226671  0.71571832055870022  0.72450132659877409
  0.73344427563696735  0.74244446489982019  0.75149825068429321  0.76052686130927616
  0.76975757086683128  0.77935020823914258  0.78878247923897060  0.79871266336481128
  0.80865403296997140  0.81785619257362507  0.82661550990344412  0.83550019603954018
  0.84467836187249878  0.85372245240174049  0.86218111245775564  0.87015755938530470
  0.87825348136743620  0.88717668644395420  0.89657265960236487  0.90561530887671426
  0.91459508414704449  0.92287325446458424  0.93116473298344682  0.93919915422235289
  0.94685428471535760  0.95439864141144115  0.96184135827539963  0.96956841166145313
  0.97748041607832981  0.98533542617084169  0.99270373502495279  1.00000000000000000
 -0.00217097274143266  0.00842244847960563  0.01744268332925929  0.02690871057407463
  0.03682806719439179  0.04765480394878026  0.06004226965799202  0.07156380338770170
  0.08303621915502320  0.09377817562713277  0.10412934029781556  0.11415327195975315
  0.12425441600405997  0.13437533558415771  0.14446713478623979  0.15488516546939318
  0.16554651218151156  0.17573954748181952  0.18562314927588250  0.19550539993046326
  0.20558682790146135  0.21589812561316241  0.22647704016832734  0.23681721286226631
  0.24736482223839470  0.25760084491194390  0.26795680461364546  0.27828061637660784
  0.28868028826658798  0.29979748892154584  0.31112833516537197  0.32196858889504087
  0.33283862183841428  0.34330856238838636  0.35358728413109386  0.36314976391674375
  0.37261665252988191  0.38207880329796789  0.39182992096453861  0.40188305161235849
  0.41217002062366631  0.42238577164857022  0.43257958696389182  0.44281027125013056
  0.45306845038786819  0.46340714255641918  0.47380691359818972  0.48474674670075035
  0.49667748925359229  0.50908587758710300  0.52214890496437671  0.53497915780610039
  0.54723367447296067  0.55950035889602900  0.57119803879794351  0.58315472491167142
  0.59389019971780665  0.60448902258742732  0.61487198313578184  0.62541075328423545
  0.63593206897568877  0.64649898025456909  0.65782555466670600  0.66920190750319386
  0.68038021971698370  0.69160339803298010  0.70275861821955565  0.71401895184066855
  0.72558717264149164  0.73690037086618942  0.74821409808304307  0.75939395154481681
  0.77046189214010086  0.78092642106664767  0.79099412881220055  0.80103961777129684
  0.81120049457569410  0.82118998323332637  0.83106934649937347  0.84050533577346953
  0.84975451606347019  0.85950166772421666  0.86976939374027895  0.88011550779423775
  0.89004234393113069  0.89965600023650716  0.90944527821500898  0.91939865152169542
  0.92932331469547624  0.93940893988000262  0.94929817054111865  0.95976639127576668
  0.97042309974227225  0.98072608850471077  0.99048903744453376  1.00000000000000000
   1.5555323999759559E-006  -1.0000000000000000     
 T T T T T T T T T T T T T T T T T T T T T T T T T T T T T T T T T T T T F F F F F F F F F F F F F F F F F F F F F F F F F F F F F F F F F F F F F F F F F F F F F F F F F F F F F F F F F F F F F F F F F F F F F F F F T T T T T T T T T T T T T T T T T T T T T T T T T T T T T T T T T T T T F F F F F F F F F F F F F F F F F F F F F F F F F F F F F F F F F F F F F F F F F F F F F F F F F F F F F F F F F F F F F F F F F F F F F F F F F F F F F F F F F F F F F F F F F F F F F F F F F F F F F F F F F F F F F F F F F F F F F F F F F F F F F F F F F F F F F F F F F F F F F F F F
  <DiscreteSampler_grid>
  grouped_processes
  1 # 1 for a reference and 2 for a running grid.
  10 # Attribute 'min_bin_probing_points' of the grid.
  1 # Attribute 'grid_mode' of the grid. 1=='default',2=='initialization'
  0.0000000000000000 # Attribute 'small_contrib_threshold' of the grid.
  0.5000000000000000 # Attribute 'damping_power' of the grid.
 # binID   n_entries weight   weight_sqr   abs_weight
    10   10   3.028270647516416E+005   2.290670123048244E+011   3.028270647516416E+005
  </DiscreteSampler_grid>
