 -0.00162333753089068  0.01136821779760649  0.02226059341274789  0.03248718340877010
  0.04256594518101237  0.05239161342862844  0.06221220344816208  0.07239670670281377
  0.08292781075602700  0.09370900123583324  0.10465778767449591  0.11567129866364156
  0.12665133683175722  0.13746160374698935  0.14834882835254587  0.15921745131188889
  0.16997487373245612  0.18076572567572965  0.19186622040732726  0.20316924445675166
  0.21445377091371021  0.22561727313905688  0.23648777825686487  0.24709914064789495
  0.25765766889457542  0.26817797791775039  0.27895022259943086  0.28955238646073977
  0.30001955478111014  0.31005165179843702  0.32012931917416942  0.33044801139099872
  0.34129580145157778  0.35188312851555054  0.36267686866103244  0.37347562417039304
  0.38394298817878492  0.39439077943628814  0.40442772150128203  0.41458930638841790
  0.42431525323366043  0.43421092385494475  0.44443329631438416  0.45479960742892223
  0.46533856314662431  0.47606321954231129  0.48682170759944443  0.49733361669035248
  0.50764735271509975  0.51829773448387551  0.52913708147453931  0.54002824393514071
  0.55054908683172876  0.56088780941084593  0.57092670330626250  0.58101414344161451
  0.59113973475624115  0.60140577638231174  0.61174762365722946  0.62223725099439064
  0.63275178016330846  0.64312773173283577  0.65369091557077630  0.66405624817606090
  0.67455638715935151  0.68477149016683581  0.69525766174108206  0.70592022374548646
  0.71648320969736001  0.72684281713723609  0.73708540470523209  0.74729529897015479
  0.75753244578444312  0.76783994859767246  0.77814755384709855  0.78894138490370647
  0.79928688700971651  0.80957313863410385  0.81977912444590340  0.83013484087022582
  0.84042074778622045  0.85080615029121098  0.86146398239442623  0.87210355817063967
  0.88234512148774158  0.89225983434498002  0.90254451016585202  0.91290851472130674
  0.92319998577952977  0.93324566557529642  0.94372251145421926  0.95432727839732856
  0.96484965443806903  0.97509204446524400  0.98692013074766749  1.00000000000000000
 -0.00185113390956935  0.01295066277657392  0.02513143671899264  0.03669632747607932
  0.04793020903487578  0.05914309410312249  0.06985900326039866  0.08006317421538056
  0.09003449517713781  0.10006961764977648  0.11039064577561591  0.12094682713298049
  0.13160532421923984  0.14233887382707050  0.15280441971520156  0.16296267339676010
  0.17281306660059781  0.18251534363688865  0.19230101319485163  0.20236181885614282
  0.21264511500746189  0.22331361146852327  0.23419723886357260  0.24525220167719466
  0.25640856420892594  0.26768190517822471  0.27887782661440191  0.28983669421139757
  0.30065823751291815  0.31162817938367893  0.32289982384958082  0.33382839632888278
  0.34436392096036250  0.35471721775368215  0.36504153107073861  0.37543672760711910
  0.38588979145892099  0.39642847222921263  0.40668719172442841  0.41681135512950612
  0.42702325723799989  0.43773204800482579  0.44846215151419977  0.45911130784887583
  0.46970434399007416  0.48013174931199154  0.49028180051764259  0.50072308412730382
  0.51132503166274290  0.52170986366990391  0.53191922125786084  0.54220483905107164
  0.55318629452249468  0.56385203445228982  0.57450293710278422  0.58480290146298108
  0.59546532183263479  0.60584700327419316  0.61633475268523696  0.62681850280318863
  0.63716554485127730  0.64748150278588512  0.65745965391299410  0.66694873968277046
  0.67684478880717280  0.68661548557492247  0.69668514442959839  0.70651806413263274
  0.71630940754399230  0.72627193407914747  0.73645636316246443  0.74652981167395049
  0.75657385760552143  0.76694520100912023  0.77765895201224522  0.78836037838633310
  0.79882629296640806  0.80918234101777653  0.81973905556067272  0.83000187779822066
  0.84067341502766746  0.85135363913717055  0.86241716120607270  0.87344897561953783
  0.88374564432776570  0.89383602498633419  0.90387953574769098  0.91430458528753977
  0.92481428077302952  0.93535861705878276  0.94602607692006280  0.95654268145376531
  0.96687758888955300  0.97692764299595691  0.98811951241812235  1.00000000000000000
 -0.00689418281889906  0.00818763721438852  0.02600962541070016  0.04808299497840206
  0.06942712950552000  0.09042095005079653  0.11083181493011349  0.13064481118085319
  0.14942160553510039  0.16543633543050243  0.17454115382549523  0.17882327598653863
  0.18573789943825983  0.19265821858665599  0.19948026719498949  0.20621074134424172
  0.21289095847919035  0.21964871046799633  0.22652191639650540  0.23347347274065641
  0.24045825635838169  0.24748815061495516  0.25462156258111052  0.26192178993202125
  0.26933515516554557  0.27676936027831772  0.28426369134283669  0.29188691610511530
  0.29963866558468061  0.30744722712074712  0.31525369537346060  0.32310687665152171
  0.33105195699371198  0.33912737583267766  0.34731847514075570  0.35557704131773260
  0.36385280832064615  0.37218034856199617  0.38058532849882698  0.38911395422382433
  0.39768347222263462  0.40634324057422366  0.41508980171991411  0.42393201168459338
  0.43282516291976575  0.44179204844187381  0.45087147893177082  0.46008062265241439
  0.46940749536604642  0.47881714094095412  0.48827516887981215  0.49782543239505639
  0.50748889724185120  0.51723287440065435  0.52703294302533821  0.53689940788705981
  0.54689812015367123  0.55693994447597406  0.56699606863647078  0.57704212571534896
  0.58717219629110895  0.59746890755743676  0.60794770350452121  0.61854564065761608
  0.62922585271584675  0.63998288015879756  0.65075324456672012  0.66152128669494803
  0.67228787024602499  0.68310334298040409  0.69405789661641015  0.70513682127261001
  0.71633227616877504  0.72762318906220036  0.73903782003160945  0.75060461984618976
  0.76228187595803931  0.77400992075931307  0.78566429797976800  0.79732801401266551
  0.80914561763769655  0.82123781769420956  0.83352492340997053  0.84579988980473730
  0.85804695617064541  0.87038802979308716  0.88291549215504606  0.89565660010186587
  0.90852983274444188  0.92145392642879442  0.93441593540698731  0.94738778189223971
  0.96034321035235426  0.97339394996761164  0.98662184328454516  1.00000000000000000
 -0.00233491670952128  0.00982439574543019  0.01992761096734735  0.03013581006573297
  0.04032902865640864  0.05096075298632884  0.06183757823178967  0.07275035603327666
  0.08368526267654197  0.09482135191961698  0.10534605065226679  0.11561203140495112
  0.12577090174447086  0.13631206877714264  0.14704656650137010  0.15779277086512536
  0.16851929378451855  0.17896488909881889  0.18946630173970225  0.20018838848921933
  0.21100803507712762  0.22148075008838178  0.23187530359566558  0.24209941162180887
  0.25209330859917817  0.26170405876334346  0.27125088148642645  0.28132446137681677
  0.29150732843241661  0.30178058243127565  0.31214667176031574  0.32268173161100638
  0.33343238703896011  0.34435399996089588  0.35537343235622204  0.36634188675524526
  0.37680318862652595  0.38671424569024460  0.39670765858203655  0.40674154480424418
  0.41667233876799126  0.42648577795119530  0.43612385081639993  0.44623987423134115
  0.45672138443425303  0.46721813902989540  0.47737394846345982  0.48740609310633221
  0.49746621414613673  0.50759147691306372  0.51775341480389392  0.52811152666068617
  0.53857735359974945  0.54912551565156742  0.55990893943340470  0.57112898281111801
  0.58223759548557907  0.59319146061131456  0.60405348829036287  0.61466782725331326
  0.62479651162039163  0.63467612900135939  0.64459709056147552  0.65475087517326391
  0.66518386365270221  0.67593397829972390  0.68679732159425344  0.69735912359624586
  0.70781237341646752  0.71851088889401782  0.72929809103124665  0.74011724672117596
  0.75093145210968659  0.76195844275445268  0.77277647258963578  0.78335717715763997
  0.79384973393885827  0.80455496966283857  0.81504134451864052  0.82579718942678781
  0.83692485979758358  0.84861159868884262  0.86006844333007015  0.87123538174332738
  0.88215724686830221  0.89312653366144856  0.90423812288920968  0.91569543282785204
  0.92661609570353698  0.93721591106945112  0.94753997669377010  0.95777806754968664
  0.96796668964177301  0.97829336388437360  0.98904380914117218  1.00000000000000000
 -0.00263922265093522  0.01040231693783488  0.02144846600287902  0.03283620227430272
  0.04432702618163982  0.05544011047729171  0.06721946109615551  0.07931872559966952
  0.09141273584588622  0.10318409800169327  0.11462751133092966  0.12601137528242451
  0.13755476072613504  0.14935731528414842  0.16126510601416574  0.17307711187107711
  0.18474156636659902  0.19625992433628098  0.20766616969188545  0.21890310199767449
  0.23007145008092680  0.24137438949285356  0.25282283284878682  0.26438087564324159
  0.27573788421439061  0.28672630353307238  0.29767107055304654  0.30883895294826291
  0.32018616482500067  0.33149779171792026  0.34262588411292988  0.35369962155562862
  0.36455154318717398  0.37531195302708026  0.38604285439253472  0.39659000388845056
  0.40695417567035358  0.41732241522655955  0.42788903773386611  0.43860342810020481
  0.44924101607388245  0.46001051285811118  0.47070673611423491  0.48126005827529467
  0.49159054483758663  0.50195088741636651  0.51248670769059967  0.52309564238314132
  0.53377534567208762  0.54430676354020036  0.55471796164546694  0.56513231250107210
  0.57566924077335113  0.58618286996770552  0.59640783058894808  0.60657121167058869
  0.61682827221777570  0.62706948434513776  0.63699596864766173  0.64653182204010839
  0.65607179195281451  0.66570035159985264  0.67543345505605434  0.68532941804365977
  0.69539688325863436  0.70580362350233461  0.71609965925627705  0.72633698162550420
  0.73665693282426470  0.74678528226949004  0.75701128085721947  0.76714750532895049
  0.77757187791184124  0.78810545027533918  0.79847911336839916  0.80850650651376887
  0.81830311178776804  0.82790141871239065  0.83764424577334551  0.84722452563971185
  0.85655524091071400  0.86569101854768471  0.87489213180649783  0.88429101915270258
  0.89385017171261250  0.90336344714655370  0.91279475263430909  0.92254034363965931
  0.93236677298421544  0.94229259084312911  0.95199058558260263  0.96148278470646409
  0.97091900687499000  0.98078189083643852  0.99040509739109750  1.00000000000000000
 -0.00269614462589155  0.01038719228110030  0.02131677848083134  0.03242946516789464
  0.04366266009571466  0.05461812846449901  0.06567713290402717  0.07635639959866485
  0.08733774104160737  0.09818059414821023  0.10901191781575982  0.11947991778389062
  0.13008274801493236  0.14070186608203208  0.15130531953739096  0.16174775753763954
  0.17198025369505940  0.18214927745633694  0.19189604745482522  0.20155716776261992
  0.21145053280094731  0.22163770188897897  0.23162940834838569  0.24161070442532590
  0.25145795097683477  0.26149990862304989  0.27168833698208522  0.28221959306317512
  0.29305734328608724  0.30424186380577456  0.31539165552071086  0.32627991957010882
  0.33718270501199277  0.34799930707532056  0.35865063101741118  0.36877680598387369
  0.37891095627552801  0.38934978524942171  0.39965851858798801  0.41009112258488412
  0.42035611764793873  0.43132574914836908  0.44215433939308718  0.45325928654451136
  0.46405496224426290  0.47464614102876190  0.48510288331957346  0.49523802086577351
  0.50511137526849637  0.51490659631315427  0.52504433090911251  0.53596041377459314
  0.54670692117165487  0.55739245463676168  0.56782848770587180  0.57786968394785998
  0.58768851153118473  0.59738380593730034  0.60771391783167483  0.61857018924455132
  0.62891798960255818  0.63943664885881923  0.64985177325879029  0.66020829992577368
  0.67034077491906896  0.68052271343636983  0.69103277009760489  0.70157320550341373
  0.71191075192926323  0.72271086635161064  0.73383474221260048  0.74529505246060690
  0.75654278088288796  0.76730120734095497  0.77774323773520804  0.78788642847613910
  0.79803899673221179  0.80843574860547640  0.81931246256898160  0.83040987034388269
  0.84145204372678717  0.85208248820094867  0.86274346741750274  0.87327298074120618
  0.88355813226783297  0.89398906586838334  0.90466897132044000  0.91566646033000321
  0.92607812845387649  0.93630107711992283  0.94682856895013312  0.95731608120271594
  0.96764956792692991  0.97799157055607122  0.98893951604972141  1.00000000000000000
 -0.00194871068643315  0.00698767815739458  0.01514428580431359  0.02309122870632619
  0.03103230442545511  0.03903476628743936  0.04720019113120348  0.05555686062567152
  0.06390679438972130  0.07209838564775699  0.08023285679121600  0.08856073821587003
  0.09709930190421447  0.10559837445864180  0.11401634561738373  0.12245813929041249
  0.13093925758027317  0.13961218838330608  0.14832179068512191  0.15715260541086329
  0.16623664119588086  0.17537231663722189  0.18444232316235845  0.19375893586306225
  0.20308733366001849  0.21237995372432597  0.22165150446759291  0.23073792747640026
  0.23983781848490440  0.24888925927768554  0.25831879666285784  0.26796458577860477
  0.27747274865345528  0.28693399322429558  0.29634320851655910  0.30592507975306427
  0.31580863930208142  0.32539054012675073  0.33469311104187321  0.34393194516951575
  0.35336950752492086  0.36299705540257166  0.37283350611030514  0.38281988045425336
  0.39274344214957463  0.40266319895364011  0.41266519335909535  0.42313252081412295
  0.43398809816754408  0.44458424799506019  0.45498064856599507  0.46539775874115807
  0.47556565320418420  0.48547761795815375  0.49544532936687308  0.50615282352258517
  0.51725581351835470  0.52839077373372501  0.53923751984319257  0.55003190096920429
  0.56090704957960935  0.57215243099426105  0.58364423311688762  0.59525722427637029
  0.60687534647055263  0.61863223438111925  0.63023341274245226  0.64181863469643841
  0.65343048640743673  0.66492147877874530  0.67658048299649798  0.68828689317579550
  0.70064133832236697  0.71303440751579916  0.72549119621991276  0.73789572853503838
  0.75043082893080482  0.76300265046318394  0.77572995755331731  0.78838704989642783
  0.80089259592097439  0.81349391479879751  0.82640412718789935  0.83943627550600541
  0.85263680534019637  0.86581514309093666  0.87919606973609199  0.89289269287301409
  0.90626677734525229  0.91913472088641257  0.93211553436718031  0.94554293871320139
  0.95938653562074261  0.97330849632303607  0.98679796166586853  1.00000000000000000
 -0.00242123998016446  0.00939524363777928  0.01967972171315632  0.03000003128631038
  0.04026830016849738  0.05049703352386976  0.06041094834673977  0.07039442118378095
  0.08012782886436348  0.09018893571758160  0.10043962250908506  0.11097831021759091
  0.12186978888623952  0.13294115223148845  0.14408321185541856  0.15519917421000734
  0.16618924957087255  0.17689325803611508  0.18735169866196419  0.19788242870076397
  0.20846371351861795  0.21922616874471776  0.23004110531130914  0.24084834973433669
  0.25139848400480996  0.26172114916066241  0.27207887941464931  0.28241711438181372
  0.29284366690308866  0.30336913240895708  0.31416114134672413  0.32511239646945173
  0.33552230662382615  0.34582350457504335  0.35601865989661469  0.36622027840143195
  0.37650992906416175  0.38644821486138703  0.39620333090445886  0.40612446619911136
  0.41597147541548041  0.42635714041480410  0.43677774688156945  0.44769369964141026
  0.45833580114518790  0.46877758767338445  0.47897099955970274  0.48913788082869170
  0.49939973392689002  0.50998341648036161  0.52076212744042794  0.53147093725703765
  0.54203061383824735  0.55267179710585579  0.56339456988516756  0.57399553506487688
  0.58470926816593538  0.59532716462890867  0.60617154305172738  0.61667132194788632
  0.62736119344613595  0.63794481165910899  0.64855992673652363  0.65908646024804629
  0.66977470918879012  0.68067943985056312  0.69154638023139670  0.70214026605576285
  0.71302316405076871  0.72398306660392253  0.73475016921742620  0.74526468436840543
  0.75558867025903276  0.76586211792103587  0.77614006250236089  0.78618872468733492
  0.79612229041290350  0.80591526887938303  0.81581315702195623  0.82608301306827026
  0.83628861165011437  0.84659011703511144  0.85684410881530337  0.86743418487852497
  0.87828169239859533  0.88922083889077042  0.90009217700902089  0.91084041984051423
  0.92175705795672314  0.93287619802895372  0.94407271187426844  0.95516017267837705
  0.96629439081341673  0.97766008173668650  0.98896779226417952  1.00000000000000000
   3.5544160706297464E-006  -1.0000000000000000     
 T T T T T T T T T T T T T T T T T T T T T T T T T T T T T T T T T T T T F F F F F F F F F F F F F F F F F F F F F F F F F F F F F F F F F F F F F F F F F F F F F F F F F F F F F F F F F F F F F F F F F F F F F F F F T T T T T T T T T T T T T T T T T T T T T T T T T T T T T T T T T T T T F F F F F F F F F F F F F F F F F F F F F F F F F F F F F F F F F F F F F F F F F F F F F F F F F F F F F F F F F F F F F F F F F F F F F F F F F F F F F F F F F F F F F F F F F F F F F F F F F F F F F F F F F F F F F F F F F F F F F F F F F F F F F F F F F F F F F F F F F F F F F F F F
  <DiscreteSampler_grid>
  grouped_processes
  1 # 1 for a reference and 2 for a running grid.
  10 # Attribute 'min_bin_probing_points' of the grid.
  1 # Attribute 'grid_mode' of the grid. 1=='default',2=='initialization'
  0.0000000000000000 # Attribute 'small_contrib_threshold' of the grid.
  0.5000000000000000 # Attribute 'damping_power' of the grid.
 # binID   n_entries weight   weight_sqr   abs_weight
    10   10   2.117832024179184E+005   9.470762780642073E+010   2.117832024179184E+005
  </DiscreteSampler_grid>
