 -0.00232115297579302  0.00956034915328787  0.01957761577058946  0.02967217722720400
  0.03985912156059656  0.05000263299782982  0.06012341190492174  0.07028803057648722
  0.08046938071393946  0.09064123364964746  0.10081789877407646  0.11117744140971930
  0.12022938707947996  0.12809187802159167  0.13548133126070583  0.14286961320416069
  0.15013853407220382  0.15730070324249190  0.16442738790465342  0.17150899517434487
  0.18019253455185133  0.19293128564844397  0.20935475780756024  0.22416797208514760
  0.23908353934411816  0.25424614851594490  0.26945940881198860  0.28470273809068269
  0.30016530538165609  0.31551078229072738  0.33070609967694536  0.34570972421793283
  0.36076450596462845  0.37602791356801085  0.39127727209564334  0.40653946996276713
  0.42207787652726492  0.43755677515092006  0.45297763294113647  0.46821010914120537
  0.48352780857655486  0.49901505568322724  0.51434253123684393  0.52958591893445162
  0.54466321842818188  0.55965941970905964  0.57460116491371260  0.58961035064145417
  0.60456396745604390  0.61942661933914522  0.63414776424723218  0.64882824157687358
  0.66348216837918450  0.67821703075609230  0.69299010710092535  0.70760735235528238
  0.72197862056793138  0.73608368855460515  0.75018555280026922  0.76439266894064972
  0.77884428206127010  0.79325877785973475  0.80763394057938231  0.82184803600781497
  0.83620321877779380  0.85068723412899405  0.86521172439175886  0.87986374633506215
  0.89489576728047926  0.91022956792586107  0.92574715072000235  0.94120385475952062
  0.95615779270435342  0.97032442860506385  0.98500410401764271  0.99367749781537451
  0.99369096605333218  0.99373850029316735  0.99403907984918860  0.99439438258263024
  0.99475046398413747  0.99510043449442331  0.99544576623549974  0.99578832353456570
  0.99613690086735251  0.99648825612574987  0.99683765686489523  0.99719198033811318
  0.99753812032518074  0.99788816072624609  0.99823927791928824  0.99859422678196041
  0.99894116848272596  0.99929792117897998  0.99964959913038087  1.00000000000000000
 -0.00474361539050433  0.01334473801234201  0.02927276996557725  0.04418792471356857
  0.05890412607060921  0.07318306082482974  0.08588990037955078  0.09897697229056311
  0.11242058916317745  0.12604554597232828  0.13972257569643617  0.15385668868416463
  0.16814354308413956  0.18230941844687204  0.19619070098653490  0.20958928104612684
  0.22374224681650828  0.23911701826058993  0.25583063855004601  0.27389099137703604
  0.28899975189637445  0.30141093313783046  0.31295439781478013  0.32443933006903958
  0.33607705117780595  0.34827137056492924  0.35776825263248929  0.36533245191501895
  0.37354256053158874  0.38036070109380732  0.38663214422401115  0.39285534154438861
  0.39921646241709835  0.40554084492179998  0.41165005496456597  0.41806069486595920
  0.42480691538260379  0.43152413354860275  0.44053780537304049  0.45299943986508118
  0.46576590834699977  0.47764750594904803  0.48923810870651119  0.50013962695732661
  0.51146189244739126  0.52660711661827819  0.54145029405703426  0.55558713422160322
  0.57034625924658611  0.58549938356442299  0.60243474559421029  0.60953229318236990
  0.61791662287538496  0.62567421139039026  0.63206811951903841  0.63814440171071984
  0.64406528626003068  0.64923240730290344  0.65422300286093260  0.65991578780576288
  0.66572733093817027  0.67231900921811716  0.67992666324127671  0.68708331398004985
  0.69458752542789570  0.70213765869972289  0.70931069366946464  0.71630076073643989
  0.72362520485554727  0.73131302458834690  0.73877741651764839  0.74615103405057570
  0.75343740630250777  0.76085457034111725  0.76818869093888831  0.77508701670291991
  0.78171050290958854  0.78842938001480489  0.79540071801763901  0.80269078612371436
  0.80914847945482837  0.81534553819726641  0.82165533156622073  0.82815680773579814
  0.83588778378702200  0.85215366024180217  0.86911907502745611  0.88468381274204377
  0.89990121582961868  0.91554359509333549  0.93123883350773784  0.94656019350795706
  0.96090674827386868  0.97434861143892626  0.98734953080081389  1.00000000000000000
   7.9866349484136672E-006  -1.0000000000000000     
 T T T T F F F F F F F F T T T T F F F F F F F F F F F F F F F F
  <DiscreteSampler_grid>
  grouped_processes
  1 # 1 for a reference and 2 for a running grid.
  10 # Attribute 'min_bin_probing_points' of the grid.
  1 # Attribute 'grid_mode' of the grid. 1=='default',2=='initialization'
  0.0000000000000000 # Attribute 'small_contrib_threshold' of the grid.
  0.5000000000000000 # Attribute 'damping_power' of the grid.
 # binID   n_entries weight   weight_sqr   abs_weight
    10   10   2.522306142796751E+007   6.362028364004582E+014   2.522306142796751E+007
  </DiscreteSampler_grid>
