 -0.00996380861563712  0.01523740519609437  0.04511158522730970  0.08076909942140502
  0.11370859327525563  0.14500472745965831  0.17337283595354591  0.20144302042537376
  0.22940732179928219  0.25746098846741461  0.28531528847082477  0.31292967026382690
  0.33967777612683370  0.36605154651989458  0.39063948418997202  0.41518241628545366
  0.43965614876915660  0.44066472804553508  0.44362771803100826  0.44954154332597546
  0.45638967709525285  0.46296613348101051  0.46946522753831038  0.47591774906984452
  0.48242690905908986  0.48895602197740240  0.49552778000300862  0.50214019725294179
  0.50876030711923403  0.51538358454433597  0.52202815143824954  0.52869953444054574
  0.53539818701909836  0.54209723334008519  0.54880113343343484  0.55553340276261454
  0.56228843862235034  0.56904996115721651  0.57579995544496909  0.58258265667273224
  0.58942822261340078  0.59628478541303886  0.60311810114872244  0.60992105067936475
  0.61673397397878948  0.62360120095244220  0.63050844929570660  0.63742292198044170
  0.64437239408228153  0.65134442515878577  0.65831156627828813  0.66529032415101397
  0.67225509988463206  0.67924555018477750  0.68625186514608194  0.69332584691870247
  0.70044312578567058  0.70759572356272438  0.71473423365804689  0.72186305566840392
  0.72899096024552623  0.73614921017257895  0.74336620949383225  0.75063426837636915
  0.75796222518569611  0.76531691766492627  0.77270403582577740  0.78008041512682913
  0.78746242618255280  0.79488164749768520  0.80235092345736536  0.80981898196978375
  0.81727297694638190  0.82472432795720274  0.83223444504266697  0.83981424587844200
  0.84748629980671186  0.85521893470769650  0.86299962116472528  0.87081479357751335
  0.87865630640327463  0.88651835796344036  0.89436315365828256  0.90220183545277854
  0.91003494291189480  0.91793188826447147  0.92591560899792247  0.93394708630297785
  0.94204059876349400  0.95020155730576750  0.95849095550487151  0.96680252785303267
  0.97502961932486820  0.98326658112280696  0.99155279736722968  1.00000000000000000
 -0.00275745456385486  0.01014890100023868  0.02092812102912808  0.03120565869400738
  0.04114769681806791  0.05104932096184810  0.06082298996712591  0.07068934331839512
  0.08104361258661896  0.09215541775491348  0.10358199486409869  0.11451827617937073
  0.12532991309335667  0.13645006651243186  0.14823408107880776  0.16007283389835311
  0.17073442989699036  0.17985123271294892  0.18908113917995031  0.19855603647010631
  0.20844272071368861  0.21797107918542885  0.22748545361505929  0.23744204036606306
  0.24749522671112639  0.25682197036650356  0.26571384612051552  0.27473113657691423
  0.28458579295888725  0.29508922983235369  0.30616396126814321  0.31671550034398060
  0.32818571072443564  0.33925048029086752  0.34918052875289546  0.35878558252186366
  0.36823784766033502  0.37772490022967514  0.38717786012633376  0.39654392420995693
  0.40645784988369338  0.41649055363356702  0.42715903562090868  0.43759916962609891
  0.44954789769288406  0.46207460505576514  0.47446410989804721  0.48638268148182850
  0.49751165899391558  0.50868928425011872  0.52004637449893754  0.53182388720661089
  0.54314789965890542  0.55409613457130669  0.56522249633090171  0.57657170691279225
  0.58849871250667152  0.60033050919228270  0.61216529506475859  0.62396001744069951
  0.63591423338813668  0.64760586921184005  0.65811253246594459  0.66800223623411503
  0.67779168425343461  0.68793113511032200  0.69854318068001353  0.70974250371350078
  0.72138876240698957  0.73279315746981699  0.74351615638372914  0.75361144995123286
  0.76329979574771478  0.77301657391067535  0.78289609518451286  0.79245951738702503
  0.80157185149528598  0.81076816316700040  0.82073988203729398  0.83139219194961145
  0.84239292809508026  0.85309299650926274  0.86264176838262419  0.87194276207487631
  0.88187527053919867  0.89165638253307300  0.90151236188339268  0.91176075042753957
  0.92271437142397106  0.93574061174797729  0.94741607907440961  0.95854607339413256
  0.96809481593856583  0.97831876039366283  0.98916926914870174  1.00000000000000000
   4.3467920711050182E-005  -1.0000000000000000     
 T T T T F F F F F F F F T T T T F F F F F F F F F F F F F F F F
  <DiscreteSampler_grid>
  grouped_processes
  1 # 1 for a reference and 2 for a running grid.
  10 # Attribute 'min_bin_probing_points' of the grid.
  1 # Attribute 'grid_mode' of the grid. 1=='default',2=='initialization'
  0.0000000000000000 # Attribute 'small_contrib_threshold' of the grid.
  0.5000000000000000 # Attribute 'damping_power' of the grid.
 # binID   n_entries weight   weight_sqr   abs_weight
    10   10   3.277359010151371E+007   1.074826923165523E+015   3.277359010151371E+007
  </DiscreteSampler_grid>
