 -0.00186951776548001  0.01232322235310535  0.02426994386528112  0.03508833028817179
  0.04599605645342064  0.05638742689007638  0.06673734398837074  0.07680144546693707
  0.08710919000373389  0.09772635285891215  0.10826861050417166  0.11899757326920109
  0.12965914180152299  0.14066243376429149  0.15178494046393901  0.16288701130285679
  0.17384767641364657  0.18476817694568584  0.19593089217483708  0.20713862783640499
  0.21821966352969202  0.22929157434386416  0.24005348763474177  0.25114669127901185
  0.26165157260335553  0.27243065664159927  0.28307204830467253  0.29373874878071166
  0.30437829993204568  0.31492954540145790  0.32579858678243845  0.33648226745894905
  0.34685061200353423  0.35721502570694286  0.36770704638547091  0.37813796890205892
  0.38827220212154168  0.39829737039628638  0.40845721892697656  0.41849807579779885
  0.42868415004436283  0.43899102607105139  0.44960792827479829  0.45987472460229800
  0.46996549085079176  0.47999849692260066  0.49025527355337128  0.50090621393135137
  0.51213080325869154  0.52322540626366087  0.53421784414681062  0.54483149552272758
  0.55517972891035838  0.56537787485197522  0.57565018853231487  0.58565709116099185
  0.59564753176337282  0.60573617187618600  0.61623748940543588  0.62682117301496587
  0.63737246937541037  0.64791374117702527  0.65840583420830168  0.66889790739193011
  0.67927426943512148  0.68984715268485841  0.70055139365048380  0.71118632125505032
  0.72194038100273827  0.73226491141710826  0.74221829074023937  0.75177344537355861
  0.76144682559540999  0.77150164930994114  0.78163532141743808  0.79172316402145615
  0.80184066967901013  0.81209669134909979  0.82239719595662097  0.83287223466426086
  0.84326476748637758  0.85352868952488181  0.86357815977208940  0.87358207224228612
  0.88368385794499071  0.89371508097490771  0.90390802660548941  0.91431106630385828
  0.92473149672069299  0.93509167231017953  0.94500214771496815  0.95481191395135234
  0.96491617693393772  0.97537792541655011  0.98700611023647533  1.00000000000000000
 -0.00226665852573055  0.01413944962271476  0.02704518402667525  0.03870179676427009
  0.04975711788897126  0.06036921833174828  0.07061465592439542  0.08069779410905448
  0.09087422726061986  0.10074209279650088  0.11056648594006591  0.12026492056507326
  0.13015005667304591  0.14022790458684059  0.15039837519521893  0.16076879837588129
  0.17133263137842464  0.18201165646964695  0.19261551581762409  0.20286383177088677
  0.21310684310927391  0.22340654018043304  0.23362289203165798  0.24371060798968289
  0.25374800514119167  0.26388523460782831  0.27408050479515922  0.28435788616198926
  0.29480611930682216  0.30540959238867788  0.31587443862172448  0.32614435426588317
  0.33625855548555905  0.34646991155030621  0.35690285891013163  0.36755779902619773
  0.37811068820090205  0.38863543553285551  0.39909239537256641  0.40938295621285120
  0.41987982537308793  0.43030136290670939  0.44078869521483854  0.45134448585338249
  0.46221207906215089  0.47326372372038661  0.48401087302357210  0.49462172440034163
  0.50534783357430779  0.51620875271073052  0.52686735007270624  0.53722520281684671
  0.54746068628370959  0.55744229538326717  0.56738174983925416  0.57726867366793677
  0.58756838327676508  0.59828664610713433  0.60903091518784302  0.61992367773033663
  0.63082614175438501  0.64163063519157715  0.65240587436136399  0.66310636056074412
  0.67381094194689972  0.68439733521641033  0.69486744086602503  0.70545182282637997
  0.71594743358947688  0.72642180359304231  0.73687950330559615  0.74717159759613450
  0.75756445606384215  0.76799310679894206  0.77888737937417285  0.78968483513030752
  0.80057998990556101  0.81123636195756432  0.82194698343725758  0.83259759894846896
  0.84328499702154525  0.85408181049038601  0.86489543437547123  0.87554782845251333
  0.88590919747036745  0.89607366186811888  0.90636104297209930  0.91673190739870591
  0.92701996506032214  0.93736111500614927  0.94760954633205774  0.95756215687288404
  0.96740732307164523  0.97738184521260274  0.98827794206824038  1.00000000000000000
 -0.00840082611442158  0.02259671619472966  0.04575202797712254  0.06434559384475096
  0.08436412759737358  0.10514262489516013  0.12691851453882347  0.14546700682913655
  0.16122547228184500  0.17504447428216433  0.17756841141629562  0.18394432258641744
  0.19075114450182884  0.19737360896937306  0.20391817500408174  0.21042569413117543
  0.21706454665663966  0.22377754150092738  0.23052209345367469  0.23739431530011090
  0.24440827808316226  0.25148391659531094  0.25862184381226372  0.26582032626267371
  0.27309683835946302  0.28044745618556816  0.28792154091773936  0.29546044723492837
  0.30304312509494835  0.31072165062501483  0.31853870052319644  0.32648196159008108
  0.33455773943465761  0.34278438267956790  0.35095951336225611  0.35906001350747385
  0.36729944712583279  0.37571466608757104  0.38420624179142993  0.39268260347016642
  0.40122885899012140  0.40989545961751661  0.41868995750293270  0.42755297881725057
  0.43644638504144001  0.44541224617209568  0.45448307232405427  0.46362793194596930
  0.47279998941415147  0.48205370787987090  0.49138396859903416  0.50079320395395521
  0.51029351754097207  0.51987423312429626  0.52960176996459307  0.53948869185988024
  0.54952360831323788  0.55959496661188390  0.56966067847327662  0.57978049845936153
  0.58999181668181178  0.60027150695727327  0.61058520997917187  0.62102090117445041
  0.63148592176857321  0.64212019678304011  0.65275030467751927  0.66349007371556123
  0.67429142445816104  0.68519169188685047  0.69618155542049398  0.70727913935785391
  0.71840194095671561  0.72960095725466245  0.74091617020227007  0.75235376244259922
  0.76393153500021738  0.77562341080411901  0.78735215319222407  0.79911149277758708
  0.81087569655938896  0.82272295023712860  0.83479713371964992  0.84699679746220813
  0.85925223722717248  0.87159340714665567  0.88399938230263708  0.89653840745238678
  0.90915669822542466  0.92188872668812460  0.93472916410410600  0.94765824401332066
  0.96065954128598297  0.97371740121552919  0.98684608874615820  1.00000000000000000
 -0.00268939429517450  0.01064858461543486  0.02151656396293089  0.03250521257256821
  0.04330336089531790  0.05384853040623871  0.06432692750951308  0.07500165732786292
  0.08566106118010862  0.09632830287526897  0.10711273526669142  0.11798144449121936
  0.12853137211548077  0.13879919574316010  0.14918535376654693  0.15959568502954366
  0.17020630402521358  0.18069068292505405  0.19140841080068294  0.20215425744235707
  0.21280162110415113  0.22359106313631510  0.23427180886394425  0.24514185950754444
  0.25608633780394585  0.26694180080419805  0.27773613568090638  0.28857409596489986
  0.29956925224457559  0.31024301606468685  0.32042336185529174  0.33055246542653505
  0.34098884441228866  0.35128883465976840  0.36118295712876736  0.37091200773031047
  0.38116717252146043  0.39171306377222959  0.40201959324062486  0.41221650510608027
  0.42254924535627747  0.43312797950046322  0.44355497205614264  0.45389577536636544
  0.46422603641285415  0.47454414071197903  0.48475686040101917  0.49482667733621816
  0.50526004327695451  0.51565630270581120  0.52606967777214886  0.53614406077766885
  0.54666745391635696  0.55761691684007009  0.56843573399811298  0.57934308267742463
  0.58972816366360115  0.60038412020990284  0.61075118355184643  0.62102471248928637
  0.63108285284974819  0.64096796992526228  0.65099429728996261  0.66148618106112578
  0.67232591540785491  0.68349853983999864  0.69456988495001870  0.70575972011895871
  0.71654158872288853  0.72729633631063428  0.73734177827769887  0.74787190375790102
  0.75822447942459581  0.76873602693776844  0.77909233905922337  0.78941434011038358
  0.80004199560763267  0.81041597288825962  0.82074395094707742  0.83066709012898976
  0.84102977136829393  0.85156315933252813  0.86287895651851909  0.87394542704986278
  0.88489613295435221  0.89547019339947465  0.90629239363479708  0.91701977729823358
  0.92718047631019251  0.93734828570447959  0.94758950880861237  0.95786721912781336
  0.96789103915615449  0.97796547503929254  0.98884091182684153  1.00000000000000000
 -0.00273320327045091  0.01091711825768431  0.02250684376321459  0.03458864648490743
  0.04700703262998297  0.05906469478586591  0.07066411133845865  0.08196456676024905
  0.09337823380082999  0.10437265982418248  0.11531117436571389  0.12667000691348684
  0.13853224808349374  0.15032973418208467  0.16182048478689759  0.17345315481647275
  0.18514807887938331  0.19679517373984132  0.20800822641409938  0.21891152217050633
  0.22981107569473666  0.24100216489009230  0.25234505091388315  0.26346942689201253
  0.27438928326662260  0.28507852590733984  0.29570545393755182  0.30640767979782751
  0.31723070979069845  0.32814421400971661  0.33895388884358191  0.34968774515502760
  0.36040332458693208  0.37115062627957540  0.38203124127615395  0.39298531741043763
  0.40378897075092718  0.41455283188770065  0.42524585767485856  0.43584799974465255
  0.44635976152512991  0.45694650534921089  0.46792464811644563  0.47915899411679885
  0.49034921316480723  0.50135854239996336  0.51206800209532877  0.52273189453566082
  0.53337983097453634  0.54393741667880158  0.55427101840911530  0.56422793359173840
  0.57391719383683748  0.58365231182077426  0.59362607106679821  0.60373272288273938
  0.61382129910531724  0.62388336531769906  0.63406527394425061  0.64417594266028544
  0.65412121738738727  0.66395383407045527  0.67372851182759363  0.68353626469338946
  0.69354950540926830  0.70375783654295110  0.71393206737863646  0.72403357944818847
  0.73409612839957394  0.74412690265085224  0.75426835452974839  0.76462015196354660
  0.77500474260670016  0.78544836020693021  0.79592177253392327  0.80618574680267463
  0.81600869306016266  0.82520460709256549  0.83458800563110602  0.84439557299672474
  0.85446598559564524  0.86437234948542363  0.87428633542931522  0.88392542643378524
  0.89364073650754061  0.90330962099742074  0.91314220174921312  0.92292462871419134
  0.93254786783619481  0.94241121175384623  0.95216715796563522  0.96173048177930298
  0.97125275296867142  0.98059777230189482  0.99049195050873573  1.00000000000000000
 -0.00235674106105876  0.00948072972880048  0.01909229247647738  0.02900250259605652
  0.03880154226174443  0.04892330711738134  0.05941855940892894  0.06971802461759020
  0.08017972736851292  0.09075840453226378  0.10148085797487741  0.11197049230098126
  0.12238309481302455  0.13294509634593965  0.14357589288343406  0.15453692408073397
  0.16540548069048810  0.17632004050699251  0.18715778046218062  0.19827073851371019
  0.20934314235159171  0.21991940446397318  0.23070835134034673  0.24141291106999932
  0.25250392329231330  0.26308081261836214  0.27385261942696076  0.28462819940620943
  0.29525551977489234  0.30590583709658531  0.31663323340171384  0.32757965649946308
  0.33818729584081081  0.34877704816565225  0.35935354734420716  0.37048327097911876
  0.38131827739595031  0.39224332014501040  0.40287632364603687  0.41356795438900273
  0.42402251252922873  0.43431747373920460  0.44474991726757607  0.45551025999640138
  0.46623610793727971  0.47710699112700050  0.48760376068409428  0.49812645853146115
  0.50861588273401148  0.51890859489138874  0.52921125125467461  0.53951183986662621
  0.55010788280355094  0.56075420616175942  0.57103195008419949  0.58125946373408788
  0.59145302522093690  0.60174319577419022  0.61209810949409260  0.62273636026921841
  0.63352016765538788  0.64415856002397442  0.65468862646983117  0.66523277916248058
  0.67586509286524776  0.68651784741760280  0.69704268011638693  0.70747619213389090
  0.71797859215243442  0.72836034077400780  0.73872592494286915  0.74891787930370934
  0.75942713635885062  0.77017262473406245  0.78071985550106804  0.79137929080164271
  0.80196572126284205  0.81253895413177579  0.82304375704829913  0.83379915750305278
  0.84514110919573926  0.85641633997241262  0.86731566620375133  0.87810203274983711
  0.88861168090578024  0.89909872797801149  0.90947360595270732  0.92036452012883074
  0.93123809038725636  0.94161104608006685  0.95167518822523434  0.96170117706431557
  0.97178673734817111  0.98152136713846305  0.99084871113706896  1.00000000000000000
 -0.00193900089772689  0.00738222377965653  0.01583991391277210  0.02442986173449804
  0.03314128940294041  0.04195249641973517  0.05083923993909016  0.05976518793902568
  0.06867391625099828  0.07749951721536225  0.08617388138007163  0.09462341547275405
  0.10288357405218582  0.11097135303324029  0.11924305371154258  0.12761626242841018
  0.13627692556600599  0.14437838319632471  0.15316139661421482  0.16214898857710158
  0.17129146598633943  0.18042048758538654  0.18940016854115604  0.19844535804825150
  0.20761272424227667  0.21675125885104432  0.22590551426204691  0.23497060262599653
  0.24407567085338411  0.25315410473835931  0.26210182746162641  0.27112616013203827
  0.28014143057992713  0.28904506956308085  0.29815644842680261  0.30739847728695407
  0.31708692687272322  0.32704869722429181  0.33693391874014555  0.34673800508011465
  0.35631585700434532  0.36580847998714799  0.37558757635906598  0.38564912188744255
  0.39579831452939679  0.40598021014948599  0.41628353208566599  0.42677989188240928
  0.43727767069071216  0.44759807745572544  0.45780430939523525  0.46791486937750487
  0.47820390338512192  0.48865898515129869  0.49928608916839762  0.50983657230526902
  0.52029630471794230  0.53090520419775489  0.54184470360163872  0.55313713825852140
  0.56435274167529270  0.57553495693694279  0.58692574735836534  0.59845982711236256
  0.60994884917984948  0.62122125851137799  0.63212914035425061  0.64273419689551670
  0.65350104980961110  0.66459008987495205  0.67570757806360249  0.68704909924148894
  0.69859405611156256  0.71064061055532379  0.72256769415534572  0.73484300627209198
  0.74713468728366839  0.75945217816507959  0.77190727679351456  0.78465080477221605
  0.79758405521889686  0.81047483497003781  0.82339013699879116  0.83626294520610145
  0.84907413982130298  0.86214578233604011  0.87550555277257547  0.88900556383014151
  0.90252628010895986  0.91618210395602973  0.92988761668950692  0.94371198622420438
  0.95772693778685147  0.97169339162838386  0.98584404181071050  1.00000000000000000
 -0.00250406267435361  0.00936705876035957  0.01921405055303029  0.02964902541988976
  0.04015772562471676  0.05067126218995487  0.06134307812885269  0.07251084104682388
  0.08358271577712759  0.09422287147618996  0.10462525624829075  0.11541042034298785
  0.12608936734053541  0.13660852603927334  0.14699055673890490  0.15772213730109810
  0.16827702883318069  0.17888954130054918  0.18957106528843076  0.20063574827202135
  0.21170681792700444  0.22269566745378122  0.23363844514507193  0.24463739222302963
  0.25550681332895619  0.26646711936739559  0.27731254004535677  0.28826896702098948
  0.29891470924970970  0.30933545845807942  0.31954836779837642  0.32976034936175136
  0.33992122531019886  0.35011264419763044  0.36041465286380425  0.37085899572701203
  0.38122564688252203  0.39153181575692519  0.40183528874190050  0.41211848518717697
  0.42244582079021253  0.43282214669841357  0.44323091766888906  0.45347832292727963
  0.46362037001291972  0.47396621844110393  0.48436907714848654  0.49466032094789369
  0.50509734258724337  0.51550670657654418  0.52571178181232170  0.53561442402193837
  0.54606590290917056  0.55706021696113417  0.56792651435642649  0.57856993803447820
  0.58899529256788541  0.59962227401307799  0.61004702370473718  0.62041500328576316
  0.63072108193413023  0.64121745898583693  0.65157421459886478  0.66181328739657530
  0.67230544863328634  0.68271863705279945  0.69309608151910163  0.70328460104689305
  0.71383762384951877  0.72469168568889131  0.73562444437888885  0.74675168794668978
  0.75790384853724191  0.76889983623120672  0.77958657200823045  0.79007132319838724
  0.80057054457215004  0.81091465165092957  0.82109507627569511  0.83126499081388960
  0.84157062773204583  0.85180676689209689  0.86209186989501296  0.87231233075241943
  0.88269550576921785  0.89299984965203061  0.90354337565338849  0.91406924302909476
  0.92453214761383695  0.93491768946678111  0.94560895659324717  0.95635456159709964
  0.96728068194068739  0.97821228740791011  0.98911920695349331  1.00000000000000000
   3.2064003904769184E-006  -1.0000000000000000     
 T T T T T T T T T T T T T T T T T T T T T T T T T T T T T T T T T T T T F F F F F F F F F F F F F F F F F F F F F F F F F F F F F F F F F F F F F F F F F F F F F F F F F F F F F F F F F F F F F F F F F F F F F F F F T T T T T T T T T T T T T T T T T T T T T T T T T T T T T T T T T T T T F F F F F F F F F F F F F F F F F F F F F F F F F F F F F F F F F F F F F F F F F F F F F F F F F F F F F F F F F F F F F F F F F F F F F F F F F F F F F F F F F F F F F F F F F F F F F F F F F F F F F F F F F F F F F F F F F F F F F F F F F F F F F F F F F F F F F F F F F F F F F F F F
  <DiscreteSampler_grid>
  grouped_processes
  1 # 1 for a reference and 2 for a running grid.
  10 # Attribute 'min_bin_probing_points' of the grid.
  1 # Attribute 'grid_mode' of the grid. 1=='default',2=='initialization'
  0.0000000000000000 # Attribute 'small_contrib_threshold' of the grid.
  0.5000000000000000 # Attribute 'damping_power' of the grid.
 # binID   n_entries weight   weight_sqr   abs_weight
    10   10   1.251088263257157E+005   6.508131007691084E+010   1.251088263257157E+005
  </DiscreteSampler_grid>
