 -0.00423831696498314  0.01056902583773515  0.02552491776388742  0.04079018214057145
  0.05623393611866449  0.07177776760400147  0.08527558980355222  0.09859184055435354
  0.11166759263241505  0.12498868718253617  0.13815562596048658  0.15097567874205003
  0.16560843754090593  0.18071284498272663  0.19584205031095844  0.21109823592227800
  0.22646513564783441  0.24175332525887855  0.25703235559656251  0.27230986225109999
  0.28752866313634601  0.30271669375147853  0.31786578895389850  0.33297110785385137
  0.34801917827104795  0.36312523635838212  0.37825396236701564  0.39342075507519886
  0.40870928109442639  0.42409095690795734  0.43947936607299543  0.45485197605003153
  0.47019554922785012  0.48542771745598207  0.50061315285134600  0.51573596440092151
  0.53082520940328681  0.54588061736215288  0.56097619490466455  0.57611019536813346
  0.59134919132242780  0.60661520481077380  0.62189795057565789  0.63719559902036504
  0.65246076115567608  0.66767813576895152  0.68298391378668522  0.69832340290064010
  0.71370729157384383  0.72912729239263774  0.74457106803905249  0.75998401006421823
  0.77534514391097109  0.79063855520173032  0.80599829267442324  0.82137107883978722
  0.83674379048953862  0.85214689149231382  0.86762181972938712  0.88446277680700813
  0.90131355956634684  0.91817743723336376  0.93448811617833993  0.94870970374605690
  0.95874439012155221  0.97069938619918394  0.97478553826223802  0.97514829794811209
  0.97530534423308834  0.97618059826577819  0.97708837704985640  0.97798954982332298
  0.97889522451015165  0.97980292505534861  0.98071235000362234  0.98162415862735730
  0.98252572206173761  0.98342749847384070  0.98433363035121657  0.98524881914746087
  0.98618504716207467  0.98710764996174738  0.98802923417405575  0.98895153299683813
  0.98986938159895388  0.99078249597161694  0.99169856887742935  0.99262039688880044
  0.99353809908229718  0.99446472458909496  0.99539318889929074  0.99631638597642336
  0.99723422838128084  0.99815056245766487  0.99907466554026425  1.00000000000000000
 -0.00417472982138461  0.01234180093831101  0.02708269940474551  0.04129497521214983
  0.05588582341767358  0.07080625038946059  0.08421205524912861  0.09455505237799249
  0.10412871965872413  0.11374633650788565  0.12347392688514928  0.13282660515159220
  0.14239158121141463  0.15515702663105413  0.16975569340306251  0.18521811333387186
  0.20023710526525593  0.21637491368471012  0.22933682282491102  0.23837687486968093
  0.24665261530428448  0.25482121070949515  0.26303601259121895  0.27154245942762345
  0.27932744900740419  0.28638345080068750  0.29306437535994706  0.30030104180071998
  0.30822300082368731  0.31580336999086789  0.32309961030042322  0.33044262434975402
  0.33749894062901920  0.34434840701395586  0.35122462371223273  0.35865294610316001
  0.36636171988660521  0.37428491744716685  0.38228663332397106  0.39054377280416802
  0.39896310549189096  0.41398865028361798  0.42920799823045480  0.44397291495485369
  0.45738336762448673  0.46840268273766850  0.47764814868832656  0.48740228962142590
  0.49739167832616188  0.50717150911796316  0.51660126336947187  0.52770172395861414
  0.53923438117740774  0.54938317813826998  0.55727306603781035  0.56599965101656757
  0.57520037922463596  0.58463962734597863  0.59370577789368706  0.60334570674009436
  0.61676528441147105  0.63282669928650326  0.64776020157743286  0.65756850927875488
  0.66823613648789781  0.67848634239041461  0.68860102970561343  0.69847271232640817
  0.71036036943441572  0.72535591058617066  0.74114790906296424  0.75643623181620123
  0.77080954804135238  0.78457587425315312  0.79878177545025109  0.81115204769975813
  0.82064607648515653  0.82967211659434237  0.83862879137314872  0.84736923173842538
  0.85543627158810454  0.86258740027466918  0.86968850829422051  0.87730714849319247
  0.88559597864365003  0.89407997433743924  0.90212981049381402  0.90997941053381493
  0.91764051771888755  0.92670001739118824  0.93601770030474962  0.94506030158243792
  0.95393646332932180  0.96572839047243941  0.98200443855139075  1.00000000000000000
   3.4056964964320760E-006  -1.0000000000000000     
 T T T T F F F F F F F F T T T T F F F F F F F F F F F F F F F F
  <DiscreteSampler_grid>
  grouped_processes
  1 # 1 for a reference and 2 for a running grid.
  10 # Attribute 'min_bin_probing_points' of the grid.
  1 # Attribute 'grid_mode' of the grid. 1=='default',2=='initialization'
  0.0000000000000000 # Attribute 'small_contrib_threshold' of the grid.
  0.5000000000000000 # Attribute 'damping_power' of the grid.
 # binID   n_entries weight   weight_sqr   abs_weight
    10   10   1.933113039985499E+007   3.736949313439311E+014   1.933113039985499E+007
  </DiscreteSampler_grid>
