 -0.01028103801754312  0.02988186546437360  0.06061437799040896  0.09177534486220550
  0.11927742129460099  0.14483310352412701  0.16874548650533414  0.19253603952200296
  0.21620104516454683  0.24085059092163658  0.26571342361891048  0.29086917092392478
  0.31581754272000268  0.34064006599114133  0.36433854686521311  0.38784932930366600
  0.41100604115972406  0.43407216941986304  0.45705014958609358  0.47919272818045749
  0.50108386543629024  0.52276685106188314  0.54441377405689029  0.56596215103693426
  0.58699422213209096  0.60751007724837347  0.62782038065719359  0.64805138554517294
  0.66780357950914038  0.68764348778567874  0.70861045785689458  0.72966452901057011
  0.75107185214911454  0.77300571214354585  0.79666909722696710  0.81296521997538118
  0.82048165408734131  0.82618122038566932  0.82848297295203033  0.82931640850793331
  0.83163842021968937  0.83481373847879436  0.83788922037632207  0.84095571241893907
  0.84401323836404241  0.84707502930293432  0.85014026410723609  0.85319999198748442
  0.85625766669731107  0.85931866437559457  0.86237855687029241  0.86543722077730911
  0.86849644794260261  0.87155686064901405  0.87461897368836095  0.87768050023552202
  0.88074005373170650  0.88379535677600773  0.88685242337410508  0.88991047639599130
  0.89296911604852502  0.89602304506425356  0.89907811236133905  0.90213679519300649
  0.90520172970124824  0.90826285621715763  0.91132358907580624  0.91439119314375950
  0.91745810171914521  0.92051784251538971  0.92357566516717948  0.92663151944460198
  0.92968467035726787  0.93273967633017008  0.93579421159918608  0.93885549201976859
  0.94191793697266857  0.94497585713419996  0.94803551359677662  0.95109326206798916
  0.95414968453248072  0.95720786727758600  0.96026905002515217  0.96332767716510892
  0.96638463965364840  0.96944616631740665  0.97251824611433568  0.97558015287427369
  0.97863512263983676  0.98168636186379965  0.98473650346556174  0.98778889660398528
  0.99084290321927571  0.99389674300723985  0.99694888939633830  1.00000000000000000
 -0.00247418511675690  0.00920984353499363  0.01925365762442999  0.02966152715301701
  0.03969895075518386  0.05091179792435267  0.06195255986161075  0.07230799882835576
  0.08296416608571132  0.09406511287477747  0.10527188556186269  0.11653480550460515
  0.12812662524749627  0.14024442499892706  0.15142400055107078  0.16279407086918701
  0.17364558297626026  0.18436217165874463  0.19468776974980662  0.20499033819469387
  0.21596910895574531  0.22692655764024908  0.23822774648297526  0.24954324650763471
  0.26098245507096135  0.27252209893704954  0.28394740074610719  0.29510339174467076
  0.30606947766943393  0.31674466264386331  0.32684684958617821  0.33641072902922148
  0.34573921711793737  0.35520035660969235  0.36472389940425221  0.37443352486754039
  0.38483017036438139  0.39578788248684305  0.40768081511127702  0.41918055873112398
  0.42927735273512080  0.43889521159108080  0.44830006011019913  0.45766167063587587
  0.46659580321853261  0.47579429885118890  0.48572741570795164  0.49585880644904096
  0.50567538037312798  0.51643022546154882  0.52679890476532865  0.53713292348132013
  0.54725187633956296  0.55778268398537523  0.56825835706636363  0.57841710438311822
  0.58882647461281634  0.59953447929242387  0.60998418247938757  0.62006799834873583
  0.63086780125609887  0.64202919593573771  0.65308353468089864  0.66403603512684750
  0.67449325980049801  0.68439510712450113  0.69431812826966277  0.70422594109119385
  0.71450530942388324  0.72442940088896013  0.73465496805909003  0.74503987630210222
  0.75506100578667379  0.76509085978188951  0.77566799291532773  0.78681541365619989
  0.79757998274123076  0.80807691001524395  0.81854504228792879  0.82924962060197960
  0.83990019760972623  0.85034512453719024  0.86094684213637285  0.87144369796563237
  0.88232252355381702  0.89303636099763251  0.90339441763988182  0.91373498384301555
  0.92467541679895959  0.93602537925705742  0.94682596550771669  0.95708170228854861
  0.96751406018674990  0.97798316437287347  0.98876692790566090  1.00000000000000000
   1.5104194984877279E-006  -1.0000000000000000     
 T T T T F F F F F F F F T T T T F F F F F F F F F F F F F F F F
  <DiscreteSampler_grid>
  grouped_processes
  1 # 1 for a reference and 2 for a running grid.
  10 # Attribute 'min_bin_probing_points' of the grid.
  1 # Attribute 'grid_mode' of the grid. 1=='default',2=='initialization'
  0.0000000000000000 # Attribute 'small_contrib_threshold' of the grid.
  0.5000000000000000 # Attribute 'damping_power' of the grid.
 # binID   n_entries weight   weight_sqr   abs_weight
    10   10   1.341338811007494E+007   1.800992270531413E+014   1.341338811007494E+007
  </DiscreteSampler_grid>
