 -0.00793912055517109  0.01886541888905648  0.04107958583216901  0.06334118035164329
  0.08531678885096354  0.10686404818140627  0.12627766497429388  0.14458475777172877
  0.16357144997372020  0.18246985655533579  0.20120756302606688  0.22149907569030158
  0.24232937043988451  0.26320654697010837  0.28405078529334055  0.30483100596307300
  0.32548455619308825  0.34605530625689745  0.36678153920667628  0.38751754732092009
  0.40818736691914564  0.42883405955097076  0.44945157765437277  0.46996208029960224
  0.49043064267121617  0.51080489684020436  0.53113112455352396  0.55130871914065238
  0.57152754649603754  0.59178831441701762  0.61204565873210504  0.63231313354003149
  0.65292253603816308  0.67350767413696000  0.69403370171002365  0.71459968079482872
  0.73520017791371894  0.75517970679448354  0.77505298081960605  0.79613881547782239
  0.81444427551420118  0.82801837987612004  0.82822370624121822  0.82911623171922810
  0.83099244845779741  0.83426304024298603  0.83751438124977917  0.84075796598872277
  0.84399826162641223  0.84725475897211755  0.85051248073063035  0.85375376099841827
  0.85699843937575904  0.86026525668314668  0.86354365368474972  0.86682763506935534
  0.87010966140304002  0.87337976075169943  0.87665033409238458  0.87993211407425309
  0.88322764927563424  0.88651343733438825  0.88980766021625224  0.89310916283223796
  0.89639149056148060  0.89968410435707014  0.90301061270529559  0.90633632701774258
  0.90966145528567399  0.91297793172465236  0.91629821204035400  0.91962264185964293
  0.92294802355651762  0.92625969233917738  0.92958784693112873  0.93294466179371360
  0.93630952089034325  0.93967970310904059  0.94302901172757048  0.94636884837325641
  0.94972550318620130  0.95307961895661253  0.95643175143428227  0.95979599446030639
  0.96312872320926413  0.96645432687370758  0.96979094164509239  0.97313579067689593
  0.97649104252761687  0.97986860297348777  0.98324505851292698  0.98661061424313845
  0.98994659095114712  0.99326172174086347  0.99660980003144506  1.00000000000000000
 -0.00180198020090457  0.00774452404457831  0.01621990245472173  0.02570792774294797
  0.03532531505900535  0.04499753491900599  0.05707715154175742  0.06917347139947583
  0.08033819856113449  0.09177341500547995  0.10174114767687961  0.11150003553191234
  0.12051826436877006  0.13198054688632949  0.14416854037619115  0.15617579646194371
  0.16720710122764929  0.17760151660506573  0.18934248866029066  0.20130885066407006
  0.21217643818182352  0.22163078457878807  0.23239496662405876  0.24490678498599561
  0.25735198626271993  0.26865105124342054  0.27987539014359425  0.29071923262766280
  0.30098961940564539  0.31155881544062602  0.32350834289580976  0.33511173325982091
  0.34531813732545458  0.35487967983486246  0.36458207908932128  0.37425277041381516
  0.38376112833240439  0.39341604447049039  0.40275011819225393  0.41159195806239440
  0.41978805914032741  0.42728859681501608  0.43492296961161964  0.44345040845678918
  0.45250903563856831  0.46168313780393616  0.47174148733889754  0.48128109612664888
  0.49100627568796507  0.50035891792922049  0.50827801140455131  0.51631749768793023
  0.52441747728730215  0.53167434693765236  0.53904294610056924  0.54733332244811128
  0.55645826385529917  0.56551329259792704  0.57614861909318038  0.58754577196152435
  0.60090789718764714  0.61500837248272144  0.62923082265724284  0.64339093099486755
  0.65677328865361972  0.66877861887802270  0.67962944470177011  0.69006134959678733
  0.70020158484456352  0.71024596804168161  0.72082519205720796  0.73159485700234062
  0.74192696185685703  0.75198683887706241  0.76213918759668553  0.77231484736993106
  0.78219694250546778  0.79222313491536234  0.80210801084255945  0.81269756847800068
  0.82488807776931428  0.83792526004981893  0.85107818637654575  0.86426294342944876
  0.87788442821080948  0.89220859178649981  0.90380452283970059  0.91422576284217272
  0.92483553990372069  0.93694559134189825  0.94819120379360100  0.95847189769223651
  0.97036896524694005  0.98162841868891570  0.99111202821552336  1.00000000000000000
   1.4898292790983409E-006  -1.0000000000000000     
 T T T T F F F F F F F F T T T T F F F F F F F F F F F F F F F F
  <DiscreteSampler_grid>
  grouped_processes
  1 # 1 for a reference and 2 for a running grid.
  10 # Attribute 'min_bin_probing_points' of the grid.
  1 # Attribute 'grid_mode' of the grid. 1=='default',2=='initialization'
  0.0000000000000000 # Attribute 'small_contrib_threshold' of the grid.
  0.5000000000000000 # Attribute 'damping_power' of the grid.
 # binID   n_entries weight   weight_sqr   abs_weight
    10   10   3.767534023459277E+006   1.420541688546623E+013   3.767534023459277E+006
  </DiscreteSampler_grid>
