 -0.00453288316030607  0.00193234148124394  0.01138289225060422  0.02646783282631696
  0.04188087996429293  0.05723381217154865  0.07043979684229118  0.08267438639145652
  0.09420470878889466  0.10600619884464739  0.11759602992913766  0.12941288234467807
  0.14185263173452045  0.15502606710363365  0.16828140900402044  0.18149125545779940
  0.19460500905569850  0.20771678849957545  0.22084990318084774  0.23403184921382117
  0.24728248098605432  0.26066896998603878  0.27401977586739007  0.28732046333995631
  0.30053281702285339  0.31363530213048313  0.32677283289585879  0.34002882952423780
  0.35352980744325718  0.36704350351615200  0.38048023451273139  0.39385796342191043
  0.40721954170042712  0.42057274513121545  0.43388731005691683  0.44717029882194309
  0.46039524972950513  0.47396053868502180  0.48767245035606216  0.50149175426275527
  0.51524961709612838  0.52897847687303945  0.54274560296028662  0.55655875624020668
  0.57041311503195824  0.58431693970284027  0.59837055019813512  0.61264478702280689
  0.62707926203338571  0.64150965501786905  0.65587553167127599  0.67005551140536435
  0.68415452754603900  0.69816077453246739  0.71221919729632466  0.72629574475191294
  0.74031906404860981  0.75422065072013944  0.76804455127889248  0.78194564409766165
  0.79583003597018132  0.80970005924766253  0.82363867307445771  0.83757772446120549
  0.85151722574571265  0.86542463126729996  0.87944626224456546  0.89360220506760335
  0.90780981031353702  0.92197023684720736  0.93606232203394535  0.95030965847890692
  0.96482444522378064  0.97980549860202482  0.99013992665873396  0.99367846719770914
  0.99370760272190573  0.99380346537489317  0.99415333397752048  0.99449729493756045
  0.99484056389923292  0.99518396573869794  0.99552720008609119  0.99586956946482685
  0.99621320714925676  0.99655543366159316  0.99689710836633894  0.99724168722363704
  0.99758790017724974  0.99793374939176482  0.99827799815685669  0.99862181959158047
  0.99896401630467402  0.99930821601677178  0.99965459253718580  1.00000000000000000
 -0.00293184803729649  0.01260876453649086  0.02436596366530464  0.03562525515068170
  0.04606241245105371  0.05573866335200568  0.07002874827407903  0.08432702195483162
  0.09437847034005079  0.10269775085562831  0.11146067631999639  0.12023017827402656
  0.12923136541594160  0.13823048598951262  0.14951280109342027  0.16911824037892073
  0.18935163672125208  0.20048172682413970  0.21141887558875563  0.21986272874651375
  0.22886919354959059  0.23730294333039081  0.24559900692883957  0.25422908576827075
  0.26273290662345095  0.27331787260448298  0.28951629953712937  0.30524859111886754
  0.31858746525898363  0.32752640627286489  0.33727409471625180  0.34778516014407007
  0.35859411360687365  0.36903893486041289  0.37907052716303657  0.38837011553177481
  0.39755855366446136  0.40706775209727181  0.41690005810158004  0.42608561445630705
  0.43510210393163484  0.44374434029494447  0.45252165881708156  0.46157040741090499
  0.47068193369174965  0.47990526582620879  0.49046949693028619  0.50109710315064415
  0.50996369719963786  0.51813425317786888  0.52571519905450448  0.53334081431649971
  0.54175232369643656  0.54985807395323816  0.55793528940186332  0.56607852149631976
  0.57475062322725268  0.58357427962579955  0.59235528998579656  0.60367567174414072
  0.61773666415492823  0.63036077457464845  0.64022205390416131  0.64909832718579152
  0.65781735531235619  0.66633451779577590  0.67518746655906559  0.68483520343067961
  0.69494086539667232  0.70485098886890274  0.71389612699466509  0.72255108643834998
  0.73114839689675182  0.73963747495848942  0.74798667022634935  0.75718104347489590
  0.76713740222322446  0.77684672548157274  0.78648814071477890  0.79629812047811577
  0.80668665756243396  0.81701932793570597  0.82731387218196151  0.83998212881566847
  0.85655571186980617  0.87637409930564003  0.89275981342339894  0.90385338544552618
  0.91334691574972926  0.92321396915034482  0.93364775042227244  0.94356301754573102
  0.95332066827754813  0.96491538488463868  0.98004122076127709  1.00000000000000000
   8.7523181645251984E-007  -1.0000000000000000     
 T T T T F F F F F F F F T T T T F F F F F F F F F F F F F F F F
  <DiscreteSampler_grid>
  grouped_processes
  1 # 1 for a reference and 2 for a running grid.
  10 # Attribute 'min_bin_probing_points' of the grid.
  1 # Attribute 'grid_mode' of the grid. 1=='default',2=='initialization'
  0.0000000000000000 # Attribute 'small_contrib_threshold' of the grid.
  0.5000000000000000 # Attribute 'damping_power' of the grid.
 # binID   n_entries weight   weight_sqr   abs_weight
    10   10   7.566621242660834E+006   5.725375857793627E+013   7.566621242660834E+006
  </DiscreteSampler_grid>
