  0.02826903686613150  0.03652515051448350  0.04600341251527891  0.05569165719886424
  0.06561806467981406  0.07603911441849581  0.08701340734470478  0.09827771163386551
  0.10938746337855049  0.12043940736281522  0.13226811942070668  0.14493157328282727
  0.15776201657503672  0.16970884900371222  0.18036543694815987  0.19049133141737709
  0.20066677265432650  0.21089795492484206  0.22180274808602693  0.23255136523290043
  0.24155148774237245  0.24938453945611280  0.25648245143620668  0.26438383529107495
  0.27409709611502941  0.28267655873934344  0.29095822179027975  0.29986541884256263
  0.31035465678912166  0.32267776808740717  0.33511457396645578  0.34608244386526094
  0.35694423856573954  0.36768471655622526  0.38055957310573396  0.39492582310106589
  0.40749479013413892  0.41898298830698227  0.42972545623506236  0.43923659221639338
  0.44887102371415183  0.45697489800545921  0.46373811517707259  0.47049317295811771
  0.47768000339048905  0.48442165887067706  0.49064224690289493  0.49603321710548376
  0.50141719008458419  0.50697030238064866  0.51297049702704389  0.51873889783458216
  0.52650233591597206  0.53630169155895646  0.54902855303104980  0.56238216061212642
  0.57311403718315734  0.58181503100814980  0.59058337811042994  0.60074036560633692
  0.61199472617993811  0.62373432836940967  0.63517772052956245  0.64654573872855448
  0.65810664914721073  0.66981148286714842  0.68166580057594839  0.69356158010588698
  0.70422465298446169  0.71499146507187161  0.72511285727045882  0.73586143664388048
  0.74580370022650422  0.75515729042930202  0.76434318034854387  0.77397028877254137
  0.78229158198939297  0.79016351813814523  0.79799031846583479  0.80605578408505374
  0.81357326083790460  0.82299420113434407  0.83445284610894266  0.84604265811544277
  0.85831371991676020  0.86993634403170406  0.88147911545222657  0.89318955337285599
  0.90479191788505320  0.91621593157726011  0.92786078938191063  0.94017920126727816
  0.95259354152360265  0.96369402259146630  0.97100872950690664  1.00000000000000000
  0.05552000248700444  0.07543700894043430  0.08677904516617915  0.09596529895277653
  0.10378917768146773  0.11018070724753533  0.11635294683298145  0.12150784050333821
  0.12627195242657169  0.13063795474362944  0.13468469677362135  0.13870440745012280
  0.14252689161302498  0.14588434532563466  0.14919662420854182  0.15265805148673983
  0.15605861465106380  0.15885377063405740  0.16139888132974886  0.16396092212241045
  0.16663984088721176  0.16906574078228079  0.17123479887155135  0.17335533661087157
  0.17551262734808343  0.17759632333745409  0.17956064889837009  0.18146059669943107
  0.18333360709656246  0.18509831458876702  0.18662664042650517  0.18793775937140220
  0.18921023667970008  0.19044817718501489  0.19134939386396876  0.19215831254925814
  0.19314600378008426  0.19415648512100775  0.19512952884822843  0.19602535894389009
  0.19683501333413592  0.19764189319330108  0.19845237649389777  0.19927575711865603
  0.20008313141803163  0.20090906142422940  0.20175842366504262  0.20264263376657760
  0.20355984201468388  0.20444056677154865  0.20523516605783718  0.20597128825415484
  0.20666040412895545  0.20730400157562748  0.20793806751809940  0.20856969028019665
  0.20918671464701438  0.20979358378702032  0.21044140862885682  0.21112520446505989
  0.21179933697231298  0.21245240385913891  0.21308006029517246  0.21365098590782486
  0.21420835726834339  0.21472877676692265  0.21517744597559713  0.21562561474863323
  0.21604156926532209  0.21643342442081454  0.21683938069721984  0.21723590967201403
  0.21763505263055360  0.21804236610241717  0.21843332727555873  0.21882054843362303
  0.21920433433273467  0.21957571422377459  0.21994329520026432  0.22030685963038438
  0.22069265418160355  0.22113266919872832  0.22166455727632656  0.22308375015871695
  0.25857473550114352  0.25934995143137485  0.26002677977323141  0.26069310088004055
  0.26148647997344171  0.26227359409399625  0.26319071152954515  0.26411315378940703
  0.26524803570493821  0.26751972371974042  0.27018611389382813  1.00000000000000000
 -0.00559790542982754  0.00973909144054515  0.02695982096884048  0.04707248936919011
  0.06779889342646471  0.08822791090648288  0.10757916661821855  0.12704461719404356
  0.14647298219997765  0.16557655144491318  0.18455481088976589  0.20342985554667359
  0.22211184227615402  0.24095550866121659  0.25998541168408967  0.28031724674533620
  0.30069615790230059  0.32112896064475344  0.34164980830815439  0.36186122119840464
  0.38151838124674420  0.40177594595178023  0.42164162384433873  0.44043806334910002
  0.46272559848191963  0.47262826626763860  0.47392324383625878  0.47697668062859905
  0.48267213370805728  0.48950369267214000  0.49594252170669406  0.50236799625035899
  0.50891066600510160  0.51663340560788307  0.52483053313569206  0.53266892273114996
  0.54023350108789203  0.54734879365627431  0.55411903592872958  0.56053587714179365
  0.56718267311884785  0.57410737394709077  0.58083997892943939  0.58774334824622876
  0.59463769431935898  0.60168547164763975  0.60846778205564123  0.61519953442750130
  0.62207121371448038  0.62889990523922801  0.63579544439785851  0.64283002049028248
  0.64958520101993522  0.65674618526857886  0.66434677206608705  0.67183896005644683
  0.67878063214342343  0.68633526328425221  0.69460279018839677  0.70326674181369964
  0.71101992187537433  0.71792782742896977  0.72455010483964244  0.73132317058685037
  0.73837507334976660  0.74560569517177477  0.75311004094817646  0.76052053354079241
  0.76822321864591436  0.77654204071343069  0.78510830327360570  0.79325244002385853
  0.80114970850109923  0.80932248493052250  0.81748418889811569  0.82613511216837876
  0.83419495683528933  0.84212503600503785  0.84962508735730335  0.85711988159463803
  0.86433892222005426  0.87158316550504900  0.87906731903373747  0.88728675012884650
  0.89582500379219931  0.90459140582186726  0.91376595945784944  0.92353434098590903
  0.93401503340338288  0.94506985887183170  0.95601565033060021  0.96516473815193426
  0.97311634510188827  0.98127681874920125  0.99010497460606017  1.00000000000000000
 -0.00305353607100248  0.01292938647719869  0.02157827242709545  0.03032873585650003
  0.03907948537648527  0.04824564240927992  0.05826208394383963  0.06807031058581832
  0.07795119423618339  0.08880054688893180  0.09926122363981393  0.10988840070470285
  0.12031696901153427  0.13070182098326472  0.14053312750576863  0.14973540337334817
  0.16028619175782846  0.17127103525441315  0.18424320808355313  0.20005272307508373
  0.21599020870268354  0.22902059151629159  0.24194280313578140  0.25483250859906981
  0.26739241430827276  0.27877148045137728  0.28895841817824541  0.29896998130525748
  0.30939924777587274  0.32025875949438071  0.33178065763298914  0.34438356875747256
  0.35532120657521860  0.36156362288771349  0.36803442197879754  0.37454786726728378
  0.38093237045505196  0.38735518467443314  0.39391543394808021  0.40053299972210793
  0.40710779754029741  0.41406237577391214  0.42336032067549789  0.43470607553977586
  0.44642864721076481  0.45878009656285934  0.46888474318061918  0.47921811133271947
  0.49028189292492291  0.50228145594221163  0.51311702941017612  0.52327069208985577
  0.53392957576702449  0.54543284854194474  0.55858003874162665  0.57288368659724787
  0.58572883488216532  0.59512667851134937  0.60320713568638162  0.61145325052839850
  0.62066305644425890  0.62920405862025230  0.63728832604286678  0.64442841500363834
  0.65316933634546692  0.66441806001730142  0.67571633831401323  0.69140075789953304
  0.70596430394915077  0.71900183866795975  0.73068303405106527  0.74147853713892142
  0.75233694608413004  0.76388942888096956  0.77665381536255429  0.79108655837255404
  0.80498906977995743  0.81711584659324488  0.82669789814473083  0.83658484998857485
  0.84611927278119581  0.85630862966785604  0.86703467892645569  0.87667354810033205
  0.88517787708555384  0.89334889345165802  0.90258902023793131  0.91330671725271606
  0.92619204596932581  0.94146428922063508  0.95401051566742590  0.96523798962658025
  0.97412023281784699  0.98306194466483199  0.99186648387706389  1.00000000000000000
 -0.00227278442815463  0.00999584910904221  0.01975047415105056  0.03013602404344761
  0.04045192947966757  0.05073633176011586  0.06162714713001069  0.07126543312961656
  0.08210753772305619  0.09297478654974951  0.10371363378604859  0.11631729075921128
  0.13079866399453882  0.14319833700931986  0.15311127952622403  0.16250435076674632
  0.17224335840027499  0.18240514365191679  0.19215998872807372  0.20022680558482844
  0.20731343646352887  0.21811778035492699  0.23007567659832731  0.24174802097857062
  0.25250270891497967  0.26162809393853437  0.27110354157591698  0.27948072618964565
  0.28832991681621106  0.29781679626658508  0.30791676581593957  0.32036656149665926
  0.33251399844737128  0.34379193011428383  0.35494919349379178  0.36587952930958934
  0.37683592584404746  0.38786855933782649  0.40013483908437425  0.41348170339296575
  0.42585172446900171  0.43745709472271216  0.44891512935243461  0.46147034014414345
  0.47507380914714376  0.48826418872685812  0.50069919606342705  0.51324290099192560
  0.52530553095131360  0.53628287695739119  0.54689994428263522  0.55805513841256871
  0.57100959959620801  0.58418155914809422  0.59498384347762812  0.60522153062792572
  0.61497833833968985  0.62679025150214696  0.63922220149610898  0.65036283717323706
  0.66140929986723351  0.67199453911192153  0.68365827376278898  0.69511370731802846
  0.70595175322352488  0.71526696229650011  0.72405099545802731  0.73312000051907933
  0.74297352488099977  0.75335930259522454  0.76413497624957305  0.77543852142356062
  0.78689419856491727  0.79705266415709253  0.80701651808097641  0.81691147166281075
  0.82786619143021800  0.83845980121722730  0.84910160065363804  0.86020694301996725
  0.87179061620216802  0.88393230347975627  0.89530430970763897  0.90679980571373942
  0.91857908359789520  0.92952627426114875  0.93888145596057071  0.94408238693791235
  0.95094040039693972  0.95795778644774754  0.96547648233103422  0.97315499609886036
  0.98030244495092200  0.98667450340148222  0.99315890372073956  1.00000000000000000
 -0.00305556067955849  0.01100533003569365  0.02348161066711463  0.03585243867146218
  0.04842613094821838  0.06120084591138663  0.07069537113956920  0.08002865012771843
  0.08857360522422336  0.09725797971441096  0.10650525013964819  0.11615198637959877
  0.12449475566500676  0.13116777325417928  0.13786912730205816  0.14529910342682240
  0.15361710339781134  0.16036608389553272  0.16697114689098325  0.17460776638510120
  0.18232373527208973  0.19219264142887132  0.20722966057377606  0.22145393124594681
  0.23233470402271988  0.23863883563034197  0.24550890813466147  0.25131777966720192
  0.25649105064684907  0.26144927371827487  0.26732532877557202  0.27416672441620327
  0.28105266384334093  0.28776617332431892  0.29771156150240274  0.31089774078514143
  0.32243063898087831  0.33354967772975441  0.34376685496375187  0.35397225256599318
  0.36423450300280763  0.37474235143213663  0.38585056054518663  0.39771775547942473
  0.41010244497441589  0.42268791263808880  0.43492609614309685  0.44537794730910146
  0.45546982391862240  0.46569963657483004  0.47623520336779807  0.48834382457729653
  0.50007785937272542  0.51166204696119666  0.52437420982708538  0.53711321237453968
  0.54908651023834099  0.56040964189422515  0.57165308247000746  0.58351003327120488
  0.59546661269665035  0.60719322332671621  0.61872428672648216  0.62888457971671730
  0.63806138048708461  0.64775080826064646  0.65852338314512904  0.66999289184573241
  0.67977480199432616  0.68776894129365296  0.69639100620062688  0.70534289451018617
  0.71593340641169745  0.72701786161973803  0.73790274697683700  0.74921583250117241
  0.76205064054020166  0.77632226535980287  0.79043783583852945  0.80441019720630347
  0.81665793874010062  0.82810783036017999  0.83935612720219210  0.85082032670368468
  0.86227072685012984  0.87317291193388924  0.88416909694944557  0.89575771880166022
  0.90856033663827485  0.92178367007475781  0.93470496310599083  0.94824483987724129
  0.96243304304064015  0.97486322095608391  0.98796721772049167  1.00000000000000000
 -0.00200810266504071  0.00794148853292396  0.01555947823448074  0.02305299037409722
  0.03076538299780969  0.03925710225640257  0.05005623758779203  0.06092257323446251
  0.06937775468513520  0.07764063539016566  0.08622920364963882  0.09603649595962674
  0.10767498582146039  0.12009305685050808  0.12902225144111912  0.13838012007367612
  0.14668489144812577  0.15439444327564930  0.16187390714064198  0.16912868167083378
  0.17689437563578067  0.18559749543939524  0.19534825631139430  0.20429221953288457
  0.21272693268292317  0.22136745097394622  0.23041327630335134  0.24060714383336665
  0.25184868623685447  0.26437169553130402  0.27685829172649468  0.28710287554757891
  0.29541251312770789  0.30323573921391095  0.31113989151177524  0.31912892496783607
  0.32843518538242722  0.34098513557884463  0.35338503081076728  0.36411894830508884
  0.37446831603551289  0.38488684642979448  0.39616567087518412  0.40818273745582401
  0.42054352366206105  0.43305133182128724  0.44534107594106476  0.45701870814929080
  0.46369359173374913  0.47017602083228716  0.47739738494700873  0.48539948288158147
  0.49386607880340627  0.50194839508232558  0.50895673453067491  0.51571250984075212
  0.52369256033584921  0.53585868921507751  0.54692083480612286  0.55857149822428132
  0.56998989660334076  0.58124095223973904  0.59323807185009936  0.60548060067945486
  0.61757883829315297  0.63011745465999014  0.64260228177352618  0.65581219014044290
  0.66830098202188548  0.68028711525201857  0.69164221889034116  0.70281551417735322
  0.71510179952295561  0.72795685257346332  0.74209358038134154  0.75671712965646676
  0.77205340157696245  0.78867972651093199  0.80386327811982838  0.81717698569512498
  0.83016137020364611  0.84268103636632208  0.85567588923963167  0.86903089945200196
  0.88373713946470744  0.89699357383078016  0.90686878896075884  0.91625939093629749
  0.92451236626151223  0.93248164503129938  0.94112651378310241  0.95022038162143174
  0.95960584179915143  0.97306919613943355  0.98672043234820905  1.00000000000000000
 -0.00277164754836716  0.01155585395464460  0.02338931081079033  0.03405862636543372
  0.04476365550820743  0.05499708942233036  0.06634137562127727  0.07820222005448470
  0.09036351774404294  0.10236007205478848  0.11528372019723053  0.12765505745864902
  0.14167043527211076  0.15529467332365074  0.16911950568699011  0.18186315190203300
  0.19382933941941391  0.20551618332752133  0.21675200610485873  0.22826328255958392
  0.24024187412788309  0.25115759150619227  0.26017146093052929  0.26932341081352479
  0.27801820063332211  0.28639134385029125  0.29538239634567487  0.30409481724162257
  0.31189292309938665  0.31981885555547762  0.32906994168842280  0.33869763746605303
  0.34968182423568545  0.36213355160451122  0.37455968731549077  0.38665573347944870
  0.39887455792130000  0.41140789376950621  0.42339141530294677  0.43365372573519267
  0.44132942189039365  0.44758009919065406  0.45521676855232307  0.46301419928527765
  0.46977750386814315  0.47653504432665261  0.48410046523833222  0.49247974638247483
  0.50013283432253886  0.50737105422177808  0.51606194631833446  0.52412294230287715
  0.53417706459165992  0.54723547646645210  0.56020089001140938  0.57183805988928660
  0.58237538304871717  0.59334884235110608  0.60404211968085675  0.61504777092430030
  0.62643678116170942  0.63888650015076942  0.65064933963030358  0.66098348457967127
  0.67052885134890361  0.68010722711143468  0.69016989091003011  0.70223992955612702
  0.71483647530009919  0.72691077664266091  0.73846535132111779  0.74998022279925969
  0.76166791917713916  0.77421302715186735  0.78596249817744357  0.79726651468291498
  0.80818547615468650  0.81875616808736618  0.82946696898981154  0.84068070387353777
  0.85157516940623035  0.86069363209363370  0.86972490730999508  0.87828583713731323
  0.88678944041127639  0.89549095859970951  0.90417437513898136  0.91335316345065032
  0.92378339436185208  0.93493449593060951  0.94672034681850736  0.95724376763479013
  0.96812129689838500  0.97851323796518752  0.98875554256783238  1.00000000000000000
   2.8155635290683934E-007  -1.0000000000000000     
 T T T T T T T T T T T T T T T T T T T T T T T T T T T T T T T T T T T T F F F F F F F F F F F F F F F F F F F F F F F F F F F F F F F F F F F F F F F F F F F F F F F F F F F F F F F F F F F F F F F F F F F F F F F F T T T T T T T T T T T T T T T T T T T T T T T T T T T T T T T T T T T T F F F F F F F F F F F F F F F F F F F F F F F F F F F F F F F F F F F F F F F F F F F F F F F F F F F F F F F F F F F F F F F F F F F F F F F F F F F F F F F F F F F F F F F F F F F F F F F F F F F F F F F F F F F F F F F F F F F F F F F F F F F F F F F F F F F F F F F F F F F F F F F F
  <DiscreteSampler_grid>
  grouped_processes
  1 # 1 for a reference and 2 for a running grid.
  10 # Attribute 'min_bin_probing_points' of the grid.
  1 # Attribute 'grid_mode' of the grid. 1=='default',2=='initialization'
  0.0000000000000000 # Attribute 'small_contrib_threshold' of the grid.
  0.5000000000000000 # Attribute 'damping_power' of the grid.
 # binID   n_entries weight   weight_sqr   abs_weight
    10   10   3.232066632197251E+002   6.694538000800161E+005   3.232066632197251E+002
  </DiscreteSampler_grid>
