 -0.00896488765655110  0.01990310244514482  0.04586322208050868  0.07204220721075044
  0.09699217447102539  0.12094832110977430  0.14168206744656817  0.16212354535543333
  0.18281396952043158  0.20323664476375244  0.22376888740556758  0.24667291321461846
  0.26935709055060991  0.29173816053926055  0.31400080508317879  0.33621155096241184
  0.35779058158405475  0.37934034945427741  0.40081790169938397  0.42221057066482109
  0.44353670633722136  0.46456642228821876  0.48552933767436668  0.50644374470815179
  0.52729881508826570  0.54804262707500173  0.56850970702520309  0.58879185854310234
  0.60900110233337190  0.62918136010204906  0.64919507570584478  0.66951012757867834
  0.69053155460889259  0.71152048071996543  0.73247484367119198  0.75302961302414617
  0.77338255192752670  0.78890692777040106  0.80477498255864888  0.82269663862758813
  0.82745096438270760  0.82856025590621163  0.82953953294199156  0.83233741736157163
  0.83555895992774765  0.83873121991817634  0.84189267398622480  0.84505562997637484
  0.84822555852969950  0.85139274767965079  0.85455997433661723  0.85773486663591847
  0.86091170588663124  0.86408860243983576  0.86727181628754035  0.87045801523963284
  0.87364738549840748  0.87684023292950630  0.88003138859958940  0.88322057178509616
  0.88641363758900016  0.88961233659683958  0.89281299751327536  0.89601232329665836
  0.89921555869767522  0.90243300590260123  0.90565093385549955  0.90886520610271071
  0.91209042565352960  0.91532022903858601  0.91854681879338917  0.92177168795678621
  0.92499572046122491  0.92822302637869314  0.93145348365107339  0.93469009467962605
  0.93793386555241409  0.94118017535882370  0.94442522541282259  0.94767260134405595
  0.95092145066055567  0.95417325993946422  0.95743050960936738  0.96069200343832906
  0.96395446099201543  0.96722103998859899  0.97049995402591493  0.97377996895167340
  0.97705301359943930  0.98032198777830948  0.98359152324692001  0.98686595806707300
  0.99014732387012783  0.99343101742155382  0.99671509638845679  1.00000000000000000
 -0.00250883766667918  0.00925311012015041  0.01944088117413501  0.02975308818669599
  0.03982071240668310  0.05086445669931047  0.06167053219589804  0.07199338761953278
  0.08249490355978510  0.09348876169307624  0.10451659358934937  0.11579553905020049
  0.12713958009886805  0.13905472155224050  0.15023028025902563  0.16168309089791466
  0.17267743390290999  0.18346638923896050  0.19387855824061101  0.20418257502819953
  0.21506016152859680  0.22602937512141058  0.23726422144716280  0.24865261171975239
  0.26024893543995203  0.27206214398963752  0.28374491662471635  0.29508702106886991
  0.30615096955125659  0.31685240525885477  0.32694820503609123  0.33650131946872480
  0.34583863253690927  0.35527465431165794  0.36477732328446755  0.37448399573081120
  0.38496411626834187  0.39599141425329520  0.40795851258747484  0.41946031098464420
  0.42951669498151862  0.43913602782845579  0.44855935221096127  0.45795008195396841
  0.46677868255517185  0.47582103889984845  0.48569846019959112  0.49587506435379203
  0.50573615143177120  0.51644594019766421  0.52675289473419062  0.53692581342995627
  0.54692613669525725  0.55731638566108599  0.56781377476953854  0.57790979060294312
  0.58826346277962205  0.59901520233281791  0.60948454269117747  0.61952847180746573
  0.63035597892577366  0.64168540209735381  0.65290015571840454  0.66397767869639857
  0.67454727483395316  0.68448882149876278  0.69441576074786016  0.70432533862246904
  0.71465527234472115  0.72459869440300884  0.73470090614225969  0.74486371131729401
  0.75478963863781201  0.76486536567701913  0.77550747811212772  0.78672901319884636
  0.79752270860733376  0.80799171705536588  0.81850452161356591  0.82929812104296707
  0.83992138348716583  0.85015005406242428  0.86051423024642604  0.87095718226312524
  0.88177053205517275  0.89254958004076179  0.90290045638518746  0.91312987410978697
  0.92399955923527111  0.93533168649270626  0.94611823714211241  0.95634461367608503
  0.96677117058161433  0.97749882914145192  0.98852828778525370  1.00000000000000000
   6.4091245610972273E-006  -1.0000000000000000     
 T T T T F F F F F F F F T T T T F F F F F F F F F F F F F F F F
  <DiscreteSampler_grid>
  grouped_processes
  1 # 1 for a reference and 2 for a running grid.
  10 # Attribute 'min_bin_probing_points' of the grid.
  1 # Attribute 'grid_mode' of the grid. 1=='default',2=='initialization'
  0.0000000000000000 # Attribute 'small_contrib_threshold' of the grid.
  0.5000000000000000 # Attribute 'damping_power' of the grid.
 # binID   n_entries weight   weight_sqr   abs_weight
    10   10   4.873819146932581E+007   2.375902566002232E+015   4.873819146932581E+007
  </DiscreteSampler_grid>
