 -0.00594228081138273  0.00870292299258349  0.02443077743706398  0.04231723002326257
  0.06058212018013928  0.07896418482557685  0.09260675533385697  0.10638511086130395
  0.12033171723799629  0.13427347609985149  0.14815747656925965  0.16196930823580874
  0.17776794378934299  0.19372411585377647  0.20950467468737544  0.22534553626245826
  0.24117810034803738  0.25675250536436967  0.27228440873907839  0.28777711388053345
  0.30332493181727671  0.31893349782700497  0.33465688167962820  0.35045258389026385
  0.36624804802558963  0.38179381403050905  0.39741164304990106  0.41311438150483781
  0.42888175459674088  0.44465354992438150  0.46039181771997373  0.47613785417740295
  0.49188948278615724  0.50743765073408975  0.52303853326732486  0.53876470139494903
  0.55421849017900937  0.56956720492039037  0.58499992235887521  0.60043224433155873
  0.61586401742422037  0.63154496666052051  0.64728436498993347  0.66296571605647536
  0.67858742399139893  0.69415934530537449  0.70955855404699819  0.72495829473550821
  0.74041399138052333  0.75582997202368030  0.77121894400836177  0.78672131769829701
  0.80218456517048309  0.81753273510466085  0.83287756690371273  0.84822048668987493
  0.86353472773466011  0.87915292475493423  0.89531674050264554  0.91190850512819577
  0.92871030373216379  0.94674812361695415  0.96089652712511275  0.96824645388255859
  0.97315010360557019  0.97509343453603126  0.97521368045456724  0.97560879359281039
  0.97646705796475786  0.97732760306061872  0.97818924193870160  0.97905186551666235
  0.97991761827755441  0.98078770078668687  0.98166329550285214  0.98253239280962823
  0.98340371016681905  0.98427773891190817  0.98515224268817037  0.98602033293768809
  0.98688415864919499  0.98776006339232281  0.98862831205270718  0.98949982070689435
  0.99038112626855412  0.99126337430997491  0.99214781810070884  0.99302093532137192
  0.99388569488238365  0.99476418591562721  0.99563580654618267  0.99650639554159293
  0.99737820711875425  0.99825803399633406  0.99913416043451031  1.00000000000000000
 -0.00290534431390037  0.01027101644571937  0.02095002759398153  0.03013081181863277
  0.03921165384364045  0.04792427342641373  0.05685395930698478  0.06589742507571385
  0.07577892119994793  0.08549390649560140  0.09601856929570943  0.10659373285963564
  0.11604586086337182  0.12500985198371176  0.13401048434151058  0.14307268173244719
  0.15210675759266684  0.16098782830653957  0.16934500322302926  0.17742243660049645
  0.18613244057257158  0.19514906917396144  0.20446485230945180  0.21342212016450646
  0.22213100679566936  0.23121488215101826  0.24947881972524205  0.25892901327598672
  0.26820975297111654  0.27739089242500603  0.28664886719926425  0.29608566724419966
  0.30560193515094625  0.31715879413484621  0.33140887834748589  0.34756569134553084
  0.36309433391191503  0.37900151110322777  0.39525136835645647  0.41178379286364936
  0.42868425556158263  0.44753715478003808  0.46207854116052316  0.47360403502789244
  0.48442179180767092  0.49560574578592415  0.50739102537277148  0.51893382002155675
  0.53034017859139126  0.54091740297053537  0.55106672053666239  0.56081213177095735
  0.57085291242753011  0.57969784461623197  0.59200251895535672  0.60680710461673681
  0.62176925526048665  0.63643403167135515  0.64985113722361487  0.65979177904629827
  0.66959138749893243  0.67983682493211761  0.68900036317714364  0.69747706513802143
  0.70612908749017489  0.71472387573277896  0.72307244252421465  0.73107818899122734
  0.73933501737845464  0.74768960285732788  0.75540577143905063  0.76273270566165874
  0.77054042096548059  0.77997289466967834  0.78982745189807568  0.79905959937669646
  0.80772360042931568  0.82128380379170685  0.83617395178817244  0.84702582004321203
  0.85681071787120255  0.86652829045631508  0.87533430912100485  0.88307986638318658
  0.89067431635339078  0.89896087249738377  0.90772298737937474  0.91606994981406109
  0.92472324482687041  0.93421619234036613  0.94604503400560092  0.96208501660670631
  0.97092825172137442  0.98053395448210845  0.99006400420810436  1.00000000000000000
   5.2200186883333812E-006  -1.0000000000000000     
 T T T T F F F F F F F F T T T T F F F F F F F F F F F F F F F F
  <DiscreteSampler_grid>
  grouped_processes
  1 # 1 for a reference and 2 for a running grid.
  10 # Attribute 'min_bin_probing_points' of the grid.
  1 # Attribute 'grid_mode' of the grid. 1=='default',2=='initialization'
  0.0000000000000000 # Attribute 'small_contrib_threshold' of the grid.
  0.5000000000000000 # Attribute 'damping_power' of the grid.
 # binID   n_entries weight   weight_sqr   abs_weight
    10   10   2.756830304231614E+007   7.600117186231152E+014   2.756830304231614E+007
  </DiscreteSampler_grid>
