 -0.00569935232410638 -0.00052916588411170  0.00944658721095385  0.02750383580189530
  0.04535339696687693  0.06312998194837550  0.08089111034081223  0.09746631591896637
  0.11272284331861455  0.12846479467048447  0.14426732519318894  0.16008426269316470
  0.17638046742512703  0.19296174555040807  0.20996006010526438  0.22689298389298240
  0.24375257445616816  0.26043531676169379  0.27725866850602643  0.29416927640225454
  0.31126334884100137  0.32840152733902056  0.34558175337050062  0.36321842600801557
  0.38074650889819417  0.39805940289215330  0.41513108809606997  0.43220489393809913
  0.44983215965482642  0.46753687470985172  0.48532568197971837  0.50296949023728621
  0.52055050309221429  0.53797378694013265  0.55524159677101759  0.57237284425327362
  0.58984182544321273  0.60716140596003598  0.62379822904490478  0.64028473180636991
  0.65666403214853009  0.67315375528600174  0.68955495267544109  0.70572868255776111
  0.72179787455657918  0.73780452370475258  0.75363533717594999  0.76941867400094377
  0.78513808680585429  0.80083887422195021  0.81652898515050054  0.83218343955340068
  0.84767713374224141  0.86299716209411004  0.87966312062843000  0.89669988902537034
  0.91398510834944335  0.93194468052403212  0.95148703042879368  0.95882718202532846
  0.96171916076408659  0.96298789310104649  0.96319880941023783  0.96387269229429917
  0.96500704000174664  0.96612895405226307  0.96725710832398382  0.96838657949885576
  0.96951290496847042  0.97063028137165608  0.97174481808451696  0.97286996026448713
  0.97400856265179880  0.97513331641652046  0.97626694250821577  0.97739799274114481
  0.97853286622971791  0.97966802064470027  0.98080706054641686  0.98191982594090077
  0.98302157343564034  0.98413908488778068  0.98527300280867447  0.98640576286747828
  0.98753500299965924  0.98865764904229270  0.98978576281839148  0.99092152852111470
  0.99207746514104755  0.99324637559889795  0.99437496875953324  0.99547389794456498
  0.99658528008609049  0.99771103897565472  0.99885107371032800  1.00000000000000000
 -0.00342959436728634  0.01102084465580045  0.02532300197999619  0.03789222788187654
  0.04789154746344082  0.05617878784629954  0.06413981567523661  0.07240943519421081
  0.08137158627314711  0.09043242420505511  0.09917571619188251  0.10968528068790884
  0.12243197010676699  0.13571689141778262  0.14885036493782999  0.16264087581037961
  0.17765007094878740  0.19116031574568232  0.19842708539163761  0.20538653487419856
  0.21239251436507528  0.22005203032497289  0.22842197428099445  0.23686442430940058
  0.24497632577660836  0.25659159755950739  0.27036241095776486  0.27792492893189752
  0.28498873370214201  0.29322284417908118  0.30208598841431167  0.31131014755430592
  0.32019927241892465  0.32772767930165442  0.33739369052191753  0.34954010054385293
  0.36160298831835358  0.37300248933547153  0.38479304866038316  0.39636281528530370
  0.40809455744678941  0.42123271044027122  0.43406176591506224  0.44711689546396888
  0.46109176854669703  0.47512008730885957  0.48907427250992941  0.50289536389923750
  0.51656422837534754  0.53054175326929687  0.54433109903491450  0.55895124260202000
  0.57554271692238490  0.58630433143951211  0.59365594546834377  0.60134806941039143
  0.60911035230352006  0.61687951309734490  0.62460728038102642  0.63240827466055627
  0.63972925638641631  0.64904672816163289  0.66136499086168943  0.67402122357850058
  0.68529896662100986  0.69360188018982216  0.70142650258902495  0.71017797974808239
  0.71876982933021039  0.72735088552760052  0.73466362908930194  0.74121523895009422
  0.74774130616061973  0.75434297954278406  0.76095849641874325  0.76760503938332414
  0.77404265311198517  0.78034212988784191  0.78661756890478107  0.79341572687951833
  0.80183232310883357  0.81033977192992868  0.82461915010015518  0.83866440395520137
  0.85182944967539376  0.86452768880000830  0.87710534533412954  0.89030082135327249
  0.90458361527855768  0.91867498889779831  0.93247382153855696  0.94616061628645343
  0.95962211378171758  0.97309879996767612  0.98675790256708207  1.00000000000000000
   3.8534853401274559E-007  -1.0000000000000000     
 T T T T F F F F F F F F T T T T F F F F F F F F F F F F F F F F
  <DiscreteSampler_grid>
  grouped_processes
  1 # 1 for a reference and 2 for a running grid.
  10 # Attribute 'min_bin_probing_points' of the grid.
  1 # Attribute 'grid_mode' of the grid. 1=='default',2=='initialization'
  0.0000000000000000 # Attribute 'small_contrib_threshold' of the grid.
  0.5000000000000000 # Attribute 'damping_power' of the grid.
 # binID   n_entries weight   weight_sqr   abs_weight
    10   10   6.055798035816897E+005   3.667346192255872E+011   6.055798035816897E+005
  </DiscreteSampler_grid>
