 -0.00553415571714721  0.00493142275275559  0.01782381021634687  0.03550292598092916
  0.05346238525871308  0.07141374824787637  0.08635074186208848  0.10067699684687620
  0.11436455204284109  0.12833520203911958  0.14205271296408375  0.15564532448465984
  0.17140143234030261  0.18734274451014588  0.20348256855706157  0.21953080177351694
  0.23555164488064881  0.25153094940606535  0.26746091095986885  0.28336578901833576
  0.29941192628586383  0.31550707080546186  0.33167083123949725  0.34800337302813089
  0.36434526472146056  0.38058193848115518  0.39673071358785500  0.41282380151066123
  0.42888277422648030  0.44494824468836142  0.46102745343694385  0.47719793443359970
  0.49341108087603835  0.50967145286338544  0.52591217974207916  0.54212838407036812
  0.55828181516935893  0.57434186998118264  0.59006879021170799  0.60576038705425383
  0.62142352698516645  0.63686879238780469  0.65222151943187634  0.66736601870418932
  0.68257519453711379  0.69782655485664147  0.71302435204440362  0.72822009134634180
  0.74341520419943430  0.75853348823810651  0.77362059035351538  0.78877796973201431
  0.80386326016059961  0.81884239745514475  0.83381827751892068  0.84875467745452526
  0.86349532468874990  0.87860974691303972  0.89406641124107145  0.91015642548856668
  0.92649924951927620  0.94386339606239267  0.95729393583627298  0.96630277797808350
  0.97147791284584206  0.97507834543923688  0.97517611628384071  0.97543481061871762
  0.97627975408104295  0.97715670673770150  0.97803609746841336  0.97892219454894602
  0.97979536326053351  0.98066039804514282  0.98153353473050309  0.98241342581262614
  0.98328175634871418  0.98415271579768071  0.98503366587183960  0.98590624320930276
  0.98677682660314125  0.98764446564040087  0.98851438487167920  0.98939814063235643
  0.99028611558314372  0.99117883481745106  0.99206996277775816  0.99294936088792529
  0.99383225712003431  0.99470969510094331  0.99559474954906468  0.99647666624202280
  0.99735276583797783  0.99823344916601842  0.99911855499007007  1.00000000000000000
 -0.00540930715921953  0.01553637962992907  0.03243691554987051  0.04556635856030363
  0.05592241731707957  0.06533094042922538  0.07433338011793204  0.08324607981751100
  0.09236273149168323  0.10164163591462078  0.11057681981137146  0.11929278680902390
  0.12794831054263897  0.13687036073251141  0.14602313774509687  0.15561603214144076
  0.16491746969581408  0.17476391677161859  0.18567513131874225  0.19874061233998308
  0.21673092174382352  0.23001120047339729  0.24097426253558057  0.25189451416762787
  0.26226425554702498  0.27237958103818805  0.28133837222884933  0.28982899641228277
  0.29863697816150025  0.30844303658241046  0.32108447379117111  0.33605063231306026
  0.34581609420137210  0.35760331041367233  0.36884375528386731  0.37925121944234086
  0.38866875656747912  0.39873409714025454  0.40757166844339615  0.41558867976307984
  0.42305737256471698  0.43095491116783952  0.43951495775854943  0.44805332067904508
  0.45674301871304679  0.46625972868783599  0.47615751052464317  0.48554303045336245
  0.49459673587973402  0.50536790526155495  0.51831433046170572  0.53223665764223993
  0.54669951362404645  0.56270930010601961  0.57700146323658175  0.58842024106922364
  0.59775897453219884  0.60696658135750237  0.61671256747090952  0.62577245135897286
  0.63370187504257924  0.64111433804488749  0.64959687251144049  0.65973560743068915
  0.66988170085434706  0.67907697278627610  0.68837332562786435  0.69907168626419691
  0.70967715109681129  0.71986862469193713  0.72990829222349785  0.73976055156880838
  0.74999659639061766  0.76085348640624206  0.77330188837526737  0.78833499230012194
  0.80568236087037914  0.81691256759361985  0.82616781898445524  0.83587958047779232
  0.84546688271782056  0.85481609668897818  0.86412619121505208  0.87281977432687974
  0.88359324941761996  0.89352390099186618  0.91242660695798039  0.92512311839080674
  0.93608379827324906  0.94508822313034468  0.95456794571908199  0.96450420181136087
  0.97402395048063273  0.98283851187167748  0.99148624151710107  1.00000000000000000
   5.2015578936003803E-006  -1.0000000000000000     
 T T T T F F F F F F F F T T T T F F F F F F F F F F F F F F F F
  <DiscreteSampler_grid>
  grouped_processes
  1 # 1 for a reference and 2 for a running grid.
  10 # Attribute 'min_bin_probing_points' of the grid.
  1 # Attribute 'grid_mode' of the grid. 1=='default',2=='initialization'
  0.0000000000000000 # Attribute 'small_contrib_threshold' of the grid.
  0.5000000000000000 # Attribute 'damping_power' of the grid.
 # binID   n_entries weight   weight_sqr   abs_weight
    10   10   2.757324534957402E+007   7.602844721557112E+014   2.757324534957402E+007
  </DiscreteSampler_grid>
