 -0.00287316103053312  0.00474239742968110  0.02059591219932639  0.04272827524576013
  0.06665257860204284  0.08969279531159008  0.11302095372551679  0.13406353415730049
  0.15393144806790088  0.17395193817998156  0.19403057605475438  0.21417230570789994
  0.23433732453703879  0.25450823408642526  0.27531987538993924  0.29597628024426986
  0.31655134051257622  0.33711881341978095  0.35670836941443346  0.37595615757336992
  0.39568512738156275  0.41799857219855929  0.43271707285059047  0.44022118158565932
  0.44436180128539104  0.45270894837070769  0.46051941366870636  0.46832076610754153
  0.47607903229115206  0.48382513802083893  0.49160568471516497  0.49938869818709625
  0.50714499283841019  0.51489795012711692  0.52268081365782348  0.53049962110051874
  0.53834768264839206  0.54618637060407149  0.55401827186979025  0.56185612337162993
  0.56970648214620334  0.57758274908094664  0.58545029718496766  0.59336064062601468
  0.60130586771644101  0.60923793111060975  0.61714301395883431  0.62505662089373293
  0.63298478420675330  0.64088050245123773  0.64872777029855277  0.65656268286453934
  0.66447554260492181  0.67242618392842324  0.68037687944886938  0.68829824469189105
  0.69620495815478778  0.70410734910577288  0.71201647971903215  0.71994236084352403
  0.72788015028797548  0.73580828714191027  0.74370558013016730  0.75158776941027916
  0.75946307144239855  0.76736456004323039  0.77522995598687439  0.78310585482197170
  0.79098722213453332  0.79886131377393244  0.80672278012454779  0.81456381111405030
  0.82241758897322259  0.83027479500845458  0.83813548606431509  0.84598664298433368
  0.85381450077189192  0.86161602043957841  0.86940539676618489  0.87720052006222304
  0.88499532576304285  0.89279161815536934  0.90055111071927707  0.90828301935521927
  0.91600224111363482  0.92375030318087004  0.93148294556861466  0.93917363769434603
  0.94679458209013856  0.95439400042331746  0.96198292986303169  0.96958947495739389
  0.97719537018400227  0.98479539600266774  0.99238453771718838  1.00000000000000000
 -0.00295358742016553  0.01099409170173409  0.02162144472893579  0.03281772052016053
  0.04351018411768133  0.05491095953840219  0.06652726045079813  0.07832107737172862
  0.08908848889563725  0.09890575113999168  0.10865066834745014  0.11859182323117100
  0.12928308493286525  0.13988394574147942  0.15085960409247948  0.16198081516499441
  0.17238102137058775  0.18274719966545300  0.19342089156864112  0.20441687906599507
  0.21489764524855165  0.22523260411959567  0.23527766924902438  0.24506262258371886
  0.25474761549107222  0.26472925922736695  0.27536128207568661  0.28616230220054001
  0.29641584444748187  0.30652297241071053  0.31642810583708070  0.32616424917086073
  0.33577990910198768  0.34563450469369533  0.35570122498201656  0.36604900513601063
  0.37680844954940829  0.38780150203455194  0.39815475694654839  0.40775977132738073
  0.41732026049295978  0.42703654488529802  0.43679223431095177  0.44676704210115109
  0.45688579401627616  0.46723944359276220  0.47730925833792104  0.48766380548279059
  0.49809131500906312  0.50882762406630833  0.51953690191402346  0.53078451715985031
  0.54222233948206222  0.55323894355205439  0.56404952078353232  0.57497478175442152
  0.58593076255101206  0.59697543802936992  0.60797868217888795  0.61904108435862204
  0.62993796615697684  0.64076419160704212  0.65152371807801701  0.66234821498591778
  0.67318314698004089  0.68398058576778642  0.69435184382239123  0.70444652009974973
  0.71460938389402218  0.72495953697674820  0.73586445820036428  0.74703072794759218
  0.75804489336307490  0.76840318658612683  0.77807289168719085  0.78786885489920266
  0.79876652111350088  0.80960535254128407  0.81986899626197129  0.82998451731978906
  0.83986801348332796  0.85014713472527870  0.86040614940479154  0.87026784639914245
  0.87999982365037999  0.88964430145661377  0.89989647137705453  0.91068108750052912
  0.92135367682176572  0.93266829058908673  0.94388311000909564  0.95537661588828870
  0.96699695834130361  0.97826922209335865  0.98944645969113054  1.00000000000000000
   7.0095143872181044E-006  -1.0000000000000000     
 T T T T F F F F F F F F T T T T F F F F F F F F F F F F F F F F
  <DiscreteSampler_grid>
  grouped_processes
  1 # 1 for a reference and 2 for a running grid.
  10 # Attribute 'min_bin_probing_points' of the grid.
  1 # Attribute 'grid_mode' of the grid. 1=='default',2=='initialization'
  0.0000000000000000 # Attribute 'small_contrib_threshold' of the grid.
  0.5000000000000000 # Attribute 'damping_power' of the grid.
 # binID   n_entries weight   weight_sqr   abs_weight
    10   10   2.461584625232498E+007   6.084686628396476E+014   2.461584625232498E+007
  </DiscreteSampler_grid>
