 -0.00333692179057744  0.01043793932847282  0.02326130287547574  0.03599466941742956
  0.04879108205404632  0.06150365563462096  0.07407835913471705  0.08500301118040224
  0.09620398225145457  0.10753971079842982  0.11885547130264336  0.13031975551112712
  0.14197311511460764  0.15377233713170407  0.16573067779588388  0.17752852187056836
  0.18922342514356283  0.20096016448383189  0.21258360089966849  0.22416779499140002
  0.23579296192738200  0.24748441435982249  0.25921770824482615  0.27092381303488172
  0.28288238985699360  0.29480502120116575  0.30670198939509080  0.31856896141566510
  0.33038827315576136  0.34214308378920866  0.35384221354393874  0.36560063588471425
  0.37735147670564601  0.38908197028756691  0.40084173066276324  0.41264219810693265
  0.42451244270689076  0.43647227852847892  0.44834357450691148  0.46019888959651012
  0.47202834226941143  0.48377457631990639  0.49550142820170823  0.50725519231515470
  0.51904148766845337  0.53085020196806687  0.54258991570534154  0.55418803526922800
  0.56567798476534448  0.57710593877289273  0.58846294510934183  0.59979589200276240
  0.61120825322622019  0.62268454642279447  0.63413460802473942  0.64569381346271071
  0.65735187422197350  0.66905947163482749  0.68079436454944464  0.69252412558761389
  0.70421584593055253  0.71592504600831375  0.72758107800374083  0.73920921703891473
  0.75090108025834590  0.76263906851894581  0.77439187618675376  0.78615723926920078
  0.79796161559480416  0.80976630064446153  0.82165551285154248  0.83342986709143885
  0.84514134625637682  0.85682180719150325  0.86850371411314420  0.88025977664254051
  0.89202576919220467  0.90381251682100894  0.91559807003002447  0.92744086889614397
  0.93905942344504534  0.95036902341722229  0.96165533343722676  0.97269516621037500
  0.98604720213088415  0.99275941395111034  0.99370807937859806  0.99423111748148951
  0.99495363152892924  0.99567523605274566  0.99639332223395238  0.99711390197779004
  0.99783735305052657  0.99856046772401597  0.99927941510762452  1.00000000000000000
 -0.00413950438472427  0.01185808266725448  0.02678826153595511  0.04088560058868369
  0.05459484277368362  0.06820705234855270  0.08159487118652618  0.09491636778640050
  0.10851399257905671  0.12249787511907158  0.13856921949494080  0.15114950631942267
  0.16038159708469779  0.17016333315930934  0.17985296793100153  0.18938373013192411
  0.19875719370532949  0.20815563193785755  0.21747949019894841  0.22690836367284023
  0.23628956599926279  0.24546020083087269  0.25477693523892836  0.26430973510706812
  0.27367414782857591  0.28258159725701493  0.29194272571235258  0.30123987162924587
  0.31031884163256651  0.31926314626256058  0.32796488806221535  0.33798400977176341
  0.34956278422578496  0.36142686013604686  0.37064928222366345  0.38096742987061943
  0.39083122814277749  0.40055608197056580  0.40974755502717125  0.41992149681193358
  0.43409572542341551  0.44874576150665330  0.46305464720174822  0.47592766671997672
  0.48662427264600699  0.49583626627531113  0.50507879999567551  0.51462188378254481
  0.52386668195079555  0.53277756782580121  0.54154607189983250  0.55083926809672823
  0.56027077112459056  0.56977687202905769  0.57889110830318080  0.59080079489476089
  0.60427308779663613  0.61405354651013488  0.62329914722508040  0.63245213736079808
  0.64116183317416819  0.64981011307640912  0.65858447992185065  0.66785429209898628
  0.67749988990261456  0.68839482931180362  0.70312641393226616  0.72191221215581891
  0.73784605585473451  0.75460591270185473  0.76896642761415368  0.77874918180281538
  0.78723947837496366  0.79648232755960868  0.80558363768700003  0.81453102483650042
  0.82311054101150616  0.83134332118494059  0.83972252978028294  0.84792400013163538
  0.85617057293067367  0.86448996060059025  0.87306679131962373  0.88179283431886768
  0.89071840557878801  0.90150502375944908  0.91379651094194192  0.92515483034872315
  0.93488331605884634  0.94430465825499521  0.95382477471994265  0.96297647570718092
  0.97200139827292675  0.98115957886954974  0.99082881792140276  1.00000000000000000
   1.9397617656946341E-006  -1.0000000000000000     
 T T T T F F F F F F F F T T T T F F F F F F F F F F F F F F F F
  <DiscreteSampler_grid>
  grouped_processes
  1 # 1 for a reference and 2 for a running grid.
  10 # Attribute 'min_bin_probing_points' of the grid.
  1 # Attribute 'grid_mode' of the grid. 1=='default',2=='initialization'
  0.0000000000000000 # Attribute 'small_contrib_threshold' of the grid.
  0.5000000000000000 # Attribute 'damping_power' of the grid.
 # binID   n_entries weight   weight_sqr   abs_weight
    10   10   3.771537902842251E+007   1.422449827193847E+015   3.771537902842251E+007
  </DiscreteSampler_grid>
