 -0.00417070926398540  0.00890992193006242  0.02300999796391241  0.03824522269366296
  0.05360146070053190  0.06861912277539242  0.08315667599587508  0.09598301302661782
  0.10882304517244366  0.12178339511823716  0.13459903493321182  0.14756898800573690
  0.16102988635984672  0.17657969453676603  0.19182155440075316  0.20688249601529174
  0.22186399672910120  0.23693061710749902  0.25208940082965237  0.26728598474049875
  0.28247015735008263  0.29761726574111136  0.31301255628518687  0.32849569974241549
  0.34394465957561565  0.35938716347399113  0.37480900027865283  0.38972323570158079
  0.40458805657766739  0.41938065797427287  0.43417841417985392  0.44900699300948038
  0.46403979782912774  0.47923486240671331  0.49459085417524440  0.50997628424806629
  0.52535023562087124  0.54068781879990346  0.55593852922460352  0.57114875371884566
  0.58635986943792640  0.60161063847048690  0.61691303064477832  0.63288259263375923
  0.64893129667434490  0.66469927991316524  0.68037979336769494  0.69598981986681707
  0.71115460637056194  0.72630283919375793  0.74159420664064313  0.75683439224623128
  0.77203224054511810  0.78680216010920678  0.80153063146785219  0.81631630565903845
  0.83121045365783741  0.84617582086789578  0.86119497239300780  0.87623767878502523
  0.89131860371532934  0.90648963570285435  0.92139180471336934  0.93485333807266568
  0.94795094366203136  0.96084307294627114  0.97561558353223576  0.98088626557021263
  0.98123786718070505  0.98135822527008676  0.98185389062470241  0.98257854318955551
  0.98331252779099854  0.98404159691988491  0.98476524668941523  0.98547869286953105
  0.98619608547850313  0.98691256661492999  0.98765105893850236  0.98838434472619885
  0.98909720838412651  0.98980963327799598  0.99052586168030299  0.99124811458390782
  0.99198679893950936  0.99272018776330895  0.99344716799317789  0.99417099141418086
  0.99489580962023927  0.99561949368073843  0.99634581839440661  0.99707395865724091
  0.99779562085169293  0.99853282559845058  0.99927348109478897  1.00000000000000000
 -0.00421440386617317  0.01435207229085538  0.02520164884022510  0.03351401710720658
  0.04226509564469894  0.05108147872131557  0.05957354954803955  0.06839356990576935
  0.07782339026381967  0.08811450801294003  0.10300554137662980  0.11735322903968648
  0.13122191891228815  0.14515695617629634  0.15913780183120937  0.16997157703201002
  0.17671542207075386  0.18565959725949094  0.19462985590508397  0.20328223685608118
  0.21127649452676028  0.21893286507128823  0.22697175726432070  0.23574559165964154
  0.24462122092621028  0.25229109601518063  0.25905579782456656  0.26651578804897325
  0.27496527561043166  0.28447854748452134  0.29395638055070916  0.30259744537567518
  0.31006699673920729  0.31913590125926156  0.33235884033848617  0.34496232190898901
  0.35510255167242333  0.36406876802951527  0.37305197597810441  0.38164451339693167
  0.38909425101830653  0.39662161665181261  0.40442202308450331  0.41225545200751751
  0.42111738901430595  0.43051020063072859  0.44064411486241412  0.45460970942930234
  0.47004333387545899  0.48452268120513109  0.49825873062161979  0.51150399089926579
  0.52597724486320330  0.54103223879640261  0.55624336416790210  0.57179095177221029
  0.58927182469593187  0.60475367255939227  0.62045324182210171  0.63594971371952347
  0.64837414109812874  0.65665949816224367  0.66634277020821375  0.67628476751377475
  0.68661341173307644  0.69648011632723450  0.70670894273716356  0.72098219453953616
  0.73837420390923703  0.75313782835975018  0.76424721718341537  0.77447878210788956
  0.78318681754264274  0.79093667198232087  0.79857615333559595  0.80639005906321981
  0.81447352880642898  0.82288234731712329  0.83192921412086995  0.84206797752019502
  0.85251304466838840  0.86160786582627369  0.86960689517206424  0.87716303922263550
  0.88465959900003233  0.89263481003136858  0.90115957923667100  0.90992005562518274
  0.92143577426853374  0.93702878016260049  0.95500630954928856  0.96444509040384496
  0.97337102898595074  0.98209210908774369  0.99101438357272742  1.00000000000000000
   1.3836707316260830E-005  -1.0000000000000000     
 T T T T F F F F F F F F T T T T F F F F F F F F F F F F F F F F
  <DiscreteSampler_grid>
  grouped_processes
  1 # 1 for a reference and 2 for a running grid.
  10 # Attribute 'min_bin_probing_points' of the grid.
  1 # Attribute 'grid_mode' of the grid. 1=='default',2=='initialization'
  0.0000000000000000 # Attribute 'small_contrib_threshold' of the grid.
  0.5000000000000000 # Attribute 'damping_power' of the grid.
 # binID   n_entries weight   weight_sqr   abs_weight
    10   10   2.731388359030349E+007   7.460484017106079E+014   2.731388359030349E+007
  </DiscreteSampler_grid>
