 -0.00888415341235457  0.00173029940598069  0.01990663981617458  0.04961393662343585
  0.07959142301946867  0.10889281378938265  0.13509884921843598  0.16031918872225517
  0.18493914221526564  0.20934187497665849  0.23407797223515708  0.25908467097639110
  0.28451837072451391  0.30983441344884377  0.33484881222453383  0.35937354891731949
  0.38362214508888121  0.40747177598727613  0.43124500590639281  0.45484802189183626
  0.47792545845430534  0.50051625572130110  0.52269720637162642  0.54475917706257371
  0.56660771258470832  0.58823464112957291  0.60928791156721007  0.63011844399544370
  0.65072683651330421  0.67112105101279618  0.69142898967934363  0.71207713986339916
  0.73278196766613790  0.75411155506822058  0.77563008780342235  0.79893424832835558
  0.81762271677554899  0.82679942198822054  0.82797428313644628  0.82884471809448435
  0.83055883901404948  0.83366528732294043  0.83678818898881080  0.83989902608827893
  0.84298395690028349  0.84605188376231943  0.84911805193915024  0.85220690815309219
  0.85530798994010548  0.85840063312881254  0.86148659372355885  0.86456852124156236
  0.86764154390781167  0.87071339263592507  0.87380042010193226  0.87687662474367023
  0.87994590971547082  0.88302296908625788  0.88609666795638531  0.88916359930697308
  0.89224122250728410  0.89533196265308335  0.89841752909312500  0.90148870881445797
  0.90455206447336822  0.90761937582386509  0.91069814351657985  0.91378518283217625
  0.91686237534808479  0.91992961908718252  0.92301602991111353  0.92611579421508627
  0.92920743857109078  0.93229467921804299  0.93537566438007358  0.93845858410312788
  0.94155022062205995  0.94462932509240005  0.94769322901664810  0.95076873997723121
  0.95385375544329498  0.95695157060958835  0.96004312515628287  0.96311708339849755
  0.96618505071021787  0.96925302227731769  0.97233625268300294  0.97540540604733816
  0.97846486688757428  0.98154140038771454  0.98463118328174948  0.98770584119542582
  0.99075831088995114  0.99383708654631719  0.99693067280714298  1.00000000000000000
 -0.00245107704219795  0.00910160604941809  0.01916282853225386  0.03008953816389517
  0.04139208380449252  0.05096820208695357  0.06054023606945719  0.07037672895733738
  0.08008822935030505  0.08984663059227870  0.09958179815720915  0.11044968970770337
  0.12216068262006033  0.13435675344409742  0.14545952225653980  0.15525921010190430
  0.16486631678555730  0.17425793348833202  0.18404173373287494  0.19358538321158827
  0.20272226611631336  0.21219493276997092  0.22240258843732985  0.23319036997841730
  0.24585896187195549  0.25879286022244241  0.27119057064552915  0.28336542970980133
  0.29523136496058539  0.30679279124714220  0.31921127419044204  0.33191249425815583
  0.34448539325210081  0.35682930099633825  0.36868409350460934  0.38002166702861628
  0.39107961334761154  0.40277112991372838  0.41448276185901589  0.42512687200845578
  0.43537227378302773  0.44533068236385542  0.45504387913873451  0.46464888715242675
  0.47434278130821422  0.48395190863131349  0.49301376853754497  0.50209795309173966
  0.51194505372925780  0.52284673757048727  0.53378161970651250  0.54408273947960928
  0.55433426069565972  0.56476728930770304  0.57532651467451967  0.58575242886791612
  0.59599841287732014  0.60708088532664750  0.61873350716757392  0.62981196056469035
  0.64011436089915796  0.64923831123714304  0.65785614367599643  0.66648535666732489
  0.67500609067048256  0.68381453900973999  0.69245631188229639  0.70081076835739020
  0.71000011930984541  0.72073039927155091  0.73276730097826692  0.74590056787248382
  0.75937621869098360  0.77237028575370281  0.78267530652776895  0.79322696045210106
  0.80405234095762057  0.81489640833876009  0.82514657250913148  0.83566174800070936
  0.84767584690586650  0.85963779485859737  0.86962077568916341  0.87953998490116081
  0.88902761432152289  0.89918965154881125  0.90960161296964415  0.92052916352645964
  0.93232502517798455  0.94294379440771037  0.95356187988666108  0.96304598380489748
  0.97225651028721771  0.98141375658663665  0.99020482146539168  1.00000000000000000
   3.6479174201353287E-006  -1.0000000000000000     
 T T T T F F F F F F F F T T T T F F F F F F F F F F F F F F F F
  <DiscreteSampler_grid>
  grouped_processes
  1 # 1 for a reference and 2 for a running grid.
  10 # Attribute 'min_bin_probing_points' of the grid.
  1 # Attribute 'grid_mode' of the grid. 1=='default',2=='initialization'
  0.0000000000000000 # Attribute 'small_contrib_threshold' of the grid.
  0.5000000000000000 # Attribute 'damping_power' of the grid.
 # binID   n_entries weight   weight_sqr   abs_weight
    10   10   1.345159835699002E+007   1.813957849943528E+014   1.345159835699002E+007
  </DiscreteSampler_grid>
