 -0.00173204693939861  0.00367876825973542  0.01363820920914312  0.02622296715613913
  0.03910996458771838  0.05194640962712913  0.06418828350461252  0.07540962096316203
  0.08627443581037592  0.09691248307246175  0.10777132757190973  0.11834920247531362
  0.12911552535655396  0.14019257320647086  0.15169662940593948  0.16342462479139189
  0.17513861351066667  0.18681985218161357  0.19858849771433437  0.21029680361612388
  0.22191634423208020  0.23352729124166283  0.24515681587069293  0.25673757619568832
  0.26830962216871307  0.28003421611856527  0.29171838995807986  0.30358188672296310
  0.31531725495381452  0.32705990476461982  0.33876661643816536  0.35046430987485189
  0.36218397190519175  0.37386914309724917  0.38553232741699367  0.39729326926330627
  0.40911926567938528  0.42096084317439980  0.43279330655830378  0.44459639644705468
  0.45637961352420708  0.46825289308062018  0.48013211686582663  0.49207259049768454
  0.50404706413053668  0.51598934543909736  0.52788196767983075  0.53978179362156675
  0.55179096276155781  0.56381246562402831  0.57585359415738746  0.58784509605315227
  0.59985097460404213  0.61189385188024670  0.62396854560396653  0.63609265696684947
  0.64821409630581073  0.66040241168156000  0.67247691371579521  0.68448918971577932
  0.69645338687276925  0.70832144521656115  0.72007644904513823  0.73181482757725413
  0.74361347477377571  0.75554087688248694  0.76759395626666016  0.77968148270537196
  0.79172073729943726  0.80373475405061279  0.81568235681032197  0.82775067255209622
  0.83984086138637726  0.85197062978490545  0.86408330000789635  0.87614248970156550
  0.88818976439873365  0.90015879074077931  0.91208919575300029  0.92398797842266378
  0.93591369781337330  0.94775126255011166  0.95944159217900471  0.97133341018791053
  0.98430117806567963  0.99183065370148848  0.99370122477456557  0.99414076484289116
  0.99487278419679681  0.99560149988140845  0.99633925798754819  0.99706537176131571
  0.99779571333147321  0.99852640859121389  0.99926829770743730  1.00000000000000000
 -0.00351278598819999  0.01178043435787579  0.02344804910835601  0.03312919826017070
  0.04278986586489760  0.05250113436763184  0.06233130433071619  0.07175438181737841
  0.08247129152859911  0.09588897732654629  0.11096456973567254  0.12491841470752733
  0.13503499932860061  0.14378562474414622  0.15264423986259434  0.16139496509417448
  0.16996964148023830  0.17836198744618839  0.18683220560583774  0.19664852277199446
  0.20613107478767220  0.22065591183483932  0.23600593662857133  0.25177816162162947
  0.26784634124964235  0.28337449056238284  0.29611893590819949  0.30470817353783280
  0.31401741215759021  0.32283914286767179  0.33196240918956460  0.34117903370197111
  0.35060943688370871  0.36125488948139339  0.37277106512508373  0.38536787667286510
  0.40006337542873316  0.40852573689090477  0.41821415255775896  0.42797808959392902
  0.43755884734806128  0.44664177471864258  0.45568309506573040  0.46767347736667109
  0.48231712809543026  0.49751795990727399  0.51222274552565672  0.52626080751794468
  0.53992848413635586  0.55340126385906963  0.56698973407130704  0.58141075559961097
  0.59519165802498031  0.60587151033705733  0.61462471418271158  0.62285191410622587
  0.63146110768232833  0.64020861325009515  0.64894725018289867  0.65762351592697799
  0.66609890749717970  0.67555617963192049  0.68542438979179121  0.69498723448578670
  0.70312291308719033  0.71707090665665829  0.72989246026305465  0.73955602655870445
  0.74891910737908129  0.75859700155034815  0.76866056276237005  0.77771962236087977
  0.78640140382356627  0.79598344481228678  0.80676292458673160  0.81623886193549411
  0.82429293969363715  0.83256922020861535  0.84175594903965056  0.85129061027883435
  0.85983473843617275  0.86800831740866902  0.87695741747041345  0.88692297621523164
  0.89656154155473744  0.90556314567030360  0.91431218665089065  0.92354378292838424
  0.93273596142944271  0.94202540619403285  0.95098041871797645  0.95990350274099956
  0.96954202263072997  0.97962387690509156  0.98979058065458370  1.00000000000000000
   2.5973431935711412E-004  -1.0000000000000000     
 T T T T F F F F F F F F T T T T F F F F F F F F F F F F F F F F
  <DiscreteSampler_grid>
  grouped_processes
  1 # 1 for a reference and 2 for a running grid.
  10 # Attribute 'min_bin_probing_points' of the grid.
  1 # Attribute 'grid_mode' of the grid. 1=='default',2=='initialization'
  0.0000000000000000 # Attribute 'small_contrib_threshold' of the grid.
  0.5000000000000000 # Attribute 'damping_power' of the grid.
 # binID   n_entries weight   weight_sqr   abs_weight
    10   10   4.581099157362132E+009   2.098646948999793E+019   4.581099157362132E+009
  </DiscreteSampler_grid>
