 -0.00568197899560577  0.00762699316288240  0.02233526661219908  0.03962336601619065
  0.05720404823485145  0.07466752736648705  0.08810386391297638  0.10148953569321792
  0.11482439119820968  0.12825159939159914  0.14146602040242240  0.15448390639893689
  0.17009863567337741  0.18561602238094840  0.20096193826826081  0.21639321242074433
  0.23179084369625677  0.24703109166433362  0.26218862795695275  0.27730745143933488
  0.29244883061693366  0.30765455080960685  0.32292318387853547  0.33827692573023782
  0.35355924730083493  0.36865633100502776  0.38383597057460372  0.39906174443256626
  0.41438830217120337  0.42969201781316801  0.44496644825111836  0.46024287015453252
  0.47549094992045149  0.49063397375919815  0.50590227132242394  0.52125262611755452
  0.53627240152542743  0.55129534778618494  0.56632353349210152  0.58135324319810677
  0.59642487659280419  0.61177494859260007  0.62704971794027786  0.64226024974008411
  0.65741055483731481  0.67248491982504210  0.68740680827327327  0.70238773568853419
  0.71739096826582216  0.73230205695037576  0.74728087673406896  0.76235517099121797
  0.77723390731725006  0.79205627379789478  0.80685225650765990  0.82171373744530263
  0.83662515281539951  0.85160140945236507  0.86664133383982533  0.88178989703639665
  0.89692011143428430  0.91199772573882854  0.92676113293491069  0.94063658536365657
  0.95378334290738631  0.96820382018889362  0.97764789622573300  0.98121337294880173
  0.98128317276602672  0.98143332075023959  0.98210161623111603  0.98281027054721348
  0.98352044271309813  0.98423064686934181  0.98494485616672045  0.98566360208895221
  0.98637890119187532  0.98709581496105692  0.98781328653506750  0.98852952069546973
  0.98924255591618693  0.98995205438909550  0.99066964857607520  0.99138479652256550
  0.99210039145558737  0.99282562580029476  0.99354790697251283  0.99426928506070278
  0.99498095369239192  0.99569856863976547  0.99641763045100606  0.99713182574803794
  0.99784603696062646  0.99856841858243661  0.99928847730494208  1.00000000000000000
 -0.00280422251086214  0.01012961552265121  0.02081521528991358  0.03006775963547214
  0.03915881485814143  0.04797409069994865  0.05682510606258796  0.06568173502135785
  0.07533394744575422  0.08491042825722162  0.09520997222750424  0.10561051286056009
  0.11500125200435181  0.12373803709019175  0.13281469136882423  0.14183594537342586
  0.15088704163413907  0.15974987752830036  0.16823979116622145  0.17617151842218884
  0.18470835305158059  0.19350893446174611  0.20253205628570975  0.21158825446823437
  0.22025271597436269  0.23036020202656998  0.24574975981700642  0.25707619880449684
  0.26643863548208696  0.27547047556670728  0.28477529630464787  0.29431814897540770
  0.30395255390181181  0.31502184550367857  0.32875436438495381  0.34547954897630317
  0.36134510641031636  0.37730383618406166  0.39350079355226697  0.40987768203360908
  0.42651932249170216  0.44646063673828612  0.46105982561854503  0.47272584217081809
  0.48358348939128376  0.49498246201753021  0.50691425692394243  0.51842248429567328
  0.52966359021380760  0.54003085388457250  0.55014082366352202  0.55998727799978931
  0.57019948182233493  0.57918659164866060  0.59141693077695667  0.60638700701967230
  0.62170774056840095  0.63654739574839425  0.64896021097185685  0.65953755751427390
  0.66934117182076214  0.67952064474123419  0.68861058279124188  0.69702868507538551
  0.70557548507302847  0.71419008436581566  0.72258769517847576  0.73053820544526715
  0.73870362720308924  0.74707202080917068  0.75488618846654709  0.76226695817513501
  0.77010180816055152  0.77945097746441516  0.78923446254878504  0.79855306469533860
  0.80690644379744780  0.82000245336858657  0.83453249889206049  0.84528722049060112
  0.85507471446902894  0.86507403654353521  0.87425723578599923  0.88221394623247495
  0.88981560675286164  0.89797635772352169  0.90675236008249838  0.91522021247239815
  0.92403619568557582  0.93373814732069027  0.94585334662246134  0.96202890539748642
  0.97128286853677159  0.98081403021659697  0.99025854720967676  1.00000000000000000
   4.4884414209197406E-006  -1.0000000000000000     
 T T T T F F F F F F F F T T T T F F F F F F F F F F F F F F F F
  <DiscreteSampler_grid>
  grouped_processes
  1 # 1 for a reference and 2 for a running grid.
  10 # Attribute 'min_bin_probing_points' of the grid.
  1 # Attribute 'grid_mode' of the grid. 1=='default',2=='initialization'
  0.0000000000000000 # Attribute 'small_contrib_threshold' of the grid.
  0.5000000000000000 # Attribute 'damping_power' of the grid.
 # binID   n_entries weight   weight_sqr   abs_weight
    10   10   2.732095804815293E+007   7.464349223110056E+014   2.732095804815293E+007
  </DiscreteSampler_grid>
