 -0.00555240206364450  0.00216370777823818  0.01229624339242750  0.02921229592505360
  0.04649100772431849  0.06406597996484602  0.07909424942798386  0.09320498409239410
  0.10600914750710556  0.11907314198390849  0.13205900280668673  0.14476523777678829
  0.15885492667539539  0.17350224149593993  0.18880473258840849  0.20422951785665364
  0.21973235229553939  0.23538015376291552  0.25115146716801440  0.26703002703053486
  0.28266787131029569  0.29823439154046671  0.31369235548379004  0.32909406030641764
  0.34450011015272619  0.36005216605322626  0.37577498936516551  0.39164228808423801
  0.40768586109329763  0.42369795945403149  0.43965256073703501  0.45549377587811157
  0.47121110883912942  0.48655857833392274  0.50184712094692407  0.51709535958998121
  0.53245230799570376  0.54778672410335549  0.56307581971648824  0.57848817552306331
  0.59390394196223961  0.60917458916271472  0.62436046509416065  0.63948812858532100
  0.65464917765909036  0.66979650501050525  0.68492374899736563  0.69985043550466386
  0.71470964592970510  0.72948735548338284  0.74433411071326805  0.75922541015554690
  0.77385313369387743  0.78838209637100365  0.80276072331231574  0.81707767037315993
  0.83141614800082098  0.84596171260312714  0.86089830520840804  0.87615445856143270
  0.89142809652924293  0.90675387015985076  0.92218548732022354  0.93621776405652313
  0.94984920451707977  0.96408578644604337  0.97545398525772298  0.98121085847760936
  0.98126612756167275  0.98139482982296489  0.98201935645542904  0.98273634260295417
  0.98345656899405343  0.98416808697357938  0.98488477188219681  0.98559970522971485
  0.98631322148407663  0.98702876088158842  0.98774631529683210  0.98847329332063216
  0.98919398772230149  0.98990305106630694  0.99061597068966278  0.99133268093465299
  0.99205475585912872  0.99278412972273844  0.99350171068371229  0.99423171587650661
  0.99496161140339467  0.99568265065326655  0.99640572954506357  0.99712537840222293
  0.99784461176909778  0.99855462827728325  0.99926893269166528  1.00000000000000000
 -0.00238026778563434  0.00943359977563834  0.01835803222758655  0.02807829485834736
  0.03770427021585154  0.04706989465178769  0.05676581629641429  0.06708680594601937
  0.07597085759233431  0.08452849305847442  0.09228138486929974  0.10079793374756765
  0.11005890099356025  0.12024450008442987  0.12985408866468948  0.13870054429700687
  0.14866830043106605  0.16031522440022078  0.17227051599919668  0.18234334083920092
  0.19139069168338801  0.20060955691455704  0.20949324167608388  0.21800977751383774
  0.22664115610427277  0.23567357066114281  0.24442252123267252  0.25278614899979690
  0.26108540271344000  0.26989643763658849  0.27952311945701552  0.28984096470731191
  0.29832943027861980  0.30666929150814626  0.31469527735418890  0.32183734411006437
  0.32900224197643374  0.33640525257068538  0.34401853639442648  0.35171870982716136
  0.35978832374506065  0.36819275564880510  0.37673274969435622  0.38600929146887503
  0.39574505468846582  0.40487550269430556  0.41401600201660149  0.42305835524974744
  0.43222252142839768  0.44137943586621586  0.45061571775068632  0.45999861130529623
  0.47009298147301776  0.48197023946751416  0.50025171722983108  0.51923656724858369
  0.53708435030304569  0.55451956530455948  0.57163749559902122  0.58765736380045785
  0.60235347794566596  0.61722059985602906  0.63153182947444908  0.64629516442813784
  0.65916894098183054  0.67003293713361056  0.67908973776790527  0.68748739853129937
  0.69616260629128002  0.70493583446862551  0.71372117832801407  0.72237511564099410
  0.73116194972732040  0.74075720149669333  0.75304235202861602  0.76855839739722143
  0.78079459020692266  0.79039716686216710  0.79995839109112932  0.80942729394078472
  0.81890110629452995  0.82829590162911881  0.83785491999213058  0.84748524728807018
  0.85652822977742693  0.86505190744842198  0.87343964217952774  0.88188110729229741
  0.89030309736865454  0.89969345873284889  0.91082824513022043  0.92204948389906793
  0.94211816100177592  0.96131144164046267  0.98043142990104748  1.00000000000000000
   4.6060594684351401E-006  -1.0000000000000000     
 T T T T F F F F F F F F T T T T F F F F F F F F F F F F F F F F
  <DiscreteSampler_grid>
  grouped_processes
  1 # 1 for a reference and 2 for a running grid.
  10 # Attribute 'min_bin_probing_points' of the grid.
  1 # Attribute 'grid_mode' of the grid. 1=='default',2=='initialization'
  0.0000000000000000 # Attribute 'small_contrib_threshold' of the grid.
  0.5000000000000000 # Attribute 'damping_power' of the grid.
 # binID   n_entries weight   weight_sqr   abs_weight
    10   10   2.587578257200907E+007   6.695562635089098E+014   2.587578257200907E+007
  </DiscreteSampler_grid>
