 -0.00156065222285040  0.01133672257913224  0.02266398917017844  0.03372217478669479
  0.04489234441029009  0.05601774494907466  0.06684600628832273  0.07721285720186476
  0.08760468744540435  0.09797811059338610  0.10835927290886771  0.11881181422904191
  0.12899425608271259  0.13920869056005070  0.14947487269476153  0.15976307786181948
  0.16964515112538242  0.17931459133058553  0.18923745169569850  0.19992114638658318
  0.21081412953884218  0.22148128326399683  0.23221630340368637  0.24320587017353651
  0.25386346730760684  0.26401323575870078  0.27422733545566552  0.28451753119103596
  0.29455270314128607  0.30450151470338738  0.31451913689790018  0.32558909345162279
  0.33665988771053734  0.34777365614673367  0.35844075333416014  0.36888267563158000
  0.37935751157900605  0.38956686599663742  0.39973022048100887  0.40982126441794908
  0.41999224620209080  0.43039565609312447  0.44111687514658038  0.45182361635772805
  0.46203012704482205  0.47194536741327908  0.48213734487585869  0.49248052072837889
  0.50287028075146867  0.51341359578516454  0.52422891597517518  0.53547476325537768
  0.54657525998157863  0.55752622644790284  0.56826781132938953  0.57862368497224947
  0.58911636287019198  0.59985273259043981  0.61064120473219885  0.62121656309438122
  0.63208345185167214  0.64309582403196874  0.65317151671967077  0.66289197948804934
  0.67285082488855430  0.68298302625771590  0.69262414622185653  0.70185694728704795
  0.71134469139548828  0.72109837374755237  0.73134321796117929  0.74154692961168633
  0.75198149424751648  0.76249152452151747  0.77312331603762297  0.78348083944884328
  0.79393542135852135  0.80434410299767256  0.81499335764339387  0.82564634366700662
  0.83642914097307342  0.84724062105581377  0.85777122671710060  0.86813961832615461
  0.87853114270075816  0.88853638265807011  0.89841451000562600  0.90827457232833020
  0.91835827012057936  0.92880505228824417  0.93943666232857537  0.95064145448254900
  0.96194516974150324  0.97329320530593644  0.98602040467978447  1.00000000000000000
 -0.00179394412265312  0.01241847271964620  0.02407511071538813  0.03458592590528344
  0.04523069795581534  0.05603067315259426  0.06677215564339692  0.07739029391858368
  0.08850571682190100  0.09987464845641789  0.11090265441954679  0.12147865112976663
  0.13217141534449287  0.14293435531977866  0.15359642081163050  0.16402675586846999
  0.17453779381141926  0.18505659687252135  0.19568971254040027  0.20624409440687949
  0.21670744380134707  0.22697528570959744  0.23702858061390264  0.24701910952737743
  0.25708347022193745  0.26734270630627621  0.27759288135294669  0.28789925840723007
  0.29818818616465737  0.30874063362931015  0.31944063547513396  0.33009248737774188
  0.34057370819134225  0.35091956218986775  0.36124787768048705  0.37154558174257990
  0.38177992581087933  0.39195811824292459  0.40244402431870124  0.41322362376324623
  0.42427774177751909  0.43512136651548017  0.44554090148118175  0.45586318072841625
  0.46584345837185603  0.47609728375703619  0.48673469922357931  0.49762240896363397
  0.50837363517542156  0.51898687364915397  0.52973689743257724  0.54051901746198228
  0.55068091441494449  0.56067786679682519  0.57084257606244215  0.58135113407720451
  0.59165370336068479  0.60168152981083900  0.61195649922875628  0.62259058251538879
  0.63330142280762991  0.64389257058179461  0.65462813641044804  0.66525913818767224
  0.67560263122447473  0.68576919978811546  0.69611735347422721  0.70680333048965893
  0.71771293373264256  0.72872033754177068  0.73956449379768041  0.75057456486195784
  0.76168608730524467  0.77245849042911052  0.78282232016537578  0.79309984875839212
  0.80374579868756069  0.81442895922450564  0.82517275511975730  0.83578766212557565
  0.84624440954661484  0.85656617727595741  0.86645744647126866  0.87647112857214526
  0.88649537715566118  0.89685075060894193  0.90745732443324245  0.91805432897557349
  0.92825813405450819  0.93850235674575699  0.94859037234959065  0.95854874470758622
  0.96821774079179390  0.97790024398014730  0.98874219942167085  1.00000000000000000
 -0.00726508230055413  0.00857101403360583  0.02679359003814453  0.04922234274083015
  0.07050796084204558  0.09136164605263307  0.11201936481468017  0.13152356823376726
  0.15023147947128027  0.16872183860265144  0.17511418026330924  0.17926172585748609
  0.18645857754189082  0.19321276485481315  0.19990576919134811  0.20659861107313138
  0.21331559870019606  0.22003588535341273  0.22686371127766911  0.23379952754754621
  0.24079372110973535  0.24788602296195533  0.25506794868137711  0.26228760550460267
  0.26961140748001211  0.27704968034117294  0.28457917513789865  0.29213375976776967
  0.29971530508548377  0.30734283280177027  0.31508844486947457  0.32293345071947582
  0.33086140913233297  0.33892645101048252  0.34709471325621782  0.35532978504940183
  0.36356506237457070  0.37191259368042073  0.38036764746966195  0.38895079170062474
  0.39759460254808476  0.40625240361604381  0.41497986809510273  0.42379572818443045
  0.43272023616174882  0.44174835412737762  0.45089145391741819  0.46010536027778776
  0.46935440608942808  0.47870099360087331  0.48819500786455222  0.49778172102936857
  0.50736393716340045  0.51699116302396153  0.52677024188358901  0.53670106079541557
  0.54666014554236175  0.55663601711072797  0.56666092120663614  0.57676842407739226
  0.58701074352490001  0.59732790845566397  0.60775524669112235  0.61818182763515994
  0.62866754414787862  0.63929575703694497  0.65003897428692015  0.66084813489435712
  0.67165380265554109  0.68253849434466318  0.69353705787745334  0.70468926071277838
  0.71595628050385240  0.72730706228719078  0.73872718597889409  0.75020791012572996
  0.76179619946259380  0.77353012302935154  0.78546832603774341  0.79750009008980660
  0.80955297101337009  0.82159290711707011  0.83364851080174629  0.84582535923682534
  0.85816585773141962  0.87060899429825678  0.88311254432096342  0.89568942422918507
  0.90832255125450967  0.92103410182817647  0.93383356333475653  0.94672309028754187
  0.95973088302330711  0.97295062989891579  0.98638419010089895  1.00000000000000000
 -0.00238218548741998  0.00934221859145076  0.01934282846317036  0.02929499896025642
  0.03933182909752805  0.04946888633910849  0.05942891595222034  0.06990620885223742
  0.08026425420910241  0.09103069368824897  0.10182711581722727  0.11275952183652002
  0.12392438228526045  0.13484922690202308  0.14554530764420998  0.15590605671645461
  0.16639347342215630  0.17706299645846152  0.18764555516441184  0.19837506664415933
  0.20909631546588561  0.22023033088224070  0.23108627233325210  0.24164042558533627
  0.25239725658881973  0.26273770954138587  0.27294810696832855  0.28303794988011677
  0.29320768592304874  0.30330476216529884  0.31309214732548146  0.32303212618693405
  0.33313006927936867  0.34360359322005540  0.35397789462703155  0.36422779178161990
  0.37435150343261853  0.38431329177687884  0.39446067425501818  0.40482852668233887
  0.41526710346215123  0.42562495419233887  0.43611260722279116  0.44675502977010212
  0.45764799509288717  0.46853886294102526  0.47960865627914079  0.49087186073374817
  0.50213438660311560  0.51304532458404006  0.52356276040585459  0.53415644773082793
  0.54471740117829226  0.55547946037270435  0.56629511795339493  0.57714561665893549
  0.58746982982662843  0.59739777323828336  0.60749377388573911  0.61840726485150621
  0.62940842468076330  0.64000290920540204  0.65003967789504735  0.65972553666274147
  0.66948179467948699  0.67942369938027003  0.68965850672160789  0.69987739058239173
  0.71003792218494721  0.72023564236051207  0.73075610378158162  0.74128751222025957
  0.75175431977830465  0.76226542062172931  0.77297692653046834  0.78445535532635313
  0.79545590781519249  0.80621059058925204  0.81693422587266018  0.82781402568352835
  0.83844975226893326  0.84892677279174911  0.85932471021356871  0.86997602787876382
  0.88075087236204452  0.89169338620270266  0.90270242166596237  0.91369563440432344
  0.92420298831389203  0.93479105778989258  0.94531243097430051  0.95649303667080221
  0.96726678308441105  0.97807647777602635  0.98903453555427079  1.00000000000000000
 -0.00256552815218469  0.01065939442198630  0.02153175285713409  0.03321909932700370
  0.04485193694018497  0.05676412110570877  0.06874216738522677  0.08068246212020515
  0.09245589012764707  0.10425156827597712  0.11615824127699986  0.12777904431972237
  0.13903862758024138  0.15020558755290225  0.16153542555945569  0.17312352241764406
  0.18450491075612574  0.19532898337043736  0.20586414999450933  0.21667612894224492
  0.22776141038795034  0.23895972246235297  0.25014359835446359  0.26123014773664444
  0.27208017325818384  0.28275479261289466  0.29366435750348269  0.30471466910020245
  0.31584281718671370  0.32714985189239149  0.33861290444595443  0.35029541108305284
  0.36199544798641725  0.37324213234829623  0.38395533739831833  0.39460075898700930
  0.40557877101489626  0.41689457362292509  0.42826466713636069  0.43948186749822676
  0.45033972104545550  0.46095969454218244  0.47136135598543744  0.48173172290421495
  0.49212643288405744  0.50266172805091791  0.51333237558175859  0.52405767220130395
  0.53493493061077624  0.54584483852444532  0.55656161661103254  0.56711219061736717
  0.57753839851689115  0.58792846963753631  0.59829441976173559  0.60854545232634172
  0.61872552023588800  0.62888187368302062  0.63897368737999316  0.64892653625078711
  0.65883194500579456  0.66894239109326437  0.67920754588406185  0.68922283077144664
  0.69890368711304474  0.70845655949885211  0.71795194760693148  0.72746175684512016
  0.73718128348234324  0.74744849133674551  0.75826217829484377  0.76914362896593513
  0.77961064126893287  0.78962148950655142  0.79947803803971440  0.80921878010662229
  0.81916841377430094  0.82900336114235451  0.83879258199315032  0.84829300375493022
  0.85770492896019934  0.86711968078745727  0.87656614344919825  0.88608330162391913
  0.89556936469238102  0.90496041833312857  0.91423779019484108  0.92357804167280499
  0.93286700760285457  0.94207806550424089  0.95148280753250802  0.96098376697387433
  0.97083024737420442  0.98060333605143335  0.99027421144524430  1.00000000000000000
 -0.00266497162593184  0.01058720573165382  0.02127935938257869  0.03209419648383072
  0.04256824501784325  0.05299895010016222  0.06314481739991981  0.07346585569109264
  0.08376590347532212  0.09450427117708146  0.10537848036852376  0.11636494573619401
  0.12734943996872194  0.13851862366812853  0.14977924631399153  0.16102028669246457
  0.17204209208392510  0.18257275997025438  0.19291947223778189  0.20309796457994880
  0.21350733526200627  0.22367632572924265  0.23402144913048387  0.24451625754035514
  0.25463008226376777  0.26425294552466017  0.27381315945822859  0.28376657704638952
  0.29390346898910913  0.30438107651012880  0.31491059099346641  0.32531064653520236
  0.33536619608439883  0.34515196994725150  0.35496351180076829  0.36484299705795514
  0.37447818199393546  0.38428307591668520  0.39410136433402687  0.40438739085133557
  0.41497416658422454  0.42518998903516952  0.43549161977307377  0.44572038014757365
  0.45642831130453310  0.46747906751571933  0.47854793985191130  0.48929384574553125
  0.50005776479078401  0.51106746491687061  0.52241012139160026  0.53339367324056519
  0.54419718823208874  0.55500267745786303  0.56574954587937976  0.57664139782377222
  0.58760379137549101  0.59857166221224145  0.60926820628056655  0.61960959036602947
  0.62989379289096115  0.64028723707599700  0.65062248503659115  0.66074665956275858
  0.67077164690138480  0.68122606703403543  0.69181058375405657  0.70246921803330786
  0.71293722537642779  0.72356836178205497  0.73450700844138495  0.74547908356687498
  0.75643616135983704  0.76693266532227933  0.77738297311455584  0.78782945099794277
  0.79839482517179960  0.80901965746139892  0.81970080047638494  0.83068626554202785
  0.84162653957954037  0.85290555447205574  0.86417075281693878  0.87544432859549148
  0.88613017626256185  0.89660822496589754  0.90690140678486064  0.91711606987039540
  0.92704465165348504  0.93707603229505176  0.94754707575828345  0.95789237708384911
  0.96804377547392584  0.97829388502451842  0.98907487608669942  1.00000000000000000
 -0.00211350702550073  0.00694298837082065  0.01524196901810126  0.02352553848299905
  0.03201311635389014  0.04065848040787652  0.04931245605484629  0.05795434270906927
  0.06645276119522990  0.07479412634279309  0.08306098306818149  0.09134149070871618
  0.09975377049545164  0.10817794046099552  0.11643282875831311  0.12472435115756846
  0.13302771177273495  0.14154905848521557  0.15012770061991731  0.15879691464634685
  0.16743929019947704  0.17596240681615710  0.18457684420303538  0.19363165222559212
  0.20297459729712206  0.21198682317268874  0.22079534771118606  0.22982799942604606
  0.23929290039858131  0.24905820135621862  0.25870500618008613  0.26830965515700045
  0.27812663550860622  0.28803374656027414  0.29797066709651082  0.30771631411510719
  0.31765634187426711  0.32757825429496479  0.33744608257542125  0.34729923514994632
  0.35726694852590901  0.36731355847093589  0.37713004223369778  0.38653815746349807
  0.39588186706016981  0.40519108821509120  0.41419956046706391  0.42322620024787161
  0.43263540955126994  0.44303702627882635  0.45403217388968070  0.46509020957774999
  0.47629672786683669  0.48779918668694972  0.49902362824121577  0.50966040690235914
  0.52005946643634626  0.53056092022727186  0.54124853411555474  0.55174891825334837
  0.56215697825247857  0.57242275671351461  0.58278818507689722  0.59338684913575424
  0.60438152550304636  0.61573567589711287  0.62712335317925150  0.63861757030138966
  0.64992225803905190  0.66130362161898693  0.67282147354857247  0.68444233380470387
  0.69631526522924159  0.70794698595261940  0.71984979763413048  0.73184438105348792
  0.74419251635629591  0.75678181706690206  0.76949452186503930  0.78210706017236098
  0.79487334307288593  0.80786107762858950  0.82103975236226368  0.83438289159621026
  0.84801049347604263  0.86191678991846132  0.87590003456614096  0.88976575785147349
  0.90360288346568951  0.91732522711809350  0.93079803668918060  0.94458871768977537
  0.95832820193350521  0.97184027466799161  0.98551924945095926  1.00000000000000000
 -0.00257856163024028  0.00977092069055154  0.02001818713919440  0.02991219271770412
  0.03985056734967875  0.05045619588372134  0.06114973904710736  0.07134793028177244
  0.08151080059345672  0.09193579610176057  0.10207656064602974  0.11202840945462053
  0.12191118900240913  0.13215368478467948  0.14243277053950959  0.15282016528130149
  0.16368775294815252  0.17470519680274321  0.18566341323818636  0.19656652058683680
  0.20735989192476734  0.21811096851321787  0.22833346925062448  0.23888729776056647
  0.24972501241441311  0.26090354567082152  0.27187625748080979  0.28230167015435720
  0.29274526282351965  0.30326347604146719  0.31409390838438617  0.32495792420382502
  0.33561490466054417  0.34616152814826617  0.35651370950254030  0.36688714241424447
  0.37716159680402850  0.38772148516582861  0.39842272993542704  0.40887483550105852
  0.41897798707798040  0.42915121700784492  0.43946729816066843  0.44979186638890578
  0.46026988843573091  0.47105628763815205  0.48194147164163831  0.49264946209957222
  0.50340186314313096  0.51433258297354623  0.52492254250460124  0.53540538883371391
  0.54587424296990006  0.55636878721357819  0.56642004156711423  0.57623439720034608
  0.58625336989445576  0.59664264122336697  0.60738089059318190  0.61828517111983750
  0.62945176603363762  0.64052397646899439  0.65138979539869735  0.66204366308307516
  0.67285202937854427  0.68380707374449290  0.69462615680796680  0.70536287925907248
  0.71615144013875298  0.72684417756072983  0.73724446080324824  0.74770734920209281
  0.75861102488534260  0.76974164909635878  0.78091769209069251  0.79172503256102611
  0.80198450234278817  0.81208196796676868  0.82229200309555650  0.83259055175301555
  0.84270657301031471  0.85270943231006546  0.86310432453504771  0.87341956796514009
  0.88349815999755366  0.89307561611500852  0.90271990316148076  0.91235123620040803
  0.92256992839254504  0.93304109429212789  0.94377022488846030  0.95454162527247266
  0.96563323668161627  0.97706381020004740  0.98853172370909903  1.00000000000000000
   3.1985649562737332E-006  -1.0000000000000000     
 T T T T T T T T T T T T T T T T T T T T T T T T T T T T T T T T T T T T F F F F F F F F F F F F F F F F F F F F F F F F F F F F F F F F F F F F F F F F F F F F F F F F F F F F F F F F F F F F F F F F F F F F F F F F T T T T T T T T T T T T T T T T T T T T T T T T T T T T T T T T T T T T F F F F F F F F F F F F F F F F F F F F F F F F F F F F F F F F F F F F F F F F F F F F F F F F F F F F F F F F F F F F F F F F F F F F F F F F F F F F F F F F F F F F F F F F F F F F F F F F F F F F F F F F F F F F F F F F F F F F F F F F F F F F F F F F F F F F F F F F F F F F F F F F
  <DiscreteSampler_grid>
  grouped_processes
  1 # 1 for a reference and 2 for a running grid.
  10 # Attribute 'min_bin_probing_points' of the grid.
  1 # Attribute 'grid_mode' of the grid. 1=='default',2=='initialization'
  0.0000000000000000 # Attribute 'small_contrib_threshold' of the grid.
  0.5000000000000000 # Attribute 'damping_power' of the grid.
 # binID   n_entries weight   weight_sqr   abs_weight
    10   10   1.730277412492393E+005   1.299245677055634E+011   1.730277412492393E+005
  </DiscreteSampler_grid>
