 -0.00246669517655126  0.00904439476161042  0.01955201271915358  0.03012940567344609
  0.04081450104816155  0.05144693695077043  0.06205088853359991  0.07267463078194794
  0.08330793683987794  0.09392272716547216  0.10468538580919878  0.11519607245338012
  0.12435114836682570  0.13244995162144993  0.14074484443391089  0.14894815800190125
  0.15694143643913849  0.16488790529715361  0.17265110002650513  0.18141762474204098
  0.19381571769047787  0.21208620100237063  0.22912325134057002  0.24578834541325756
  0.26193610356488317  0.27811474923902046  0.29431765299531965  0.31023750091845087
  0.32612046425664887  0.34201819586348431  0.35804430076307231  0.37417613796353405
  0.39036640540455442  0.40654884883635517  0.42270193876361040  0.43880401227213839
  0.45488112770359623  0.47114970187371774  0.48745894246571941  0.50382764677420211
  0.51997133149222408  0.53611074118030799  0.55248078504273712  0.56871430561468805
  0.58484488858380324  0.60087248764420820  0.61682530145595393  0.63261562280476180
  0.64825579391994348  0.66381041696541054  0.67964630197873066  0.69535667439886528
  0.71085560329861042  0.72642653623212294  0.74203042109652506  0.75769057681591756
  0.77311961161252918  0.78832947872801962  0.80330199540995673  0.81826490348900061
  0.83325712141627628  0.84833963620156083  0.86346699211799038  0.87837833593772896
  0.89362084595987223  0.90948224884201789  0.92552317964823161  0.94165416842969674
  0.95548944106342293  0.96858463705877074  0.98047579241463678  0.98685814371623726
  0.98744382113477391  0.98753065463978318  0.98799167058773052  0.98855471550523166
  0.98912567211631219  0.98970223176157091  0.99027935849748572  0.99085197048879192
  0.99141410467482993  0.99196966304344525  0.99254148057110980  0.99311416309264444
  0.99368424280824175  0.99425499170039078  0.99482838178120780  0.99539456290337613
  0.99597007997441434  0.99654363060208395  0.99712262945778385  0.99769512017114970
  0.99826969256007014  0.99885311594952375  0.99942911295251569  1.00000000000000000
 -0.00431105263922407  0.01308877865281551  0.02823412539884591  0.04243674329719824
  0.05641425590952426  0.06993148782102285  0.08235903757076990  0.09562951314779962
  0.10913560379989989  0.12271001988329644  0.13633489819435562  0.15005044550111957
  0.16396648748826329  0.17749231505895344  0.19088252054396301  0.20450122698986764
  0.21878576312279230  0.23508458414041397  0.25266437726911756  0.26654552977161250
  0.27731257153830541  0.28829912961615101  0.29899105147445620  0.30997682550740957
  0.32116855588163840  0.33647235374053702  0.35134373377441602  0.36133292316262394
  0.36922775734185109  0.37682067510519951  0.38315044392590658  0.38944972190574334
  0.39591988841157244  0.40240510770103133  0.40885251971703174  0.41508208804068492
  0.42147355660797908  0.42841600299594940  0.43619979661186742  0.44416231800920392
  0.45534181897764364  0.46683868497436110  0.47746944029998556  0.48916712501704135
  0.50278217174468798  0.51795606823467433  0.53228284873098342  0.54718760157694857
  0.56217181616467771  0.57802686539891301  0.59415196915045387  0.60710621559597522
  0.61591292097858541  0.62361882850032246  0.63029700572559133  0.63672309069226185
  0.64261185006094224  0.64792250536375362  0.65333824905316340  0.65946253336779426
  0.66533468716782596  0.67244555739045042  0.67992447375159071  0.68697737266226933
  0.69453833714987179  0.70222847287779189  0.70944192414245866  0.71654545625122745
  0.72391176116079281  0.73154408149054828  0.73913862608560466  0.74676129284216841
  0.75420090485820312  0.76182500985136514  0.76937700733826386  0.77642798207570263
  0.78308286888782197  0.78987940523034061  0.79704797339097044  0.80446008187529539
  0.81100054031909719  0.81745944235741386  0.82421110239645468  0.83033341027152086
  0.84265350594598609  0.85824044841475988  0.87369963780317517  0.88859877952254362
  0.90304384818897443  0.91794436927597933  0.93314135100916307  0.94765301397094159
  0.96141650279471591  0.97463985922959329  0.98747719606906803  1.00000000000000000
   1.1108032041417809E-005  -1.0000000000000000     
 T T T T F F F F F F F F T T T T F F F F F F F F F F F F F F F F
  <DiscreteSampler_grid>
  grouped_processes
  1 # 1 for a reference and 2 for a running grid.
  10 # Attribute 'min_bin_probing_points' of the grid.
  1 # Attribute 'grid_mode' of the grid. 1=='default',2=='initialization'
  0.0000000000000000 # Attribute 'small_contrib_threshold' of the grid.
  0.5000000000000000 # Attribute 'damping_power' of the grid.
 # binID   n_entries weight   weight_sqr   abs_weight
    10   10   2.569878669989711E+007   6.604277050759968E+014   2.569878669989711E+007
  </DiscreteSampler_grid>
