 -0.00942721347070352 -0.00017356720184878  0.01933348197975493  0.05002906931724532
  0.08027617655107477  0.10891524409406987  0.13469123463691116  0.15904144159376662
  0.18293648399914564  0.20655193879813016  0.23107118474999630  0.25601124805481401
  0.28142020105936733  0.30668668464412546  0.33180393842127870  0.35604799091683126
  0.38008458233032477  0.40396310464164764  0.42778642898992486  0.45154920827892209
  0.47429418587174799  0.49675173109399895  0.51903192465478942  0.54123571709778584
  0.56331417991265087  0.58470393021345646  0.60572291215344343  0.62653389245111502
  0.64725566118642797  0.66761155696237628  0.68844501685210013  0.71009781542788830
  0.73171060048970826  0.75328617520966690  0.77554220667323792  0.79818650275868885
  0.80800251210090368  0.81764734177785026  0.82680537675014198  0.82867436581049003
  0.82953126904096453  0.83186333917042166  0.83510723237806272  0.83822941646507576
  0.84135055161646277  0.84447034731559556  0.84754388788384649  0.85060235101604420
  0.85369130537588345  0.85679331409253789  0.85987412987513934  0.86297676884578356
  0.86610799212882328  0.86925177232252315  0.87239478679609683  0.87551698538029166
  0.87862820923778218  0.88173778786111001  0.88486126299792756  0.88796702783688608
  0.89105604249477965  0.89415228661615997  0.89728103982585061  0.90041719681860910
  0.90354500761710466  0.90668931381950102  0.90985242601647365  0.91300643364538880
  0.91614993966007341  0.91926177211489168  0.92234363941036057  0.92542728403031371
  0.92849666963415667  0.93158448752726009  0.93472722238004868  0.93787258005231067
  0.94099840009047497  0.94411273903042148  0.94721473077048346  0.95030948235448642
  0.95341868808332941  0.95652238619864760  0.95964835834558837  0.96277143950319433
  0.96588072106299483  0.96897743189469643  0.97208190965468388  0.97520728238082466
  0.97831961914234300  0.98141316264792799  0.98450031578564579  0.98760290950053387
  0.99070305082202448  0.99381313767226864  0.99691774748669815  1.00000000000000000
 -0.00445495011590323  0.01530081998875009  0.03192019730797033  0.04589557812038016
  0.05787893672322314  0.06874479226255148  0.07953291991555629  0.09039802358731587
  0.10138032338372344  0.11279169664347666  0.12518179654840833  0.13850553944049082
  0.15118392925271804  0.16234717966824669  0.17268297284307940  0.18259410298905032
  0.19229468154772569  0.20155614906599015  0.21051058008567855  0.21980844391356724
  0.22974851921676789  0.24150943281300727  0.25287141266362684  0.26290143378486375
  0.27284951954443032  0.28357978894210384  0.29384693981415105  0.30272526648761855
  0.31137665928142266  0.32075274162451095  0.33033067645326131  0.34082678049779097
  0.35159017287258204  0.36329767407896929  0.37531892744720807  0.38640595835076991
  0.39711848529104282  0.40819648454074847  0.41849608214731210  0.42789126666708671
  0.43657852597782393  0.44585838951237322  0.45557848348962082  0.46510199055744655
  0.47347576917185547  0.48158773627483875  0.48958794231406816  0.49774651146277427
  0.50620115326970427  0.51517390411395403  0.52448779076819596  0.53338283580282553
  0.54228417964344500  0.55079814785059666  0.55968806981845820  0.56842786114061961
  0.57756470607422750  0.58687660791997531  0.59723914623532637  0.60854398584799962
  0.62097445935473006  0.63279241581831502  0.64365413615308864  0.65619487680773703
  0.66845469460527929  0.68005294963243401  0.69202805094384956  0.70468775730228661
  0.71798813476055523  0.73077277672075702  0.74202282277933362  0.75278105299988740
  0.76246798939462723  0.77155451035705835  0.78000730402576079  0.78836991473249163
  0.79707128870332244  0.80627911267658092  0.81591670323044418  0.82584819318880331
  0.83653803594852005  0.84803042812313145  0.85961171434463191  0.87023615906598439
  0.88104263235540881  0.89300153343980260  0.90359486980485804  0.91372998627045565
  0.92368702116753887  0.93278487026315382  0.94223814180099441  0.95232845504717112
  0.96299892243576168  0.97458625151198186  0.98613402522097993  1.00000000000000000
   4.0275472121896258E-006  -1.0000000000000000     
 T T T T F F F F F F F F T T T T F F F F F F F F F F F F F F F F
  <DiscreteSampler_grid>
  grouped_processes
  1 # 1 for a reference and 2 for a running grid.
  10 # Attribute 'min_bin_probing_points' of the grid.
  1 # Attribute 'grid_mode' of the grid. 1=='default',2=='initialization'
  0.0000000000000000 # Attribute 'small_contrib_threshold' of the grid.
  0.5000000000000000 # Attribute 'damping_power' of the grid.
 # binID   n_entries weight   weight_sqr   abs_weight
    10   10   1.346383516392160E+007   1.816184083606039E+014   1.346383516392160E+007
  </DiscreteSampler_grid>
