 -0.00528244669806686  0.00045426103426168  0.01103342489949124  0.03285779201743878
  0.05470633161902814  0.07657032528700337  0.09780271007112583  0.11813917374952734
  0.13641354737496592  0.15483933581057693  0.17330294253883774  0.19147187578681474
  0.21043721958451839  0.23025509409958780  0.25025893314069170  0.27024998028833563
  0.29007084838413549  0.30991348042995737  0.32977493253913387  0.34960795755882607
  0.36941625036174086  0.38909500603282027  0.40891041835018427  0.42892649241759268
  0.44896203729520529  0.46900679138594586  0.48929611616847757  0.50954632044086012
  0.52958471142561070  0.54958219291392096  0.56953541216170900  0.58947947949588542
  0.60941366373230987  0.62906003999822646  0.64877010307100680  0.66863402803611738
  0.68827156140078138  0.70775615574302331  0.72852191450700610  0.74958792789038431
  0.77137865410319872  0.79426790062195707  0.81932884492640901  0.82683461740219999
  0.82814707222373762  0.82904208521442435  0.83074405646061156  0.83414088844041423
  0.83739660458362275  0.84065210435599769  0.84392452354757497  0.84723740260034996
  0.85055568474033283  0.85384167221494367  0.85715866550373787  0.86045365181501876
  0.86374463863289996  0.86710648960223513  0.87047465308237870  0.87380209572934897
  0.87713270263855025  0.88050569490158159  0.88389324072233810  0.88726094059369631
  0.89063586192226440  0.89408267781942485  0.89756300244874843  0.90104911450229297
  0.90454094742763258  0.90801797460306000  0.91145163407733831  0.91490676079744049
  0.91836951952723900  0.92180068677007421  0.92526802108219364  0.92874564300922147
  0.93223070469315317  0.93568615844442482  0.93914797470995359  0.94269287938228485
  0.94622757167302429  0.94977683355905129  0.95328965405997490  0.95682042688434410
  0.96040375714562010  0.96396592432787953  0.96758445160086282  0.97121326774586425
  0.97479149325313974  0.97836777428271260  0.98198461815914750  0.98559005494555185
  0.98917683365653319  0.99278845570692664  0.99639711375383466  1.00000000000000000
 -0.00277385261487398  0.01181642964189069  0.02165384320275391  0.02935578326251830
  0.03830936103250407  0.04725309858122450  0.05545343823258645  0.06365293687183163
  0.07145263202202720  0.07906112028696138  0.08715646620145996  0.09608506039174586
  0.10464088246081822  0.11383722317722453  0.12380698035394906  0.13610342161674346
  0.14963118718601728  0.16194238414959058  0.17422828373172919  0.18617969085563640
  0.19799357819051935  0.20996232336430776  0.22140253196385240  0.23200170661020253
  0.24228890998409605  0.25269054311071337  0.26354297839869212  0.27503054647105973
  0.28651883234567205  0.29811415221928195  0.31106188018226544  0.32202888227461823
  0.33361786097969154  0.34320093693240622  0.35204322817734957  0.36123943344332260
  0.37060335454883581  0.38100830322561641  0.39241685286910732  0.40413089289848808
  0.41649161867374507  0.42999027967607761  0.44115125840156261  0.44882725855476652
  0.45721163293803313  0.46634233272416636  0.47582453971581923  0.48513509560575041
  0.49316255308559820  0.50114678378884692  0.51143234815626970  0.52250783733814543
  0.53449462509269796  0.54707339926145371  0.55902136228457322  0.57080971440939188
  0.58183485577495198  0.59313254566369233  0.60478893177000437  0.61587709233643440
  0.62777356396354123  0.63971348769864822  0.65177103584931129  0.66326929432915471
  0.67283454302263557  0.68168019618359688  0.69101694465641317  0.70069048498538367
  0.71051271034971486  0.71969183789219038  0.72843923736749228  0.74019147298257792
  0.75462039427858807  0.76844867763556823  0.77961253678854248  0.78866238776947484
  0.79708959084173647  0.80485772951460610  0.81170628624211949  0.81794987912781436
  0.82460150387872266  0.83195132347858247  0.84022977298488644  0.84886104331248935
  0.85998512054562348  0.87415086135090081  0.88844067411196881  0.90237455090480867
  0.91508118922474091  0.92733635877009046  0.93957028374243978  0.95176989299602643
  0.96399200369139249  0.97584825829567412  0.98752800667013807  1.00000000000000000
   7.1557453755491721E-004  -1.0000000000000000     
 T T T T F F F F F F F F T T T T F F F F F F F F F F F F F F F F
  <DiscreteSampler_grid>
  grouped_processes
  1 # 1 for a reference and 2 for a running grid.
  10 # Attribute 'min_bin_probing_points' of the grid.
  1 # Attribute 'grid_mode' of the grid. 1=='default',2=='initialization'
  0.0000000000000000 # Attribute 'small_contrib_threshold' of the grid.
  0.5000000000000000 # Attribute 'damping_power' of the grid.
 # binID   n_entries weight   weight_sqr   abs_weight
    10   10   4.907366305500935E+008   2.408651765314493E+017   4.907366305500935E+008
  </DiscreteSampler_grid>
