 -0.00536061557286761  0.00634004732749465  0.01989614351415039  0.03649543463757784
  0.05340690357690838  0.06987676653322020  0.08308232402044895  0.09598679611166887
  0.10870441549989408  0.12144823499400596  0.13395601705886837  0.14683340264556541
  0.16154648658363033  0.17636874502381578  0.19124958111081328  0.20617450634937390
  0.22095447531844364  0.23561438760289702  0.25014982863600149  0.26470144850375277
  0.27928059790750964  0.29414787676969345  0.30913386970053569  0.32429096855654305
  0.33919254990915559  0.35397805960161233  0.36876966042849141  0.38360036526965757
  0.39847886762986984  0.41342461113090873  0.42836855878666541  0.44327737094553571
  0.45798879279180926  0.47263140280569377  0.48743931469568447  0.50206245635098401
  0.51652534087510271  0.53102329704723927  0.54552469182718177  0.56002778656279650
  0.57474079793920196  0.58952021636037455  0.60429784270921905  0.61901945638516032
  0.63369791589821578  0.64813676106778340  0.66262964728007645  0.67719588238748929
  0.69168410007237868  0.70619943915425132  0.72089689139174007  0.73547189139369418
  0.74996590230902660  0.76445138859787942  0.77900101514386433  0.79363702743355713
  0.80798741371866423  0.82224359524598667  0.83637944905341388  0.85047126845401011
  0.86457980619915209  0.87890887777969307  0.89353580670033661  0.90839308040743971
  0.92315504291605543  0.93790211326300843  0.95262844054847007  0.96298638063967346
  0.97299690732318989  0.98286008342212683  0.98741860021109884  0.98745233977210833
  0.98754840560936830  0.98802162812556038  0.98856382277976973  0.98910556232369695
  0.98964766306981033  0.99019337645179606  0.99073876182411291  0.99128352629582694
  0.99182727909110313  0.99236975522823812  0.99291069176078217  0.99345539363096447
  0.99400218786439676  0.99454862589260906  0.99509839216723017  0.99564693502744361
  0.99619408987875124  0.99673377572254862  0.99728175064602764  0.99782420205966782
  0.99836673884020999  0.99891449907359109  0.99946088855488668  1.00000000000000000
 -0.00275005020482673  0.00987350376877073  0.02036676068682436  0.02951607294992048
  0.03858535639611096  0.04747435971986923  0.05644363322477088  0.06532549243620667
  0.07500508500559297  0.08460722178706580  0.09482668951523007  0.10508737455468960
  0.11434244264745605  0.12296576347505325  0.13174728329217653  0.14047319259773838
  0.14916322431074841  0.15792168215264374  0.16654135193361191  0.17445595587285609
  0.18278439329459178  0.19129552970369190  0.20007631916951307  0.20916040281332793
  0.21793238380369712  0.22702950477222897  0.23964099538528752  0.25375327389555252
  0.26316013273348610  0.27203714340604884  0.28127608291309658  0.29085180290296625
  0.30026658429473518  0.31008698249561156  0.32299975489741678  0.34007525685065065
  0.35656678960068022  0.37346761149115898  0.39070369519926407  0.40821620367494360
  0.42603871757091166  0.44666265170321995  0.46166331960700063  0.47345782358928307
  0.48440054052253639  0.49573901162529221  0.50760923013841930  0.51909025726614699
  0.53014218760616849  0.54046726057287597  0.55035849370120760  0.56001971814498586
  0.56994827932942049  0.57832506921597282  0.59010443767300236  0.60520585829157725
  0.62101847706703317  0.63606538014472791  0.64840683254079234  0.65902906638678993
  0.66881727199565699  0.67890658679481708  0.68825315584853819  0.69669916367129348
  0.70530960397828779  0.71403578722427019  0.72254538532024493  0.73064676862749978
  0.73888720195373070  0.74733779085002983  0.75517557445582273  0.76257874514685986
  0.77020095714417058  0.77959745886746523  0.78908985426718503  0.79826648200623807
  0.80697067682612411  0.81878203677357042  0.83531550560854162  0.84580294777305420
  0.85568125341273815  0.86570236755093022  0.87491749789560347  0.88270564753029845
  0.89035020510809659  0.89855756827434952  0.90749740870082118  0.91586314075642061
  0.92465634462894752  0.93452359918963745  0.94680742284576280  0.96290943069748380
  0.97178676358340110  0.98124051596759032  0.99053643312994155  1.00000000000000000
   3.7651176381703718E-006  -1.0000000000000000     
 T T T T F F F F F F F F T T T T F F F F F F F F F F F F F F F F
  <DiscreteSampler_grid>
  grouped_processes
  1 # 1 for a reference and 2 for a running grid.
  10 # Attribute 'min_bin_probing_points' of the grid.
  1 # Attribute 'grid_mode' of the grid. 1=='default',2=='initialization'
  0.0000000000000000 # Attribute 'small_contrib_threshold' of the grid.
  0.5000000000000000 # Attribute 'damping_power' of the grid.
 # binID   n_entries weight   weight_sqr   abs_weight
    10   10   2.702219590231069E+007   7.301991266477702E+014   2.702219590231069E+007
  </DiscreteSampler_grid>
