 -0.00537130758616002  0.00153867601358808  0.01115200013795171  0.02764818845649251
  0.04445733521868313  0.06148991729657190  0.07585695222766523  0.08934644681977388
  0.10168419876790234  0.11430535858391128  0.12678818237601841  0.13903217604705539
  0.15277409670747399  0.16696185449189641  0.18164495094046257  0.19647682269082173
  0.21138681055748151  0.22641025208637258  0.24155486303787826  0.25668452047396856
  0.27162401378042628  0.28647411540606554  0.30127858902048343  0.31612213132361394
  0.33105928751997538  0.34609843366000786  0.36139488557009664  0.37682558439873198
  0.39244400169144394  0.40796242185647053  0.42341891387043734  0.43875991666790154
  0.45376556978179167  0.46860243742415880  0.48331092372445511  0.49809730279410114
  0.51295840911986867  0.52760711703904395  0.54233029236900354  0.55720983159112136
  0.57195813415644015  0.58664723587719314  0.60125019886533204  0.61588094830640472
  0.63051653047118350  0.64511237564891855  0.65963836716452096  0.67411422174036162
  0.68852696385513201  0.70298092097037168  0.71748703724221874  0.73179458043897594
  0.74597952500007325  0.75994538176885340  0.77388522118884517  0.78783895424404515
  0.80195907394808708  0.81624341190443606  0.83065828580315659  0.84509868870789651
  0.85944503826322705  0.87367072275530300  0.88853402104993584  0.90347028955349618
  0.91830930195322791  0.93352024854854998  0.94872784668245624  0.95976751446879904
  0.97078696733574210  0.98093735556468376  0.98741723608506970  0.98744295851782082
  0.98753338234310462  0.98797332644307223  0.98851794167281026  0.98906165452861738
  0.98960555516903004  0.99014882055348397  0.99069061410035841  0.99123579579520993
  0.99178726484475066  0.99233919083060596  0.99287906083717992  0.99341747888349008
  0.99396249406991344  0.99451338116754495  0.99506683750476455  0.99561581243600172
  0.99617122517144840  0.99672397812761393  0.99727040337342487  0.99781653296187389
  0.99836532806175049  0.99890589824185227  0.99944687111071229  1.00000000000000000
 -0.00235649661776346  0.00939273592697663  0.01832571206453612  0.02801447389435346
  0.03762687581696544  0.04689059298823550  0.05644239990986864  0.06660509049057005
  0.07546450991791949  0.08403778376014248  0.09196180370284160  0.10062548011599622
  0.10999329995732181  0.12023066806982587  0.12978987279294407  0.13871432028650391
  0.14868113387027279  0.16042405492534048  0.17213582677464995  0.18179111145420712
  0.19064381307960176  0.19973353146643189  0.20872859683933556  0.21730280008126437
  0.22593349944728827  0.23492586728343576  0.24361528538053701  0.25195158534493423
  0.26031363559028819  0.26891280096357673  0.27864701016316029  0.28902263046670396
  0.29766562556299936  0.30583049152311398  0.31387173943676955  0.32112976102393526
  0.32826988852056138  0.33553110187295854  0.34300140811712670  0.35051057002510566
  0.35840013273283139  0.36677106576128282  0.37498683488689738  0.38427571044660436
  0.39412882297526503  0.40350564668464400  0.41246427000392960  0.42126536723728686
  0.43033310966399829  0.43969568961542238  0.44924560193167001  0.45899999795003804
  0.46962405982248578  0.48269403010648609  0.49964897487940602  0.51970981655072301
  0.53724917551462947  0.55461552545113058  0.57131332078795671  0.58706102997488463
  0.60217479070953772  0.61714050236612750  0.63163906900502864  0.64649498539749817
  0.65897942923064190  0.67010353086162722  0.67899738102738905  0.68736528701400712
  0.69593225468461839  0.70462012318097567  0.71349237128233967  0.72224292383337951
  0.73092534042493462  0.74067261085156755  0.75224739763712811  0.76930877698780264
  0.78103269211002624  0.79058301303034717  0.80005135297742469  0.80945147148554775
  0.81887317520358849  0.82814415920171813  0.83760417080233873  0.84732089780908759
  0.85645738279185291  0.86511629727332073  0.87359637074118202  0.88210840310857974
  0.89072510882798750  0.90040908722242174  0.91138424012693575  0.92407777219762077
  0.94396192204919038  0.96283237787886877  0.98142924209349125  1.00000000000000000
   3.8509013008865258E-006  -1.0000000000000000     
 T T T T F F F F F F F F T T T T F F F F F F F F F F F F F F F F
  <DiscreteSampler_grid>
  grouped_processes
  1 # 1 for a reference and 2 for a running grid.
  10 # Attribute 'min_bin_probing_points' of the grid.
  1 # Attribute 'grid_mode' of the grid. 1=='default',2=='initialization'
  0.0000000000000000 # Attribute 'small_contrib_threshold' of the grid.
  0.5000000000000000 # Attribute 'damping_power' of the grid.
 # binID   n_entries weight   weight_sqr   abs_weight
    10   10   2.569490278903881E+007   6.602280698618344E+014   2.569490278903881E+007
  </DiscreteSampler_grid>
