 -0.00728590941713857  0.02864714975402982  0.05696612802831028  0.07924153455614068
  0.09627801274927024  0.11250127610084826  0.12781053605030443  0.14234863385388566
  0.15622291175731545  0.16947973643160022  0.18229978620318105  0.19499810131063669
  0.20761210701830130  0.21903116304783640  0.23020077477858059  0.24129691206235321
  0.25228142761122802  0.26313372179530375  0.27388885208276281  0.28450215191047984
  0.29482518007142489  0.30502306626759351  0.31508530587547667  0.32503966784716110
  0.33491612081327182  0.34470359104313197  0.35430190707280335  0.36387439971821900
  0.37338597533816220  0.38287920859548868  0.39238287876834249  0.40184144352489476
  0.41123696491176542  0.42056796542078018  0.42981015993603228  0.43900777198255447
  0.44822192506194208  0.45742125317993093  0.46652126940454713  0.47559674319496076
  0.48467785988120410  0.49379314706763011  0.50297260164353375  0.51217161258504307
  0.52142756699447446  0.53067484745676041  0.53988034950853658  0.54904088605235535
  0.55819741984301519  0.56744147657417865  0.57671689978504448  0.58603320486667521
  0.59540533812669183  0.60482970507122302  0.61415476586050122  0.62342901402496298
  0.63288904154615389  0.64251487820631159  0.65223020725330605  0.66201325003030809
  0.67191745160762162  0.68190467006791189  0.69197872626959422  0.70210039445717509
  0.71225970018336393  0.72259597609755843  0.73302415362716145  0.74361155536301093
  0.75433852540474144  0.76529946283014105  0.77665187027704208  0.78849674740367215
  0.80053672698224154  0.81284815715239422  0.82528906259146839  0.83843385566121886
  0.85242216533838933  0.86713776995794789  0.88274104910074525  0.89879193644727806
  0.91547501776855256  0.93270232110738538  0.95220432279589506  0.96293345687349863
  0.96349402814465990  0.96638486768948395  0.96931715483915082  0.97232224836167391
  0.97540578217960372  0.97860400833257999  0.98185216253249619  0.98519809776921519
  0.98867700182398977  0.99227694805541433  0.99608392321366557  1.00000000000000000
 -0.00461130926349023  0.01436980680604946  0.02684794968928347  0.03690092584627113
  0.04697302712671265  0.05676111136104325  0.06641459815421497  0.07655973858906230
  0.08899424452533776  0.10359366723351172  0.11835168871094387  0.13050678892135215
  0.13951011508958439  0.14812383778665145  0.15644973991856392  0.16515681565407447
  0.17390864844034690  0.18230495223089824  0.19143493073274981  0.20010537165306577
  0.21166986942076854  0.22597200454616045  0.24133650620234295  0.25672338971743003
  0.27139454149304887  0.28481404836163987  0.29672798932090838  0.30630076243489995
  0.31542927688768485  0.32446938644021694  0.33388879440097535  0.34342705290227182
  0.35315370650146266  0.36431855207991076  0.37623981900148379  0.39214998425405262
  0.40371520226140911  0.41268902156843745  0.42253064858664402  0.43177903107999871
  0.44069261060758746  0.44932410267149470  0.45927098762308921  0.47137672859356888
  0.48575741147575086  0.50043209655090937  0.51436987086090791  0.52769437368260930
  0.54059086088757724  0.55335898489270086  0.56653534955804974  0.58011377222011884
  0.59385685917441833  0.60669927811525015  0.61458740313068827  0.62342619618778228
  0.63225826750349068  0.64092467119621677  0.64958219444073795  0.65835705637993214
  0.66726107263009693  0.67680553520864239  0.68639379922112265  0.69567010082346048
  0.70444949924983524  0.71677149660156969  0.72997742534267362  0.73967172690674643
  0.74819090763270590  0.75760496903399888  0.76740828289572205  0.77636946480424507
  0.78442873922755263  0.79357072825027586  0.80334808341618036  0.81295365933898411
  0.82092845848120832  0.82911136016733833  0.83796088299406679  0.84734340534333186
  0.85626907425250054  0.86491164972795498  0.87418556958317095  0.88408763461083872
  0.89380801227361617  0.90292510034620832  0.91164377537472985  0.92015595558869123
  0.92872060864034922  0.93763566898823081  0.94691819024390056  0.95588650495011007
  0.96626894888919113  0.97765805953167262  0.98863007389911328  1.00000000000000000
   8.1055012686689219E-006  -1.0000000000000000     
 T T T T F F F F F F F F T T T T F F F F F F F F F F F F F F F F
  <DiscreteSampler_grid>
  grouped_processes
  1 # 1 for a reference and 2 for a running grid.
  10 # Attribute 'min_bin_probing_points' of the grid.
  1 # Attribute 'grid_mode' of the grid. 1=='default',2=='initialization'
  0.0000000000000000 # Attribute 'small_contrib_threshold' of the grid.
  0.5000000000000000 # Attribute 'damping_power' of the grid.
 # binID   n_entries weight   weight_sqr   abs_weight
    10   10   1.931370756035239E+007   3.783343023136249E+014   1.931370756035239E+007
  </DiscreteSampler_grid>
