 -0.00768245101034409  0.01933514405283697  0.04103247891244802  0.06283737637206113
  0.08447681881769882  0.10589439739906897  0.12493642816134554  0.14297912561937456
  0.16157004644928655  0.18006850919673972  0.19844550707548608  0.21831430158070408
  0.23864453386219603  0.25967070465824033  0.28060587761578670  0.30140893666397978
  0.32220624016456600  0.34300071262298149  0.36390285902580755  0.38476547132181887
  0.40546507425107997  0.42621222602715925  0.44700959117033501  0.46769428963548720
  0.48834056687117333  0.50920168538942612  0.52996713556499475  0.55043490574910925
  0.57086174375737053  0.59124926836428215  0.61163399903427185  0.63203042138228860
  0.65277537532715002  0.67344831528915505  0.69394973932122894  0.71444804987239907
  0.73494359268479759  0.75479978982020468  0.77445692529145793  0.79563912239045964
  0.81414557322575065  0.82791307660013158  0.82818110979075643  0.82908607252597633
  0.83083870112877412  0.83409976501293237  0.83733793604753892  0.84059810201900231
  0.84384470549825941  0.84707417384971773  0.85032508490579461  0.85357944812723230
  0.85683924492699692  0.86010001494692001  0.86334726009691587  0.86658006537774623
  0.86982322066933315  0.87305958895718117  0.87630391202472036  0.87960047602401825
  0.88291890320093358  0.88622273140067331  0.88952810398720450  0.89283556044961709
  0.89612988626392576  0.89942299336359421  0.90272693114660185  0.90602764139381176
  0.90933517225239924  0.91264562507005020  0.91597407822402421  0.91930325475765851
  0.92261921630030408  0.92595611360619978  0.92933114729409294  0.93270038402997457
  0.93603851788423986  0.93935603043817539  0.94267314971155447  0.94601433622546072
  0.94936718567445899  0.95274666249341056  0.95613364675711354  0.95951390999527975
  0.96290385950383239  0.96628524202207056  0.96964198952745451  0.97298183687534667
  0.97635067932964237  0.97971762664051876  0.98307099921428265  0.98642202663672651
  0.98980266227366165  0.99319750651106953  0.99659953642816157  1.00000000000000000
 -0.00204535116326190  0.00865288095795594  0.01840478432169562  0.02831314673519830
  0.03808675405896995  0.04711030919129484  0.05583748918025869  0.06449206896238938
  0.07310298436942550  0.08181983569346936  0.09087267880073337  0.10001679324077256
  0.10946406018459377  0.11874765162818177  0.12853423228940283  0.13856986736123919
  0.15023771248074569  0.16288754685062026  0.17560110604843157  0.18822163649678070
  0.20126851270325158  0.21513764272978977  0.22913543229752995  0.24308273631058783
  0.25587947222017077  0.26809854187184939  0.28026008481393389  0.29250390137072019
  0.30477409811321415  0.31735221590573776  0.33056507341816538  0.34370793046961490
  0.35799843134733023  0.37189972018975115  0.38430992068142084  0.39502045673606018
  0.40515954777328927  0.41545642746273392  0.42642977139226979  0.43760263803483185
  0.44821414631300649  0.45875364285719716  0.46977191583377476  0.48018979398675687
  0.48932184231965609  0.49807598812219822  0.50734242912245064  0.51693978018446174
  0.52590303511541459  0.53529667812042181  0.54426467504190845  0.55425771254035627
  0.56370225720849987  0.57297991322810782  0.58193718522732507  0.59091351733567565
  0.59940571958137934  0.60805009937294374  0.61693029059465987  0.62656080261446345
  0.63697416185365929  0.64776275236578329  0.65876297810237372  0.66899026662075833
  0.67816216943216001  0.68712711479752564  0.69689311786941777  0.70717990762267902
  0.71793640767976752  0.72963299442382790  0.73937228980790737  0.74917338138631517
  0.75894757034558069  0.76874277838272564  0.77714672279520025  0.78478281180269605
  0.79313688353403444  0.80295681229768912  0.81369865748168546  0.82411276683548429
  0.83484719196002211  0.84675573789075487  0.85979859861600250  0.87266068040495093
  0.88586115585362468  0.89966660773382667  0.91280197899919535  0.92445658248083840
  0.93496567695371269  0.94521393314388147  0.95535722321654182  0.96462364402731138
  0.97334062183200709  0.98206692436243059  0.99079994004346794  1.00000000000000000
   1.5002862638288904E-006  -1.0000000000000000     
 T T T T F F F F F F F F T T T T F F F F F F F F F F F F F F F F
  <DiscreteSampler_grid>
  grouped_processes
  1 # 1 for a reference and 2 for a running grid.
  10 # Attribute 'min_bin_probing_points' of the grid.
  1 # Attribute 'grid_mode' of the grid. 1=='default',2=='initialization'
  0.0000000000000000 # Attribute 'small_contrib_threshold' of the grid.
  0.5000000000000000 # Attribute 'damping_power' of the grid.
 # binID   n_entries weight   weight_sqr   abs_weight
    10   10   3.792125274128944E+006   1.438172859058556E+013   3.792125274128944E+006
  </DiscreteSampler_grid>
