 -0.00274023853271801  0.01421963157016563  0.03117950167304927  0.04804995778360974
  0.06448575888798347  0.08092155999235720  0.10224741202457141  0.12452390296393828
  0.14555536283144943  0.16515939336680421  0.18439094155210728  0.20327417094925143
  0.22029361984024934  0.23696180425930088  0.25336006716191523  0.26972070161239026
  0.28577228009007394  0.30060854974530965  0.31536182038843064  0.33005989604406127
  0.34473570335482667  0.35928304760076202  0.37363364312580294  0.38790817493872326
  0.40210460970242534  0.41606279966108456  0.42995592098489971  0.44379924791709385
  0.45741319976054512  0.47106051115141867  0.48485359021369845  0.49872766657075246
  0.51265106111228897  0.52653613330437810  0.54048493326667291  0.55452947327415381
  0.56831065323083829  0.58201392635209592  0.59563542273516390  0.60921625906054266
  0.62276957928136667  0.63667397863618680  0.65057673954906137  0.66446311571983596
  0.67871161525804813  0.69307212060440038  0.70752908320468411  0.72213774018064403
  0.73702166495418941  0.75366195305591299  0.77128131936684574  0.78971351685016145
  0.81021630105273912  0.82198103926382926  0.82674151140697982  0.82838520845980634
  0.82918947582462199  0.83093231238546472  0.83406573076047408  0.83721406912807694
  0.84040553622109504  0.84360393489829855  0.84678302356857837  0.85001396264726559
  0.85331954269146570  0.85667806856726536  0.86012216820751630  0.86361979880370154
  0.86718480078205729  0.87073320024083467  0.87424047750812717  0.87789742593109032
  0.88162572359184277  0.88535092751170330  0.88915323983788030  0.89302581052020069
  0.89688932377891073  0.90086051869127204  0.90493889003948380  0.90915001623349256
  0.91338878313697880  0.91774418633651245  0.92217221412250894  0.92668842075962954
  0.93144895072330480  0.93633479929490515  0.94131284960748596  0.94648303376626819
  0.95188559877920143  0.95736463732595201  0.96308324059867079  0.96922159700521349
  0.97569305073241930  0.98277295191072600  0.99077938795570242  1.00000000000000000
 -0.00326663610051293  0.01197841786749684  0.02509708747554756  0.03825650265443615
  0.05146767341963752  0.06434475611133342  0.07620486261374863  0.08730432756457056
  0.09838074329555974  0.10947661188247532  0.12146674737601125  0.13407747623564223
  0.14667978019050368  0.15976486866632503  0.17344104889528619  0.18734280552434962
  0.20076498173596372  0.21317916818357399  0.22439024110523850  0.23537310599291797
  0.24641230551368831  0.25811986903170614  0.27067793570481119  0.28387295739256968
  0.29810091503807018  0.31228813495225111  0.32549872757536957  0.33948519581614367
  0.35185774221481708  0.36511514784701182  0.37796412817555303  0.38984366570863799
  0.40136112924365397  0.41250450101049263  0.42368365094401828  0.43537509813931957
  0.44749273149335961  0.45957254445161300  0.47173699961043797  0.48472724536399758
  0.49769932252164106  0.51176315744335554  0.52580381107267538  0.53929429750582913
  0.55243865602638975  0.56396496807113849  0.57005415374592239  0.57675085514675872
  0.58382744821190768  0.59147863398371181  0.59973953260457780  0.60744154983224430
  0.61525332615645045  0.62404625051548224  0.63573602126956141  0.64862039331351740
  0.66074025615117038  0.67264965873466753  0.68442758691684447  0.69663506382691986
  0.70890954183302768  0.71498104621167136  0.72270557284715353  0.73049579681589216
  0.73834684063480971  0.74624034122947425  0.75484957714409118  0.76399076723221782
  0.77250090155532936  0.78113534626711889  0.79014499421030082  0.79938436879808417
  0.80842198737287363  0.81626259715590221  0.82279596650881681  0.82859432231659724
  0.83460889624922352  0.84124568458912874  0.84823324661760746  0.85523597906913207
  0.86170049858597508  0.86813215844048053  0.87495277736912724  0.88507413102694066
  0.89717549264403296  0.90513947361432279  0.91387921226929913  0.92281098094592462
  0.93205393488254529  0.94030066491662578  0.94717447934709675  0.95361684701040905
  0.96175039135697371  0.97355596467298844  0.98655296300197337  1.00000000000000000
   2.3283246346887939E-007  -1.0000000000000000     
 T T T T F F F F F F F F T T T T F F F F F F F F F F F F F F F F
  <DiscreteSampler_grid>
  grouped_processes
  1 # 1 for a reference and 2 for a running grid.
  10 # Attribute 'min_bin_probing_points' of the grid.
  1 # Attribute 'grid_mode' of the grid. 1=='default',2=='initialization'
  0.0000000000000000 # Attribute 'small_contrib_threshold' of the grid.
  0.5000000000000000 # Attribute 'damping_power' of the grid.
 # binID   n_entries weight   weight_sqr   abs_weight
    10   10   8.816619459240713E+004   9.482153686607983E+009   8.816619459240713E+004
  </DiscreteSampler_grid>
