 -0.01041620089450179  0.01067286889243066  0.03620460409941156  0.06935190514529897
  0.10054928694818217  0.13062024909235312  0.15691382793959230  0.18323474292243416
  0.20958597634467377  0.23551747358849023  0.26128212783533694  0.28668781178702424
  0.31193089863063134  0.33703459018184018  0.36352189424342807  0.39048239234132281
  0.42104647937706075  0.43804471718692156  0.44052349380085765  0.44285059349250189
  0.44889480980497892  0.45551072373807949  0.46200952796464667  0.46847838792715868
  0.47490567221330349  0.48133445633245875  0.48779279488382932  0.49428648957278998
  0.50080359935630714  0.50733365468525526  0.51386484906078511  0.52042636796576525
  0.52703898801352089  0.53368419835351277  0.54034779992284465  0.54702669620613509
  0.55372675565027396  0.56044156793564537  0.56717728461357397  0.57392652533102817
  0.58068535691416745  0.58745716284993732  0.59424439182863031  0.60105963670467788
  0.60792100934089077  0.61484125594002004  0.62177560996448722  0.62871591625786083
  0.63566999433567939  0.64268033742990738  0.64973761096914762  0.65682818535017995
  0.66395720821756421  0.67113311875469650  0.67834069578921130  0.68554208653593651
  0.69276241319484355  0.69998608845625399  0.70726216403842102  0.71455585475821859
  0.72186194279650029  0.72916033447345630  0.73649063956563254  0.74386530650613769
  0.75128874988212202  0.75876190059767368  0.76627957091460142  0.77382163293137396
  0.78137742097551288  0.78896365890008158  0.79658206787280350  0.80424157890071346
  0.81193982475266868  0.81965836028880545  0.82740817896607721  0.83518605392105483
  0.84302449964766257  0.85090742429107136  0.85883109973181282  0.86678277244749802
  0.87476720927618079  0.88281710405979452  0.89092477470701936  0.89907975192640355
  0.90726163808320737  0.91547851855660678  0.92372406547330621  0.93200766102966248
  0.94034669051479858  0.94873150868480582  0.95714613267799431  0.96559501600418640
  0.97412283043876779  0.98270238227255757  0.99133460041952215  1.00000000000000000
 -0.00294486294657053  0.01023348239056054  0.02178408317514123  0.03303264889397955
  0.04416874096117669  0.05523380273364417  0.06623910570827779  0.07719234842097587
  0.08820831286620502  0.09920903155572203  0.11020776480801719  0.12119617029547541
  0.13232784939799003  0.14353059333246695  0.15367541949816452  0.16332276706151788
  0.17303122552794437  0.18273914238156791  0.19262437021687173  0.20236398077666573
  0.21336977437307036  0.22524913625923254  0.23698480976936459  0.24827257919689860
  0.25910080279830427  0.27006930959199321  0.28148896917624622  0.29305199664476295
  0.30417287457947761  0.31468279452997722  0.32512605869341776  0.33540173990242450
  0.34567876080684540  0.35613932287826328  0.36695946509108435  0.37784037460095904
  0.38863933903214443  0.39960216478744381  0.41072251742592830  0.42111177553839063
  0.43085827189646747  0.44079630729549157  0.45072814506672421  0.46095641064940807
  0.47103447967944778  0.48103119476533313  0.49146651989953366  0.50193690003348423
  0.51231546941832895  0.52280486133214166  0.53352699463595599  0.54440208501632215
  0.55502101076291444  0.56518883455472135  0.57496580297352839  0.58494021710296007
  0.59517964429033932  0.60562245141866911  0.61594517341177957  0.62603760141007603
  0.63622249940106479  0.64650622086682896  0.65694400760526162  0.66764966016555105
  0.67843297155407145  0.68950294611031882  0.70069263783104785  0.71190204423271675
  0.72322679850534555  0.73468854569016684  0.74614903799220811  0.75740866593703360
  0.76823125960512550  0.77873396232351433  0.78906702426343789  0.79923670452219531
  0.80952887206597279  0.81963770516799417  0.83004755409291309  0.84005623981869648
  0.84961749121045949  0.85915349911990757  0.86877729823564254  0.87849504836002634
  0.88836890950971903  0.89861206302105612  0.90932293540582221  0.91988985490328867
  0.93010864491479150  0.94010294725265386  0.94986885702802060  0.95970513304920402
  0.96975421347965163  0.98015362212672252  0.99002473033122451  1.00000000000000000
   6.4562169323387474E-005  -1.0000000000000000     
 T T T T F F F F F F F F T T T T F F F F F F F F F F F F F F F F
  <DiscreteSampler_grid>
  grouped_processes
  1 # 1 for a reference and 2 for a running grid.
  10 # Attribute 'min_bin_probing_points' of the grid.
  1 # Attribute 'grid_mode' of the grid. 1=='default',2=='initialization'
  0.0000000000000000 # Attribute 'small_contrib_threshold' of the grid.
  0.5000000000000000 # Attribute 'damping_power' of the grid.
 # binID   n_entries weight   weight_sqr   abs_weight
    10   10   1.909274069122942E+008   3.646618155489172E+016   1.909274069122942E+008
  </DiscreteSampler_grid>
