 -0.00513752962501305 -0.00119939580426577  0.00681984371432679  0.02237498318406802
  0.03787826286686091  0.05336192831772005  0.06909347082090805  0.08394961971916490
  0.09736086674772608  0.11120030799118535  0.12514179163221867  0.13905273450696404
  0.15330954992600737  0.16785493257963480  0.18304387362058763  0.19814829402745260
  0.21319065205041071  0.22805779902457904  0.24290119962773507  0.25772137226579078
  0.27242134924464206  0.28713755526102436  0.30192424452937017  0.31661666506058073
  0.33127831571152205  0.34605110419478186  0.36084497092152878  0.37565676541191939
  0.39067946279412419  0.40591343333765495  0.42142029847338086  0.43690468510425190
  0.45233142409308363  0.46764914650037165  0.48322048448129279  0.49884404989917053
  0.51435176181579279  0.52979542475070784  0.54519288839849622  0.56112494257517598
  0.57711835740627682  0.59319414187755082  0.60938234616037279  0.62558739967720089
  0.64165195077104198  0.65778947781894215  0.67398963101433973  0.69033927521446092
  0.70652466633246236  0.72243065990293909  0.73820539644090200  0.75394439787598011
  0.76966182814590967  0.78515178850718659  0.80052500773296564  0.81577342165041200
  0.83112595488468599  0.84657926254849247  0.86234953996667119  0.87864955383596199
  0.89531482894020464  0.91189309807649110  0.92811027156320824  0.94388727338336065
  0.95433003013611695  0.96599307134481960  0.97378534300861586  0.97510133958863532
  0.97524979644591503  0.97585494960854935  0.97678812402512449  0.97771534369757163
  0.97864996174057117  0.97957773231678458  0.98050562885036641  0.98143017453886727
  0.98233634564683880  0.98326432706722777  0.98420176398786252  0.98514504675881054
  0.98606492000959278  0.98698339740129071  0.98789699657394170  0.98882024128293333
  0.98975183506057807  0.99067964445133316  0.99161094667037031  0.99253196297897961
  0.99345922507140394  0.99438980500973273  0.99532078294194870  0.99624867231729941
  0.99719278064724126  0.99814056533791551  0.99906936745044461  1.00000000000000000
 -0.00219490950329684  0.00894318176328138  0.01801994774349860  0.02740809460775847
  0.03631050217386058  0.04502816266499152  0.05403398714536019  0.06605016798083749
  0.08267951111693969  0.09350153152219512  0.10229398993059328  0.11083294139206831
  0.11933221697348893  0.12808703160685228  0.13650970349687730  0.14576913374186265
  0.15886174227943547  0.17745454947119127  0.19793298078246371  0.21280524193841729
  0.22474729533048038  0.23422615894549265  0.24182026281818303  0.24960251247119011
  0.25703063016698707  0.26485394762753051  0.27294184009077455  0.28033953123518340
  0.28775295618292196  0.29538446170883487  0.30326961512512279  0.31067667384049835
  0.31966880583801954  0.33037555161949350  0.34137721610955757  0.35215162796241173
  0.36189109971897121  0.37132459942153945  0.38089358810638257  0.39122161176542514
  0.40319291580015559  0.41758888458577581  0.43319462591380581  0.44832181342107252
  0.46145409730075809  0.46893334753792504  0.47963908798523164  0.48949466138444331
  0.49902123220901923  0.50757816030423153  0.51615054124036752  0.52589970099927308
  0.53734076445617951  0.54774623022268132  0.55711786633973048  0.56881709643701273
  0.58433618736925719  0.60004888476218710  0.61169407177255120  0.62080522485582623
  0.63026133739000501  0.63970182152630328  0.64884947214782562  0.65797548172104570
  0.66783651818454948  0.67868951942969069  0.68861370002459810  0.69830704665870191
  0.70812946681287647  0.71936073863867533  0.73096074540255018  0.74230823238852717
  0.75417273052380074  0.76847573919912782  0.78352515719080718  0.79862042307682557
  0.81396236647586273  0.82880103509277392  0.83973692248619591  0.84716018658503311
  0.85577550833114280  0.86487618102960961  0.87399194052349805  0.88235359471351338
  0.88985544865883603  0.89817938619937399  0.90775348370354847  0.91794173509782973
  0.92688055353130994  0.93745134679977959  0.95014891813660174  0.96364837721066732
  0.97343877192044814  0.98316917008479265  0.99185409020610393  1.00000000000000000
   1.3192681746038598E-005  -1.0000000000000000     
 T T T T F F F F F F F F T T T T F F F F F F F F F F F F F F F F
  <DiscreteSampler_grid>
  grouped_processes
  1 # 1 for a reference and 2 for a running grid.
  10 # Attribute 'min_bin_probing_points' of the grid.
  1 # Attribute 'grid_mode' of the grid. 1=='default',2=='initialization'
  0.0000000000000000 # Attribute 'small_contrib_threshold' of the grid.
  0.5000000000000000 # Attribute 'damping_power' of the grid.
 # binID   n_entries weight   weight_sqr   abs_weight
    10   10   1.935291753278590E+007   3.745369380307161E+014   1.935291753278590E+007
  </DiscreteSampler_grid>
