 -0.00995465267776642  0.02611837187441437  0.05646115337765258  0.08720249956111981
  0.11507519446803659  0.14133753774596033  0.16497576591595464  0.18857866774018869
  0.21214530206219190  0.23622774955219253  0.26064299111889361  0.28568610500125102
  0.31034200862833772  0.33479873748558214  0.35871905308556845  0.38249558038485976
  0.40591533032210708  0.42924298326623028  0.45249171089566537  0.47501973601874609
  0.49734367958366898  0.51914719675401577  0.54090688247599494  0.56256048214901200
  0.58381832498594233  0.60470358722382589  0.62524139030820436  0.64564536920359461
  0.66568135742315959  0.68573557896036541  0.70630275857464109  0.72709076563444908
  0.74882020306328401  0.77091164738916762  0.79430813055990146  0.81302252253184060
  0.82425393355569954  0.82698861952679303  0.82840057090939601  0.82931362364162486
  0.83203017253988798  0.83516341186881138  0.83822983754701041  0.84128347005775583
  0.84432855669694729  0.84738936718201163  0.85045020724132592  0.85348578610541159
  0.85652559941541329  0.85958724062934677  0.86266262601514365  0.86572126302278929
  0.86877756513071003  0.87184331686574090  0.87488749531992904  0.87792319746463288
  0.88097103964585477  0.88401949599766472  0.88708043180697038  0.89015219559949810
  0.89320906325511329  0.89627780956208780  0.89934049829486262  0.90240171552302562
  0.90545683677063837  0.90848780273347651  0.91151984657214324  0.91455336492185135
  0.91759717985831712  0.92064143949650368  0.92369511059897824  0.92675466197209677
  0.92983379098429686  0.93289802317786308  0.93596226582114306  0.93901831653923895
  0.94205353526818347  0.94508504310442387  0.94812039878158938  0.95114792234003109
  0.95417613600509765  0.95720705979767640  0.96023417618935425  0.96328610761665789
  0.96634333878740464  0.96938982055812295  0.97245187930115018  0.97551875051464754
  0.97857893421551101  0.98162857320299612  0.98469551934291166  0.98778458228553556
  0.99086922493138596  0.99392886048945617  0.99696945510473411  1.00000000000000000
 -0.00206423116567479  0.00810825624181813  0.01672542848186821  0.02566111088794132
  0.03484629490128758  0.04384178178088027  0.05574178934793454  0.06835147567027398
  0.08102677580792003  0.09206833512810207  0.10263500998209550  0.11320760864937879
  0.12348064292442987  0.13349489935335102  0.14338237173099536  0.15352019075929205
  0.16349402742512095  0.17309314136596887  0.18293998606350495  0.19315357260963129
  0.20360134980276379  0.21272351530904082  0.22119095952475845  0.22948004001741887
  0.23912860820233939  0.24927369818730660  0.25794416567163225  0.26615423175881048
  0.27508421598642158  0.28495002852553691  0.29453096570179416  0.30333938839591235
  0.31293934266760687  0.32508296966998212  0.33746383302540744  0.34854671577853491
  0.35854107491714798  0.36811259771202204  0.37779512958731493  0.38712808769675289
  0.39664059958132558  0.40658449788292639  0.41637863995217900  0.42594774922707002
  0.43543155309914544  0.44584003431554886  0.45657982493492894  0.46679959684418726
  0.47647299506970237  0.48533360986977703  0.49397466467733192  0.50331865422048483
  0.51241881530228128  0.52135969429476303  0.53053079997065533  0.54060031464472058
  0.55299824861507940  0.56563031633329575  0.57582509548800831  0.58657134865186000
  0.59812203379228279  0.61041062739878726  0.62184714489599435  0.63696088736813017
  0.65251343256311767  0.66598201216089714  0.67825104152698834  0.69003875687468208
  0.70155289286685596  0.71332254290524466  0.72573894175305897  0.73860075384805268
  0.75134933995488218  0.76320178207505529  0.77485536497370378  0.78612176031941838
  0.79660785092908104  0.80806434569322250  0.81852144154633177  0.82830577578972953
  0.83726646136071781  0.84585184238744437  0.85488218800922389  0.86456787035629457
  0.87466274248383846  0.88543879906371581  0.89582252248512595  0.90746522275835839
  0.91944704598031701  0.93158391421952502  0.94451280410563410  0.95751249032655295
  0.96867864456116670  0.97940536530893763  0.98951395952338161  1.00000000000000000
   3.7062609534071909E-006  -1.0000000000000000     
 T T T T F F F F F F F F T T T T F F F F F F F F F F F F F F F F
  <DiscreteSampler_grid>
  grouped_processes
  1 # 1 for a reference and 2 for a running grid.
  10 # Attribute 'min_bin_probing_points' of the grid.
  1 # Attribute 'grid_mode' of the grid. 1=='default',2=='initialization'
  0.0000000000000000 # Attribute 'small_contrib_threshold' of the grid.
  0.5000000000000000 # Attribute 'damping_power' of the grid.
 # binID   n_entries weight   weight_sqr   abs_weight
    10   10   1.312166757843959E+007   1.722561303805838E+014   1.312166757843959E+007
  </DiscreteSampler_grid>
