  0.04920918286412857  0.07040675384319943  0.08308480144771936  0.09240924360426106
  0.10054906373220669  0.10748479914045088  0.11413128153361564  0.12038287371914028
  0.12606392052647419  0.12943797951322475  0.13267518420599822  0.13582128073601779
  0.13867076907294329  0.14154769219757615  0.14454171998915663  0.14750124052404820
  0.15028218599335072  0.15280452350944276  0.15530140508404469  0.15753820572076915
  0.15965338508599347  0.16188016252470783  0.16403083052620576  0.16633979910965682
  0.16854441366146217  0.17062565010564773  0.17253698350459148  0.17426138349300427
  0.17586078847066364  0.17738679403638022  0.17877690244697150  0.17998905466930284
  0.18125824573834337  0.18250415398085840  0.18369733075937975  0.18468030630966711
  0.18550901107138593  0.18632349257158587  0.18712534835458153  0.18793211535840559
  0.18877140312913504  0.18957491090030615  0.19032294195664387  0.19102493382374774
  0.19170788500977923  0.19233418572157107  0.19292972948976297  0.19355731662354891
  0.19414999140923278  0.19472194672021850  0.19529647630719113  0.19577488279254732
  0.19620198016667537  0.19661315505203533  0.19710572127453829  0.19772156675217242
  0.22868132660387877  0.23019130969944224  0.23103928773642365  0.23177149463734617
  0.23243711670355513  0.23303083137569419  0.23366100088005179  0.23432971847189302
  0.23503652808116066  0.23573490260729468  0.23644414313336892  0.23717430887828322
  0.23794214812728859  0.23879634181797996  0.23969820695316049  0.24064426862414168
  0.24164161123588074  0.24280991314088091  0.24417595806907055  0.24562806845391874
  0.24710088906857122  0.24858230745152576  0.25016144335829121  0.25196732643019193
  0.25409142072320323  0.25666025223799138  0.25964833128105991  0.26294050106216732
  0.26666757182544709  0.27109888067844468  0.27618226994339395  0.28242736903650417
  0.28904117650991290  0.29590621033565456  0.30420915534477699  0.31658738850145751
  0.33682084507427823  0.38326669647132289  0.62567751131241056  1.00000000000000000
  0.04878100013478868  0.07293984333423566  0.08733796289142649  0.09830596036079628
  0.10858674904566573  0.11732058562908317  0.12382999870262279  0.12972339840883890
  0.13478630530173472  0.13923968639976594  0.14344468513411560  0.14737582856760986
  0.15107712847262833  0.15456860240088544  0.15801537729966583  0.16106231636964158
  0.16346135640074533  0.16577532767798786  0.16806144714626309  0.17015214594020392
  0.17207774279094315  0.17384951525847861  0.17553250924048616  0.17718135906747282
  0.17872473825279331  0.18006459787854995  0.18125053434608943  0.18228888813879202
  0.18329743243400606  0.18428013352154174  0.18527386979214866  0.18629356382788725
  0.18728778114482178  0.18824739916656807  0.18917396302926773  0.19003896868601183
  0.19092170400441658  0.19180361319081282  0.19266975084582338  0.19350278937833396
  0.19425761459121976  0.19491609268166801  0.19552168677054663  0.19617776067402748
  0.19706788486213980  0.19809320589705395  0.22862940362267398  0.22979430074411578
  0.23060556500467080  0.23127188201181009  0.23189869102224639  0.23249852734972734
  0.23314730675071096  0.23383212336226991  0.23456402359489886  0.23528239463391507
  0.23602845883566728  0.23679805789691574  0.23757133444220929  0.23832446597532478
  0.23907006027137820  0.23982752738260121  0.24060059631011033  0.24141365796637576
  0.24232263263613421  0.24331922117496263  0.24440521150823807  0.24557639176469348
  0.24683307415219080  0.24816554284896256  0.24959575504431633  0.25103725110885511
  0.25275416014472080  0.25443867703040324  0.25620650775680209  0.25803710490364229
  0.25988649623003274  0.26176730381807822  0.26365006569204580  0.26567019861721169
  0.26779388782858593  0.27040076729623846  0.27340432684509430  0.27669900403104003
  0.28013431598861510  0.28431882032174222  0.28945985804574398  0.29515866097145743
  0.30204964385500460  0.30951291266562508  0.31958383300821752  0.33338964528649695
  0.36326918961406229  0.41681750862391376  0.57870025367794342  1.00000000000000000
 -0.00599109845771430  0.01329706439399508  0.03323219257493721  0.05523023515731092
  0.07857125129618903  0.10324030719105493  0.12857503241901949  0.14961504437343548
  0.16255993956057546  0.17289478039855924  0.17794360098748369  0.18473357541438429
  0.19167334869768754  0.19830377872888977  0.20526655783099060  0.21416281099931847
  0.22046005170448485  0.22546319472933748  0.23154819467555160  0.23900747682543153
  0.24481777128310250  0.25039392039231162  0.25573741889353618  0.26204709224856981
  0.26867231589542928  0.27574120489869153  0.28305373969213660  0.29109330227143587
  0.30096178668207235  0.31009203596677232  0.31725443473007808  0.32499057674527321
  0.33274204424301451  0.33926297087014562  0.34512976705868670  0.35151933215105213
  0.35799208432057111  0.36514981780070466  0.37259197708155217  0.38205774345645616
  0.39186362275106801  0.40023012124872737  0.40601862577364134  0.41121792836481247
  0.41632048170439451  0.42171279966179487  0.42735638178804536  0.43348152011743729
  0.44024578340094195  0.44552035339677809  0.45656722213338985  0.46790661417776569
  0.47879438649626682  0.48809352813198287  0.49675811642526513  0.50535084060521718
  0.51474432668877446  0.52117556897395911  0.52732575490114286  0.53396285956976453
  0.54044328950633380  0.54817812416996470  0.55782900873428520  0.56760649522112250
  0.57777621414123226  0.58915639022375654  0.60201007235565074  0.61551449328624552
  0.62908810640545354  0.64119878802850561  0.65307207964087033  0.66524834118758813
  0.67970219561275980  0.69570547791255244  0.71110046727845055  0.72645879759940590
  0.74193759555242123  0.75642189906990209  0.77023799627885681  0.78281498245803816
  0.79387235018909208  0.80467919588490433  0.81624763443406900  0.82877646866818777
  0.84343410722644896  0.85648566756462852  0.86813386506058798  0.87934475630131803
  0.89127871624237331  0.90648913036853696  0.92500925437371651  0.94426644736626686
  0.95879311209475404  0.97262886498614332  0.98592425484477220  1.00000000000000000
 -0.00342801072594958  0.01058589377746616  0.02448224494017898  0.03816124422244773
  0.05143731804085792  0.06464317936046617  0.07802426141212644  0.09093417467331570
  0.10278611360414447  0.11427109988797800  0.12573732893477882  0.13835769356368466
  0.15073260470304156  0.16189737316813899  0.17159124725743188  0.18128587812563557
  0.19008444645184591  0.19851309296538427  0.20627153450857083  0.21508455875385166
  0.22436176138047062  0.23429509347201602  0.24534289278337090  0.25614208571023944
  0.26719586983994242  0.27648865036888826  0.28561305699439243  0.29434350162339379
  0.30260760954489302  0.31085888872743328  0.31890857261115713  0.32720590934359561
  0.33701913590560784  0.34945228655636379  0.36280716758599341  0.37463994476585494
  0.38436451578517322  0.39374413496688943  0.40345359253325697  0.41284023378075052
  0.42203249039985485  0.43066876149493899  0.44000296395870803  0.45194434030377956
  0.46531578730928985  0.48050468214361280  0.49179450602764574  0.50247415711905719
  0.51193429033352755  0.52008722813267039  0.52686193987230368  0.53397143955496307
  0.54278898808323972  0.55218668608639343  0.56080823061075780  0.56867486372341147
  0.57590568697157585  0.58203405715391610  0.59157782305299755  0.60217495780406916
  0.61277287971416095  0.62457964902576413  0.63663093273104365  0.64861430642482309
  0.66194775270187090  0.67559482472034582  0.68846033126443418  0.69944253490443564
  0.70980191645006341  0.72022044747030012  0.73048734974475826  0.74012483808926199
  0.74939674336769202  0.75925346088286338  0.76957393501969384  0.77939937467729425
  0.78931103628870358  0.79939669501340493  0.81093832522412257  0.82519781522141755
  0.84102216747093672  0.85528376471981071  0.86874884251986717  0.88148567864426208
  0.89380887052145441  0.90428675694371563  0.91375134350793830  0.92267125790353144
  0.93293310825947029  0.94422805526394737  0.95448902808660885  0.96373219228465379
  0.97237191041136362  0.98118377945290169  0.98989599025975927  1.00000000000000000
 -0.00296016157385496  0.01222382238497402  0.02418477947262243  0.03465322382570751
  0.04440816658516347  0.05500417999059461  0.06656560035810608  0.07724386620514306
  0.08813308957817678  0.09905237595826061  0.10894626595483466  0.11875707023780775
  0.12982505952657669  0.14414040919948326  0.16135442910765357  0.18183176939442627
  0.19921948150338903  0.21091562897835534  0.22099677680282095  0.23002797015934978
  0.23886154007204966  0.25024760363699217  0.26176888037881252  0.27189144517775565
  0.28149386785728320  0.29143115159669769  0.30169437452408271  0.31204115720431636
  0.32218052399998076  0.33193821758231912  0.34141370800292764  0.35095909431965860
  0.36347516410239583  0.37883240150229258  0.39544117523800221  0.41105284171216760
  0.42383278532088381  0.43415255269382874  0.44371721777689349  0.45427296037420811
  0.46395264315660512  0.47259869150431877  0.48170887137037377  0.49240425445831032
  0.50445207603199371  0.51520489169220396  0.52571714181449658  0.53643154485978728
  0.54619815211345246  0.55577365286952385  0.56566238718019313  0.57626269091778159
  0.58796107696566313  0.60029028562148157  0.61301160947767874  0.62607957936506042
  0.63882376915795602  0.65171911825580819  0.66477791239918071  0.67764148054338003
  0.69078603128444915  0.70324928768404094  0.71433350784433514  0.72456227032551401
  0.73471056702388737  0.74465559418334681  0.75434119272199629  0.76450041544450298
  0.77427548558545223  0.78224434340311566  0.79039057537970081  0.79733573031424909
  0.80426238866139643  0.81146341243553299  0.82009856207075715  0.82813772329959712
  0.83609098264243864  0.84438483189494562  0.85293689500995229  0.86069445548578316
  0.86728652551469820  0.87352366954069904  0.87979688572161696  0.88598813776716145
  0.89289910923971905  0.90047273907519809  0.91084277330675523  0.92087107499225085
  0.93118283357550180  0.94200499450457131  0.95323795963419200  0.96377757375221540
  0.97371122004342081  0.98240589125073663  0.99102657796028615  1.00000000000000000
 -0.00209427490405599  0.00803354446570034  0.01820497849290354  0.02645267434598906
  0.03559442693101664  0.04448804275164169  0.05419273098825471  0.06547787372618745
  0.07812465201786789  0.09115161806941410  0.10407013368004468  0.11700035906093652
  0.13019861445579711  0.14450639703433843  0.15975059823869101  0.17196451847711103
  0.18021538044622101  0.18845044258159227  0.19721342747867762  0.20729168249164648
  0.21722696170109235  0.22647566356022786  0.23764612383215461  0.24912351202771763
  0.26016499552110356  0.27176251829207509  0.28386230309661425  0.29667861728581640
  0.30795063079569335  0.31727120560060112  0.32501958310954265  0.33290093017113909
  0.34244225125274130  0.35367523319396266  0.36496608746326364  0.37553283228459777
  0.38548065756890548  0.39563424229730171  0.40602759815259920  0.41681326061862395
  0.42675092952575722  0.43528628689601717  0.44378929674662176  0.45281952180206220
  0.46334728099008538  0.47387960990170946  0.48646645340729677  0.49990876421259850
  0.51276506041461301  0.52495074465652669  0.53686208783331779  0.54794783468502195
  0.55949019036113656  0.57205456087234141  0.58430770425784084  0.59634331850415612
  0.60846762343744565  0.61987063968482758  0.63124037305203007  0.64170290402894681
  0.65170495456784749  0.66235810796067673  0.67308124873088016  0.68403123105299823
  0.69482690879267284  0.70526095127546751  0.71557150502669276  0.72551160677028248
  0.73562470027452975  0.74579375985067409  0.75489779091054721  0.76208734058139083
  0.76925653483482870  0.77708082383477128  0.78576809284466731  0.79417858789158902
  0.80112830594692608  0.80766001116455000  0.81465876714710239  0.82363615917567667
  0.83258645077292492  0.84111778061524112  0.85025694027193477  0.86091110272539728
  0.87298204856828621  0.88376098950648130  0.89389439967762718  0.90356566998097443
  0.91357693765204617  0.92407446704911378  0.93629741099219699  0.94940952283612168
  0.96238651131487540  0.97356310561480564  0.98436560414512875  1.00000000000000000
 -0.00167980973775160  0.00407446151844709  0.01033472458206934  0.01660415767683667
  0.02252345007387363  0.02972661146757197  0.03703069980581421  0.04368756800905947
  0.04943712499256626  0.05478462422689111  0.06047213492162752  0.06682345589755555
  0.07361950653322827  0.08050683001704496  0.08768421231824725  0.09531864529160405
  0.10349540241034032  0.11224544162581618  0.12136338586006766  0.13039717269169007
  0.13910041809415766  0.14817282984387872  0.15767844303254400  0.16795352411701062
  0.17921158113353555  0.19083010442487852  0.20163694419415723  0.21180673975547618
  0.22088217868676696  0.23046712347930026  0.24145202397911925  0.25253658638218579
  0.26401249258609066  0.27507113568315295  0.28394904593960296  0.29128683492985091
  0.29750074327957837  0.30291878446261961  0.30958664490237070  0.31695400811027818
  0.32363165532965060  0.32988938139970009  0.33610034402224936  0.34223282393576387
  0.35012173860475582  0.35754776369348812  0.36764744480520994  0.37693087756329863
  0.38535925484084915  0.39430375084055930  0.40365008273821384  0.41358187743108166
  0.42291778775624689  0.43164629468004867  0.44071705384684662  0.45162963170174508
  0.46353661189835643  0.47645942846912759  0.48642264482345621  0.49651445472963512
  0.50535162022848035  0.51377697633138475  0.52232920042289877  0.53126310617421380
  0.54040552555373134  0.55083466126398006  0.56187038385230814  0.57440675853052547
  0.58717557862681247  0.59923389956575213  0.61095158895085633  0.62438564323730250
  0.64078982739925516  0.65885950559433726  0.67665814991093676  0.69535156665161646
  0.71188040752839732  0.72755339084468307  0.74158360177947669  0.75693324599852740
  0.77325939923278619  0.79087811097888383  0.80926957896628304  0.82568351326130884
  0.84211111186074850  0.85973764567332100  0.87570728011289978  0.89308984090029120
  0.90767950645481377  0.92089545017628527  0.93250676970885626  0.94480399998815001
  0.95642576996929818  0.96809007768806676  0.98200133635969977  1.00000000000000000
 -0.00324430433435848  0.01358360736222166  0.02537287515874137  0.03493843937439796
  0.04499151904395971  0.05570507078230476  0.06546144072188960  0.07567784050925713
  0.08567032665942841  0.09669260131202898  0.10465135676346758  0.11271311306383983
  0.12017073819118934  0.12929208429327135  0.13960616944928211  0.15248951841793038
  0.16425626822744205  0.17572801889604558  0.18716395986506956  0.19835162146249080
  0.21042101589221834  0.22235307491367395  0.23399625401584359  0.24525869978551246
  0.25632947260777794  0.26705536126504376  0.27726328641165388  0.28718352518103607
  0.29702879166604651  0.30644025323254709  0.31512547146864184  0.32329769144172765
  0.33182762153491885  0.34127399121051410  0.35101374413822850  0.36091621785422728
  0.37084805315086022  0.38060445766516199  0.39187409751253294  0.40047319669515774
  0.40882578481924742  0.41693493731883252  0.42587705727193226  0.43663782928008055
  0.44630922243985099  0.45481199386436955  0.46267290765747793  0.47206648545952729
  0.48277693119648257  0.49499789485951695  0.50661333064066294  0.51761318501446207
  0.52940000608226823  0.54241858298762413  0.55614719075953700  0.56893635440160450
  0.58076063928900845  0.59051572023816090  0.59844357338643805  0.60457575020615961
  0.61045716268603356  0.61641991285480835  0.62363860923624614  0.63319127682622423
  0.64167611522788237  0.65258394596603553  0.66567482437833236  0.67863614444205511
  0.69128210102579701  0.70434372714650639  0.71825758979224219  0.73313857072825650
  0.74743852546213863  0.76017520111626424  0.77178634449140737  0.78301175579889071
  0.79361696403953208  0.80380797089045830  0.81529891499675899  0.82745155124278136
  0.84068540044308271  0.85380655198308486  0.86596785177771762  0.87731102968968733
  0.88775458062136170  0.89761014465292732  0.90718640962757657  0.91669658798342213
  0.92626151071618601  0.93555820959048297  0.94497093961498468  0.95504277456751496
  0.96632315701566907  0.97799736869697884  0.98932893632417063  1.00000000000000000
   3.0371670804297187E-009  -1.0000000000000000     
 T T T T T T T T T T T T T T T T T T T T T T T T T T T T T T T T T T T T F F F F F F F F F F F F F F F F F F F F F F F F F F F F F F F F F F F F F F F F F F F F F F F F F F F F F F F F F F F F F F F F F F F F F F F F T T T T T T T T T T T T T T T T T T T T T T T T T T T T T T T T T T T T F F F F F F F F F F F F F F F F F F F F F F F F F F F F F F F F F F F F F F F F F F F F F F F F F F F F F F F F F F F F F F F F F F F F F F F F F F F F F F F F F F F F F F F F F F F F F F F F F F F F F F F F F F F F F F F F F F F F F F F F F F F F F F F F F F F F F F F F F F F F F F F F
  <DiscreteSampler_grid>
  grouped_processes
  1 # 1 for a reference and 2 for a running grid.
  10 # Attribute 'min_bin_probing_points' of the grid.
  1 # Attribute 'grid_mode' of the grid. 1=='default',2=='initialization'
  0.0000000000000000 # Attribute 'small_contrib_threshold' of the grid.
  0.5000000000000000 # Attribute 'damping_power' of the grid.
 # binID   n_entries weight   weight_sqr   abs_weight
    10   10   2.641258795656590E-001   5.920982341039325E-001   2.641258795656590E-001
  </DiscreteSampler_grid>
