 -0.00444039855239981  0.01587638374528073  0.03331559873934226  0.05105862895826870
  0.06866615594579425  0.08611888010570244  0.10108777953999074  0.11555710537401828
  0.13030843746977255  0.14492721633563840  0.15953492441496631  0.17449558857072825
  0.18966923450309695  0.20502376811540038  0.22045190279310781  0.23590520379381619
  0.25139445756824746  0.26741358296935996  0.28350700911354643  0.29929381086991530
  0.31504899223994415  0.33077672058688223  0.34671797596999171  0.36273548672850769
  0.37894307041378672  0.39502703701840230  0.41100576145100454  0.42711438462920465
  0.44323666413730917  0.45932002808964167  0.47538729565289328  0.49143814667125146
  0.50727294434214032  0.52301075759794513  0.53849983432015158  0.55421848084486280
  0.57017035879155964  0.58577825135192674  0.60136822622642427  0.61704051385018976
  0.63248483691033008  0.64779868409997710  0.66322903679329459  0.67855052708212782
  0.69367244471329081  0.70892073186800131  0.72423962777915729  0.73975489301551056
  0.75540992546010477  0.77120751796647979  0.78707764560561233  0.80282339527001101
  0.81825041459215608  0.83419869062060470  0.85043169028644294  0.86742918109290912
  0.88463317687184317  0.90228246255169320  0.91807014592219294  0.93276513003675243
  0.94595457961813356  0.95757698723841433  0.96294221245143741  0.96308033923468639
  0.96340341945154906  0.96448387863497165  0.96566221732966573  0.96681416872473791
  0.96797598894075032  0.96914720578275226  0.97032877414603591  0.97152050461657691
  0.97270556009440456  0.97386807266900965  0.97504571062750522  0.97623765907754567
  0.97743866324961959  0.97861651158521179  0.97978642249510639  0.98097823265117412
  0.98217540882409615  0.98335824321339327  0.98454716234590700  0.98573041411863949
  0.98691179933794759  0.98808240376930623  0.98924355535915698  0.99043039211848460
  0.99164901684110485  0.99285809550569704  0.99406260092192211  0.99524984488388457
  0.99643410760854800  0.99763010320977374  0.99882433001975202  1.00000000000000000
 -0.00330271119118271  0.01364558410622514  0.02269980377530337  0.02955771650922398
  0.03837518008177242  0.04650895049657005  0.05397446361548631  0.06164604807400240
  0.06880263085470051  0.07598082840352022  0.08199336547692991  0.08909570375467769
  0.09685999385843851  0.10495294625019708  0.11335131696811797  0.12170040264898541
  0.13193618314467173  0.14491777366694400  0.15834593338744599  0.17159705365777894
  0.18471278803729158  0.19755990265357873  0.21050341824345503  0.22273952730491153
  0.23470851490632108  0.24698131124533357  0.25958658389387779  0.27209441251527267
  0.28466347687465149  0.29766809486821610  0.31099145011479262  0.32180667574419464
  0.33245130349734747  0.34203418497098542  0.35042194816338268  0.35895644900522428
  0.36744480065308305  0.37467496543095308  0.38871343400829655  0.40290011540971132
  0.41838337011720700  0.43244471594224354  0.44282226100239014  0.45075111376343036
  0.45899584064027998  0.46740968409003075  0.47608776405895692  0.48459611663312258
  0.49211669460425062  0.49916925512736193  0.51070815300556116  0.52390570425310468
  0.53730003879564425  0.55068260898995269  0.56371593307607060  0.57605296108202841
  0.58823549017178967  0.60079628181047517  0.61382350171691102  0.62653745692872465
  0.63940104211824011  0.65211990169001710  0.66579160594941000  0.67307616196598730
  0.68101356620099129  0.68944467604614879  0.69841339251179391  0.70693640337710484
  0.71551107278055337  0.72356010687628258  0.73428990299304286  0.74909843574154356
  0.76416460866290337  0.77527553863676857  0.78323168580845481  0.79092913879546833
  0.79761836389917284  0.80388056070156755  0.80997393690127650  0.81585156027914896
  0.82235395879674300  0.82911548875784447  0.83593473676678143  0.84323500876953361
  0.85078538746704291  0.86129247700342637  0.87489632159528929  0.88975059748963292
  0.90389142773486619  0.91891165740337588  0.93311834249141856  0.94675374845556337
  0.95999351162876956  0.97276750834846892  0.98586074065796270  1.00000000000000000
   1.0224065343085269E-004  -1.0000000000000000     
 T T T T F F F F F F F F T T T T F F F F F F F F F F F F F F F F
  <DiscreteSampler_grid>
  grouped_processes
  1 # 1 for a reference and 2 for a running grid.
  10 # Attribute 'min_bin_probing_points' of the grid.
  1 # Attribute 'grid_mode' of the grid. 1=='default',2=='initialization'
  0.0000000000000000 # Attribute 'small_contrib_threshold' of the grid.
  0.5000000000000000 # Attribute 'damping_power' of the grid.
 # binID   n_entries weight   weight_sqr   abs_weight
    10   10   1.305192998004438E+008   1.703530053875458E+016   1.305192998004438E+008
  </DiscreteSampler_grid>
