 -0.01089391980155715  0.02361135296882169  0.05597640409462371  0.08285612106687391
  0.11024233108089529  0.13797405464994678  0.16529197362107903  0.19250966382931159
  0.21955268593863589  0.24672293933725184  0.27394707683526959  0.30101286593426790
  0.32807976172175796  0.35514855784494803  0.38314963224899939  0.41113575357144838
  0.43313763945791994  0.44038993746401206  0.44264328277762777  0.44839885516792360
  0.45556293238948553  0.46240882486428209  0.46920458810952176  0.47596799043749677
  0.48273966061522144  0.48953733223250268  0.49636800304592232  0.50323404259099669
  0.51013570492548899  0.51707517996094876  0.52406269933344729  0.53108922426656269
  0.53810916345372273  0.54511472256155535  0.55213440431032568  0.55917181482352873
  0.56621739645743741  0.57328564347260635  0.58037884962720876  0.58748979204209872
  0.59460854129069818  0.60174112414055692  0.60890058307599826  0.61606861113208089
  0.62323864372445825  0.63040632707604849  0.63758891370730808  0.64478860881913491
  0.65202481272896562  0.65928183080111735  0.66655625975716848  0.67383257904888094
  0.68114031974764511  0.68846971883348251  0.69581390200957782  0.70315002404189364
  0.71049405758749817  0.71783857062761380  0.72520196957335070  0.73254361373726884
  0.73991191591530603  0.74729001889696500  0.75472396599665548  0.76215961574271573
  0.76961035821259927  0.77707731567554028  0.78456091125396077  0.79202224593766013
  0.79944883264605626  0.80687816588418915  0.81432976549583946  0.82179257832636377
  0.82924800641402174  0.83669391474482513  0.84413436307967415  0.85157143282050085
  0.85901241066731537  0.86646732592191988  0.87391815938019213  0.88134027312226426
  0.88874839529981731  0.89614615467822212  0.90358295289584212  0.91103885511391369
  0.91851034760282702  0.92596012489204738  0.93339145359695153  0.94079460299911954
  0.94818505919167595  0.95555094962203968  0.96293802642960358  0.97032411193698087
  0.97771119588223165  0.98511704911111919  0.99253684719271906  1.00000000000000000
 -0.00291906803264496  0.01076951344956253  0.02189847526946847  0.03228112085316654
  0.04267605052340057  0.05260256040912959  0.06264412802438304  0.07187210529067568
  0.08049603825346527  0.08930350905951127  0.09840165895240496  0.10758804375728862
  0.11672473969737465  0.12618842743328842  0.13619245018377540  0.14612912292650321
  0.15586363046323989  0.16601205497250832  0.17704873979598018  0.18849496995677983
  0.19963785141597881  0.21047203410953727  0.22145686016237642  0.23295062762693267
  0.24471609800189220  0.25594960237331865  0.26634944170119462  0.27666475124275236
  0.28681704291932902  0.29659597679063476  0.30635296557906982  0.31647247969855563
  0.32683733031721707  0.33664895941651030  0.34590257706171873  0.35510328068947489
  0.36508394002795969  0.37568085614968427  0.38652503816954997  0.39749406648463426
  0.40846220668333849  0.41947250169174016  0.43062327650510118  0.44195493428963745
  0.45345486301897570  0.46499352184404058  0.47619433736756267  0.48691069796129183
  0.49735789762226951  0.50787917935991667  0.51867268023757762  0.52948744065772768
  0.54025340952961864  0.55107658599437603  0.56242287745210073  0.57400338162129527
  0.58517683083303740  0.59506766668501065  0.60493875730580027  0.61517279143799464
  0.62559351027355314  0.63568242980838352  0.64541969920918374  0.65530190278874045
  0.66506912046000288  0.67472525774421721  0.68479985269388166  0.69543836040896023
  0.70639306153194292  0.71752952485357480  0.72920152819166717  0.74123590036256526
  0.75261880353977084  0.76349923422971355  0.77430688862561237  0.78528307742235648
  0.79650604661569968  0.80780654843695510  0.81907878390023126  0.83059241034183273
  0.84197491997579244  0.85308859181086716  0.86347633734737639  0.87368709164291525
  0.88386496203663056  0.89445474212426923  0.90397863118411448  0.91346489069713799
  0.92334904298313425  0.93378853609616874  0.94426589807645933  0.95466108082735590
  0.96602216383898332  0.97785421688289387  0.98900066276348042  1.00000000000000000
   1.4322368073506056E-005  -1.0000000000000000     
 T T T T F F F F F F F F T T T T F F F F F F F F F F F F F F F F
  <DiscreteSampler_grid>
  grouped_processes
  1 # 1 for a reference and 2 for a running grid.
  10 # Attribute 'min_bin_probing_points' of the grid.
  1 # Attribute 'grid_mode' of the grid. 1=='default',2=='initialization'
  0.0000000000000000 # Attribute 'small_contrib_threshold' of the grid.
  0.5000000000000000 # Attribute 'damping_power' of the grid.
 # binID   n_entries weight   weight_sqr   abs_weight
    10   10   2.604832164994327E+007   6.836136804455422E+014   2.604832164994327E+007
  </DiscreteSampler_grid>
