 -0.00182980202293910  0.01215189074533070  0.02376570306146278  0.03475325257504719
  0.04604353090199133  0.05752393757564320  0.06850773255867366  0.07920248791003820
  0.08980529015805433  0.10004751505733557  0.11014249762383770  0.11993443777198981
  0.13023942191481058  0.14066471308681502  0.15110500818117631  0.16179178878894693
  0.17251047664742436  0.18326340481336464  0.19385940012220218  0.20454469698799618
  0.21551156884952435  0.22652914007230596  0.23767308056324626  0.24876685376178387
  0.25993631247841620  0.27111897416194281  0.28238511392471899  0.29336182128470256
  0.30394316492393114  0.31445776454062691  0.32521025687033728  0.33614959899292091
  0.34695049683952511  0.35763275636350100  0.36829923300026624  0.37897045967938081
  0.38946238738687433  0.39985768347837980  0.41029174750356556  0.42079385955210552
  0.43147173296961322  0.44216644448154407  0.45273559472192726  0.46282481521037944
  0.47239959456292857  0.48210040609200855  0.49201072293721682  0.50207000284346470
  0.51208696610393545  0.52256746383063701  0.53319963830090022  0.54350732885930808
  0.55369782172379678  0.56389177775641453  0.57436849589925409  0.58465117751398554
  0.59455787726253562  0.60439618793169725  0.61436801826693666  0.62478005218408694
  0.63525104860306569  0.64553374356118465  0.65592296688173246  0.66628678373350392
  0.67630295935262652  0.68636607557052554  0.69572713716316892  0.70474512083411611
  0.71359679092173800  0.72239530476007763  0.73182779972303424  0.74178659927547552
  0.75247008750578281  0.76289668633509811  0.77337921800269649  0.78383153917180926
  0.79461430082719386  0.80558636593290245  0.81619283916414098  0.82705936721408102
  0.83791340441978612  0.84915497086386649  0.86021960002227515  0.87114425855307831
  0.88206846918532389  0.89270606274433795  0.90305595173481290  0.91338312968339563
  0.92358850673399162  0.93354686100403594  0.94349960359556040  0.95346451030640778
  0.96360427408946747  0.97386650519449491  0.98586151540428912  1.00000000000000000
 -0.00216852154224045  0.01383751937802446  0.02691346743487886  0.03870364072449990
  0.04996519522307359  0.06096152241853444  0.07159104281488167  0.08259210925644232
  0.09291289234078670  0.10302591525681667  0.11333730708769020  0.12329775577647245
  0.13388190321683691  0.14429869721017313  0.15579032650950900  0.16684933998287241
  0.17775595613346612  0.18838717780224340  0.19863228412640122  0.20881444908077063
  0.21912495333779344  0.22953086258198627  0.23983274019566109  0.24994554443110378
  0.26017507555662989  0.27032070831516142  0.28071502532952680  0.29131408172981926
  0.30184526533962081  0.31214539614167447  0.32259850961769998  0.33311415420979223
  0.34384864634905932  0.35452898342361655  0.36507607674751980  0.37537416184362349
  0.38542360017012028  0.39559174609095793  0.40604030059826446  0.41653541088221741
  0.42673595640999912  0.43689728969802150  0.44723361393330308  0.45780024937819125
  0.46811847720356708  0.47814026228378115  0.48811401208800737  0.49820548188890607
  0.50848212663522918  0.51904488187295272  0.52941121719652817  0.53972151081061448
  0.55015377174639757  0.56063514333845432  0.57110866396772253  0.58134534632875434
  0.59167406689629964  0.60205319807576196  0.61262652584325039  0.62341951979697352
  0.63359951028804185  0.64373814119408457  0.65390429013813911  0.66366646147783082
  0.67346589625107933  0.68345072952683872  0.69416712788666335  0.70556382025698205
  0.71634038547543266  0.72674364867642116  0.73722735640088188  0.74802323778006385
  0.75901678521316518  0.76993863572242471  0.78079896274627125  0.79141971871571981
  0.80163059786799906  0.81174558090890259  0.82208868687880887  0.83226703496562915
  0.84228168118417535  0.85227555954930512  0.86235394946313826  0.87272990402677697
  0.88312813188451078  0.89349965113631447  0.90352533224056908  0.91329744939419977
  0.92333198392747862  0.93379508983770554  0.94415282252690202  0.95459672068021573
  0.96498709848816178  0.97597176309740730  0.98769221207738001  1.00000000000000000
 -0.00572199909242585  0.00859092567175793  0.02556414221662757  0.04733316195530667
  0.06809176127745209  0.08842073902936418  0.10837416619233725  0.12767861701983535
  0.14665312280515563  0.16585171618410399  0.17405260718652366  0.17800867087469910
  0.18485110161579382  0.19166584912113005  0.19843010661445684  0.20511505245580455
  0.21169154385180042  0.21835847002899944  0.22518781409216679  0.23215878925489300
  0.23926477312878908  0.24646858883850470  0.25370739823491367  0.26101409722764907
  0.26837735137488949  0.27580453963114343  0.28329339133499959  0.29087435505275772
  0.29853870302086222  0.30630375397349657  0.31412876602473128  0.32206073979903832
  0.33010346076048269  0.33820976084844934  0.34632717199515090  0.35456412740340676
  0.36284395483873022  0.37127954962491000  0.37974973759311897  0.38825716425398438
  0.39683802505855625  0.40549614659708216  0.41428341004641134  0.42317267189425950
  0.43214728463456642  0.44119159170108413  0.45034594368239755  0.45963033254924945
  0.46898713419505500  0.47834775445294792  0.48772697915317542  0.49723551411155781
  0.50690157112576772  0.51664638373304728  0.52642462102052123  0.53622541095215359
  0.54607877478667421  0.55602885076418951  0.56611065864334331  0.57631990000689559
  0.58665778499542409  0.59710937736652958  0.60762980365475494  0.61817672152116110
  0.62872476127274957  0.63931830473775775  0.64995778878330368  0.66071995049633969
  0.67162014460393415  0.68262002086076645  0.69367948409360947  0.70478975658822107
  0.71598078969387025  0.72721753583578874  0.73856319008076232  0.75000821294498798
  0.76160125892416441  0.77329829764069713  0.78508393905206897  0.79694854918975422
  0.80895891509758500  0.82109601468299698  0.83331288932994807  0.84559776479727466
  0.85796803743014716  0.87046506987958283  0.88305673126681405  0.89569283167687108
  0.90835284458977483  0.92103061772194572  0.93380691231673307  0.94672762988496506
  0.95981006938626656  0.97308035865524634  0.98651278806819920  1.00000000000000000
 -0.00245258522016806  0.00943770585921253  0.01951972341695982  0.03017576716660976
  0.04071958529816311  0.05101718982259545  0.06133075839774853  0.07195061820365088
  0.08255830989723370  0.09264212931203414  0.10259832552899674  0.11287814918070571
  0.12354236125141037  0.13414816273620328  0.14489391926612658  0.15556813795787033
  0.16644726989217015  0.17742684714951748  0.18854331316093886  0.19907591821732501
  0.20947472363560909  0.21992527750607210  0.23052370559663232  0.24129026916386576
  0.25220184109960297  0.26356165605678267  0.27482950196778150  0.28603924085618937
  0.29727695764523759  0.30845338355264762  0.31933046003427362  0.32982381611295036
  0.34054013459111687  0.35140026846214778  0.36184987346289976  0.37197482758395894
  0.38210985996540714  0.39251626789794247  0.40291315154833157  0.41334171081949350
  0.42406895361106844  0.43475660320288700  0.44524980189380747  0.45558262460404825
  0.46585682381744925  0.47631027384029950  0.48666280575723897  0.49689329768722301
  0.50687611549636058  0.51647151635700161  0.52629321532539619  0.53647389115703936
  0.54690953748693094  0.55731168396518449  0.56749449682119946  0.57782354645953815
  0.58790741518138712  0.59767474654341812  0.60725573409322087  0.61716454270175269
  0.62748264756259908  0.63829258869373839  0.64906087282822800  0.65988053618463527
  0.67085592391917892  0.68189053102929653  0.69291961459507145  0.70360885906000126
  0.71408296600573995  0.72473866804055076  0.73539368736052169  0.74673535199016827
  0.75738268572706047  0.76799397284097992  0.77829089570613585  0.78863072162246539
  0.79857256825835654  0.80851580603991513  0.81903538239544538  0.82988311937778203
  0.84063721937318747  0.85135955585836232  0.86205709960319321  0.87298493119342768
  0.88352943116829852  0.89389223135877438  0.90402095228654078  0.91417133616554691
  0.92467681501683407  0.93551705889769898  0.94665036163619465  0.95788356537896546
  0.96845887875288583  0.97915632339305891  0.98950296606287591  1.00000000000000000
 -0.00254103987311075  0.01102125106051957  0.02254753887617708  0.03476363333434158
  0.04707374118612700  0.05960129769984736  0.07181671767018655  0.08399697908875414
  0.09623596963467711  0.10789486069017902  0.11940798285440539  0.13106294968307433
  0.14311182373097139  0.15506284085762259  0.16695358687800857  0.17888819750163559
  0.19072196163162303  0.20251396562612986  0.21418139410637144  0.22569770027714664
  0.23705922343809499  0.24836839660067977  0.25961784058732457  0.27094758895595628
  0.28216134192152370  0.29338561859411322  0.30455483793097138  0.31564871320901972
  0.32678879338289291  0.33802400240833724  0.34923836127617303  0.36007436884329480
  0.37057682983117174  0.38093061212220908  0.39123647690702767  0.40167424102878407
  0.41231550888374158  0.42306738346729394  0.43378049593070261  0.44449828278060516
  0.45524974501630899  0.46587668802849785  0.47640819901598780  0.48678490249471340
  0.49712728138635626  0.50736850505396214  0.51758293357357987  0.52791035388333585
  0.53834118115447249  0.54877206905684428  0.55894549326542853  0.56877451605409335
  0.57859752259383102  0.58888982072897089  0.59960189193716396  0.61041962579210496
  0.62110110446228051  0.63176580368567969  0.64248808924935819  0.65323593482568398
  0.66405959591370078  0.67460829166370628  0.68483918695157231  0.69468419555311223
  0.70430150834519789  0.71394294205426956  0.72371027649391984  0.73371690871401085
  0.74401004962458761  0.75433724076466302  0.76471768245737892  0.77492644754217721
  0.78488356285142369  0.79460621617224425  0.80403559637128297  0.81349509174797119
  0.82316972912576758  0.83308039118159871  0.84274410104806052  0.85202823753366574
  0.86123494021210678  0.87050089525033514  0.87968158211344416  0.88847868919519424
  0.89750062840609868  0.90644050130706733  0.91541871801463492  0.92438393067325686
  0.93344934962050874  0.94268132141082372  0.95225218349038843  0.96163540154963278
  0.97116366892630057  0.98083502601463302  0.99037289128123773  1.00000000000000000
 -0.00257486746060148  0.01052742108526651  0.02165119681419689  0.03310133899714199
  0.04397280360107624  0.05471255769582885  0.06544694105800396  0.07630878553713873
  0.08716025016353961  0.09776869737221477  0.10821173262269143  0.11851197849491865
  0.12901914252624966  0.13963672373497921  0.15013499168206204  0.16051959259420326
  0.17103417421707387  0.18163108806219855  0.19200043960803548  0.20254468563837988
  0.21311364753596451  0.22370965058349135  0.23427100009147067  0.24487620563007312
  0.25510613550313510  0.26527692127620445  0.27533393537831091  0.28618292254052757
  0.29689443493601408  0.30777026701315646  0.31862978023750393  0.32944906938629265
  0.34054708834640024  0.35174603781422992  0.36256622245537079  0.37275562040810362
  0.38280614390964968  0.39303227013751518  0.40346590147154082  0.41382105406462860
  0.42426159811237557  0.43495935832640931  0.44584412568037984  0.45682080181604645
  0.46751233806001186  0.47818612245647457  0.48867285089052320  0.49892939912769885
  0.50909239180126631  0.51925043684946615  0.53008805038024398  0.54019207137747927
  0.55053872728051256  0.56078648806479459  0.57160535796196255  0.58253894658288752
  0.59345559965459194  0.60456262830024698  0.61559967575952002  0.62628266078437056
  0.63648040675539952  0.64630243254450559  0.65595217586012122  0.66570052628053433
  0.67567415343080639  0.68539747505110782  0.69543035716582247  0.70579521136349466
  0.71688203969173858  0.72794360713579853  0.73871343150584468  0.74943645284353344
  0.75995863308665368  0.77027060572481421  0.78011072274896565  0.78993630904203005
  0.79941472223914500  0.80893694961072937  0.81883311289391203  0.82899661906160815
  0.83960573276809591  0.85044756617398709  0.86166435202628022  0.87264390914048329
  0.88333838809161624  0.89382211107286558  0.90407821928447230  0.91432812596022073
  0.92479332388246560  0.93482528290962197  0.94493349957439066  0.95522349365558668
  0.96611179165534411  0.97749199668140818  0.98865458744184387  1.00000000000000000
 -0.00203350480442925  0.00753447183957647  0.01551496133977831  0.02349194930267390
  0.03150585074550596  0.03972874730460303  0.04839816464611081  0.05728208235803284
  0.06606103135960406  0.07473878416003453  0.08342481239807478  0.09211734752699446
  0.10081290198585502  0.10951738688362417  0.11819140163807625  0.12692492554097726
  0.13517683021206939  0.14385478422904743  0.15230354160172649  0.16070764077566452
  0.16892502681336927  0.17697968157357308  0.18521310087682116  0.19403883376885664
  0.20300494778418593  0.21203170996671863  0.22106059154257646  0.23010416683292106
  0.23939297945851234  0.24899178552402285  0.25855364108621876  0.26814018706039094
  0.27759275487189528  0.28693557809299841  0.29612794777084606  0.30507995877622324
  0.31403295699053091  0.32313834677681896  0.33225692058097622  0.34138292372631263
  0.35058678817795569  0.36020289172589859  0.37012288219455347  0.38022818312040030
  0.39055274898351577  0.40120664960306412  0.41200565780411885  0.42239636927250418
  0.43242812760099647  0.44244373980519158  0.45245032378184585  0.46223563843563681
  0.47177249165844276  0.48160386462504773  0.49217129261636622  0.50291785748212881
  0.51328475986342570  0.52379562322468798  0.53489326617178889  0.54662158438489905
  0.55852311813049671  0.57006110483356909  0.58165241336142315  0.59330409539578610
  0.60500207468325173  0.61645996017680504  0.62766860009935765  0.63930123967376162
  0.65070135050126388  0.66265350335313866  0.67434635888687466  0.68615393833275173
  0.69783892510434331  0.70992563637365924  0.72204640662636199  0.73439423976668283
  0.74680584211307810  0.75923159123402240  0.77164914029443510  0.78395051862247267
  0.79588450544340428  0.80787812954796256  0.82000937842948118  0.83244155163414191
  0.84511806938180378  0.85823554416710934  0.87158605022871105  0.88528417685865324
  0.89907398867869337  0.91315455100628362  0.92767293952252849  0.94232176411586455
  0.95676759424882929  0.97141983116010377  0.98578264076578592  1.00000000000000000
 -0.00269288572068712  0.01046021127568635  0.02135024206809387  0.03171323981753738
  0.04223227979228254  0.05311590225043994  0.06447625120321443  0.07537318663961597
  0.08619454626188373  0.09691561731251463  0.10768246716748048  0.11815250224133092
  0.12843831874280465  0.13875663542089783  0.14920381925501294  0.15983952941729165
  0.17020849958211948  0.18031906152648911  0.19054384295741342  0.20052616826384306
  0.21053356668545808  0.22043260214371704  0.23070413417725089  0.24151193296992643
  0.25210454860719594  0.26297716891390682  0.27360559576735410  0.28398490064221199
  0.29418219973516263  0.30347175572006663  0.31336436499838904  0.32286856920989071
  0.33270855037657882  0.34256352930293565  0.35236733885439142  0.36194244276646492
  0.37150802034532587  0.38104290585948591  0.39075424088170285  0.40048327666839328
  0.41064017926320884  0.42113251947064917  0.43197755097705004  0.44289356220894421
  0.45378019684019044  0.46465980034813392  0.47520154128595293  0.48562293646026605
  0.49571168703501123  0.50574089705918568  0.51586100190565409  0.52623131480691665
  0.53684474021577044  0.54771744356100149  0.55878413514384306  0.56963601225493687
  0.58034346721301777  0.59097964157790583  0.60176703384111085  0.61261759632571933
  0.62338935284610575  0.63424423437636235  0.64515177014553704  0.65596198805504091
  0.66697262233184917  0.67798453796852509  0.68909574438738075  0.70003887009116395
  0.71079227922415389  0.72160008646368223  0.73249394378407517  0.74360607618585994
  0.75454624520123370  0.76543088518428215  0.77632211489060632  0.78771501941130151
  0.79909996337972833  0.81043203148927145  0.82168553960767388  0.83294078592558840
  0.84395368498338197  0.85451907730170451  0.86425368324023444  0.87399277603810699
  0.88417980832791054  0.89485485202050397  0.90514876504675523  0.91486202101611569
  0.92475042886823089  0.93494240556968777  0.94521974852681279  0.95570091606819108
  0.96647036834484967  0.97763949623874202  0.98875752515396564  1.00000000000000000
   2.9593584226306170E-006  -1.0000000000000000     
 T T T T T T T T T T T T T T T T T T T T T T T T T T T T T T T T T T T T F F F F F F F F F F F F F F F F F F F F F F F F F F F F F F F F F F F F F F F F F F F F F F F F F F F F F F F F F F F F F F F F F F F F F F F F T T T T T T T T T T T T T T T T T T T T T T T T T T T T T T T T T T T T F F F F F F F F F F F F F F F F F F F F F F F F F F F F F F F F F F F F F F F F F F F F F F F F F F F F F F F F F F F F F F F F F F F F F F F F F F F F F F F F F F F F F F F F F F F F F F F F F F F F F F F F F F F F F F F F F F F F F F F F F F F F F F F F F F F F F F F F F F F F F F F F
  <DiscreteSampler_grid>
  grouped_processes
  1 # 1 for a reference and 2 for a running grid.
  10 # Attribute 'min_bin_probing_points' of the grid.
  1 # Attribute 'grid_mode' of the grid. 1=='default',2=='initialization'
  0.0000000000000000 # Attribute 'small_contrib_threshold' of the grid.
  0.5000000000000000 # Attribute 'damping_power' of the grid.
 # binID   n_entries weight   weight_sqr   abs_weight
    10   10   1.210620229500212E+005   5.658380107202950E+010   1.210620229500212E+005
  </DiscreteSampler_grid>
