 -0.00478890019125547  0.01184380219309779  0.02767322271569538  0.04319206407218631
  0.05902438166311674  0.07475789704261082  0.09059403664303962  0.10590502034395891
  0.12010296499694036  0.13397270816361945  0.14806580808401129  0.16213348553848150
  0.17608983102955028  0.18995255751685244  0.20447123561869032  0.21900774152499453
  0.23372220814391112  0.24863366947847465  0.26343195112694701  0.27817363130813477
  0.29289815746062481  0.30762800757350139  0.32240381176169003  0.33711652964669653
  0.35181521540460003  0.36650960141406563  0.38119890614826346  0.39584282419444311
  0.41048886985297905  0.42512221078196799  0.43972267393579417  0.45429100493784752
  0.46889254182287399  0.48350901041067557  0.49813344966441420  0.51279674296935018
  0.52745642289624972  0.54212902263667850  0.55682727989517700  0.57157220347914761
  0.58635923037081061  0.60119825138130289  0.61609972422944315  0.63107344916843822
  0.64619744920919064  0.66122944739157730  0.67621988042532122  0.69123498900405778
  0.70649414986451098  0.72200218743620415  0.73788487842652029  0.75418125894989474
  0.77093272652830924  0.78880593598613147  0.80361752549466148  0.81436963498940695
  0.82315524408495699  0.82794584635716562  0.82992041574152708  0.83416093085848653
  0.83858458297168004  0.84296244341204130  0.84732420129662733  0.85168193351854959
  0.85605850418453044  0.86049770456876684  0.86498046933221906  0.86948031806321535
  0.87396511999259241  0.87844997515163414  0.88293654505263008  0.88741260269565381
  0.89191267228160576  0.89644345146313609  0.90098246366020907  0.90552746232283721
  0.91009096431451264  0.91468453798602589  0.91930142776704549  0.92392606403736732
  0.92855959673781652  0.93320361155139731  0.93789399563635656  0.94259054210714177
  0.94728795383561204  0.95200800402523367  0.95673226242329379  0.96147149434097767
  0.96623211431670419  0.97099064463134743  0.97575709060010840  0.98056366993865662
  0.98537733517397630  0.99023006196627772  0.99510011084418770  1.00000000000000000
 -0.00218194795810462  0.00879719026942293  0.01928351479213157  0.02996393719669939
  0.04144032453009511  0.05125166233809961  0.06117843906932910  0.07100983257093571
  0.08110514152369683  0.09109733746083533  0.10154601519280985  0.11239131171061600
  0.12388389157906275  0.13553682566695507  0.14844511831242957  0.15780552585762922
  0.16864994204333891  0.17954948454279174  0.19031127918324481  0.20047550357455632
  0.21065734323230079  0.22061225742849969  0.23017888214631835  0.23976128847452335
  0.24965487840564593  0.25960897808717981  0.26931436739444475  0.27997841103594467
  0.29168226168770661  0.30336028761602851  0.31504916101096442  0.32677042620389996
  0.33766101653861591  0.34707850622694369  0.35670965191094933  0.36689718969959850
  0.37747939098493782  0.38796089193433975  0.39914899495596790  0.41147922025564670
  0.42329098435457035  0.43365661435796010  0.44381778226337093  0.45391461354581042
  0.46374808252772398  0.47291675989278004  0.48199311529152483  0.49123252344623308
  0.50034528101890585  0.50975469637122084  0.51939052776464067  0.52968649466676754
  0.53993581738526997  0.55135256317536585  0.56326043753967259  0.57496729072584740
  0.58570763892986932  0.59568729940163456  0.60584236565542104  0.61591096846856153
  0.62553809576750119  0.63457521172318621  0.64392573839497302  0.65461485825473742
  0.66542380772120402  0.67559444823066372  0.68575265530521712  0.69746353451498566
  0.70990690452335015  0.72068950404857890  0.73096237697986521  0.73966977160929426
  0.74889973902708418  0.75853254655783819  0.76823595734896810  0.77754627438195623
  0.78656049969563135  0.79689831170587211  0.80864093141879179  0.81991768614058891
  0.83069703722246713  0.84173742767996473  0.85265248899249224  0.86328088998004926
  0.87363391428678672  0.88339890199881421  0.89293001550580875  0.90268677799659736
  0.91320997809757898  0.92443301976534087  0.93639054577416214  0.94948095366564123
  0.96315176889117593  0.97624977241485011  0.98840552922604441  1.00000000000000000
   1.9161306986446459E-004  -1.0000000000000000     
 T T T T F F F F F F F F T T T T F F F F F F F F F F F F F F F F
  <DiscreteSampler_grid>
  grouped_processes
  1 # 1 for a reference and 2 for a running grid.
  10 # Attribute 'min_bin_probing_points' of the grid.
  1 # Attribute 'grid_mode' of the grid. 1=='default',2=='initialization'
  0.0000000000000000 # Attribute 'small_contrib_threshold' of the grid.
  0.5000000000000000 # Attribute 'damping_power' of the grid.
 # binID   n_entries weight   weight_sqr   abs_weight
    10   10   7.656702990006731E+008   5.866234784639965E+017   7.656702990006731E+008
  </DiscreteSampler_grid>
