 -0.00515518995530396  0.00545633855387609  0.01606786706305615  0.02667939557223620
  0.03729092408141625  0.04995044311254769  0.06426028783340074  0.07857013255425380
  0.09287997727510686  0.11993168349507648  0.14807656217761297  0.17627570152287944
  0.20393264588589299  0.23114627929241766  0.25800681880285981  0.28435295001092270
  0.31053531949616342  0.33666569625874143  0.36295293860572619  0.38849870745491327
  0.41361107325320517  0.43836850360425006  0.46299967081799642  0.48745996102667494
  0.51134315186000201  0.53513317208339228  0.55880243497706228  0.58193942672560572
  0.60408176945291592  0.62546870219630291  0.64676992667390065  0.66792941782550475
  0.68890853151164966  0.71126942786313774  0.73383466240937434  0.75625733968577002
  0.77911642756069099  0.80095126967616537  0.81004312144635360  0.82084981881568120
  0.82724534087149226  0.82868594680812191  0.82970536540140705  0.83291547031040736
  0.83613053573562746  0.83937489231371931  0.84255267320601168  0.84569960773836916
  0.84886564021931410  0.85205507393210878  0.85525246693977486  0.85843771324273832
  0.86161974073131786  0.86483062423340928  0.86809880570768017  0.87134341444787666
  0.87456492058505786  0.87779736302838907  0.88102015181333593  0.88421754439264799
  0.88740402122338502  0.89060291519639190  0.89380688574789913  0.89698711463393843
  0.90018797094032921  0.90344762476172524  0.90670860853764057  0.90993385237127666
  0.91314455321182464  0.91637664224555049  0.91962242359098312  0.92283878330102853
  0.92603362409160450  0.92923047546823345  0.93243352018196302  0.93565996473126478
  0.93888011749558664  0.94213476331211299  0.94538740117407805  0.94862141102228403
  0.95185862923490205  0.95509821849715415  0.95837606010684695  0.96164193748915294
  0.96481939555595853  0.96796590448719433  0.97115719642533638  0.97439703995420190
  0.97763663033943726  0.98082470982531289  0.98399227836412251  0.98716289655865375
  0.99035472914809097  0.99354122155953528  0.99675286096457349  1.00000000000000000
 -0.00281736400918823  0.01130745391787973  0.02338227693589579  0.03557611758955453
  0.04742409821747741  0.05904978819722911  0.07031381360430330  0.08171031640676779
  0.09391651970389590  0.10592813234103586  0.11747231206529873  0.12938687695722539
  0.14231932439385553  0.15740367799135657  0.17075805245093467  0.18233646647815682
  0.19320552908215163  0.20364367359817018  0.21455808764643483  0.22734571851713190
  0.24183660475010441  0.25674667438716048  0.27082129730834970  0.28409014130991533
  0.29647000086687186  0.30838666373834128  0.32048140411123965  0.33253457264343378
  0.34488253576334754  0.35629984993286812  0.36758131351178908  0.37857624951050389
  0.38958681266518275  0.40088271088901739  0.41265824158880593  0.42405784874888064
  0.43586489656405886  0.44733616069842191  0.45845513519179160  0.46977607775355501
  0.48144452875620036  0.49255759029508700  0.50501476774104526  0.51688168264819101
  0.52812001800758512  0.53810579773109002  0.54794970679199606  0.55783670487389392
  0.56481623041210083  0.57221994740000592  0.57976235861493053  0.58900127473339070
  0.59745525593323734  0.60584067281504217  0.61415228011644563  0.62159067807528257
  0.63165531792333651  0.64333651929946378  0.65441486490971790  0.66532475006683167
  0.67632749108906309  0.68782622099182689  0.70046972976825483  0.71193338548630347
  0.72053896518115867  0.72875307108077869  0.73725922635204233  0.74676143995809297
  0.75623126657310347  0.76509665117953063  0.77449542785843917  0.78470385049236480
  0.79496074369978009  0.80420849760687108  0.81251486015266439  0.81933062004603729
  0.82616383039538455  0.83304464648193643  0.84067338380397583  0.84789414088934500
  0.85513963509267898  0.86214823935402196  0.86859899366786963  0.87676346680243222
  0.88923299931469846  0.90103072596787537  0.91087274654797656  0.92118199806004164
  0.93118338167407944  0.94008464821649285  0.94760678501626194  0.95479251513199670
  0.96307118544849446  0.97527962859349870  0.98733117443022689  1.00000000000000000
   1.4957468133254198E-005  -1.0000000000000000     
 T T T T F F F F F F F F T T T T F F F F F F F F F F F F F F F F
  <DiscreteSampler_grid>
  grouped_processes
  1 # 1 for a reference and 2 for a running grid.
  10 # Attribute 'min_bin_probing_points' of the grid.
  1 # Attribute 'grid_mode' of the grid. 1=='default',2=='initialization'
  0.0000000000000000 # Attribute 'small_contrib_threshold' of the grid.
  0.5000000000000000 # Attribute 'damping_power' of the grid.
 # binID   n_entries weight   weight_sqr   abs_weight
    10   10   1.321946994814799E+007   1.751325871083982E+014   1.321946994814799E+007
  </DiscreteSampler_grid>
