 -0.00332148367759399  0.00838223501179661  0.02180269994992384  0.03589830943839908
  0.04996108195978270  0.06393739282429875  0.07803413507629837  0.09212913744830811
  0.10610364156327858  0.11972443311952125  0.13333889131530552  0.14704727863644235
  0.16090076392703243  0.17483321430506715  0.18737187858702634  0.20580096766633851
  0.22730035508995161  0.24868817305576182  0.26992286249185604  0.29087694184978136
  0.31166532430273192  0.33234679811186896  0.35360391040953681  0.37484609642601108
  0.39564649216751829  0.41649822066359471  0.43740413034948628  0.45798777176391836
  0.47848800994893836  0.49897005803543559  0.51943303548075292  0.53985862306484544
  0.56024639640933172  0.58060895826640624  0.60102477256899545  0.62141560264595552
  0.64157081272556327  0.66154525760718041  0.68122277989746149  0.70088253564893654
  0.72053077837473378  0.74064603865326040  0.76087461598814321  0.78155024897891889
  0.80187368798108150  0.82128620491123649  0.84018542168527888  0.85865332024513152
  0.87310142014349135  0.87858651365937945  0.87909576610829721  0.88007032291008436
  0.88274316290700305  0.88542045389221069  0.88807813092447441  0.89074483289006845
  0.89341701051460398  0.89605958235374639  0.89869933121312928  0.90136121361883981
  0.90406831632035956  0.90677818700539958  0.90944104792984659  0.91214194978675189
  0.91487453695856547  0.91760076227661813  0.92033592346581206  0.92303748375166550
  0.92573042083389578  0.92842511669219374  0.93113730544123929  0.93388765485204961
  0.93661841562508608  0.93931797366208847  0.94201959062215601  0.94474165047298952
  0.94750117997041328  0.95024958146771876  0.95298286906076479  0.95568758342307980
  0.95838370125326344  0.96108929877221927  0.96387438733429909  0.96666009327986224
  0.96940025168893595  0.97215708074463092  0.97493688917842791  0.97767368737260996
  0.98042465253212419  0.98322385083083497  0.98601376510355376  0.98880296324705230
  0.99160022066069309  0.99440513656971419  0.99721310268151242  1.00000000000000000
 -0.00396847078925317  0.01280389818395969  0.02652286102664700  0.03965535895055735
  0.05243561513607554  0.06453473503644223  0.07641747522107539  0.08883649682816001
  0.10148427729646944  0.11526083009710192  0.12922753531992776  0.14337178449274876
  0.15804641440723063  0.17337862764636505  0.18793848864303442  0.19859957935590847
  0.20934230821050348  0.21942327197757500  0.22957619580113944  0.24105092960146007
  0.25471836360792954  0.26766005189070535  0.28015604170550135  0.29224813401014699
  0.30490068241233337  0.31785473702573741  0.33098604104587931  0.34408664844628456
  0.35547860776955409  0.36434716230314429  0.37261598772073307  0.38034688030212910
  0.38764292156898927  0.39527333396745951  0.40283765326806503  0.41018812763597301
  0.41682128415284775  0.42386884119952128  0.43106260395245782  0.44042465231909983
  0.45319925308302622  0.46526920066152783  0.47677152372568055  0.48883921330341834
  0.50141083944993226  0.51367138867945483  0.52588866174998394  0.53784632083798034
  0.54931558471911379  0.56243964286867076  0.57419703834344815  0.58607966213026030
  0.59788383848020699  0.60782151846481991  0.61519460134858039  0.62272761063022652
  0.63028782831808539  0.63878333603791526  0.64671597030790084  0.65409651524214329
  0.66136488245873637  0.66830007114234946  0.67595838146971443  0.68324535585261492
  0.69060985845188416  0.69838085471570566  0.70647410918358111  0.71490458733098527
  0.72364576423279869  0.73234978667903372  0.74058390819900566  0.74849625443699053
  0.75640303803572873  0.76466795386126019  0.77246768639665808  0.77968402833782247
  0.78720008251518858  0.79513458673037829  0.80365412764914257  0.81226829817481816
  0.82009516886753786  0.82755964966053375  0.83643388487685222  0.84804668703786457
  0.86104495833476069  0.87343190827319928  0.88706203380960169  0.89952215308591910
  0.91162365847795546  0.92412917817062945  0.93739323676256459  0.95096272914126212
  0.96405774168799407  0.97648737371532746  0.98834954360439009  1.00000000000000000
   3.0012532096871762E-005  -1.0000000000000000     
 T T T T F F F F F F F F T T T T F F F F F F F F F F F F F F F F
  <DiscreteSampler_grid>
  grouped_processes
  1 # 1 for a reference and 2 for a running grid.
  10 # Attribute 'min_bin_probing_points' of the grid.
  1 # Attribute 'grid_mode' of the grid. 1=='default',2=='initialization'
  0.0000000000000000 # Attribute 'small_contrib_threshold' of the grid.
  0.5000000000000000 # Attribute 'damping_power' of the grid.
 # binID   n_entries weight   weight_sqr   abs_weight
    10   10   2.695754151173713E+007   7.267942739877806E+014   2.695754151173713E+007
  </DiscreteSampler_grid>
