 -0.00488866193870132  0.01617507196855785  0.03418780441866799  0.05223175218037240
  0.07023000065807414  0.08786741762898373  0.10264535978717061  0.11768751417624425
  0.13294314485925984  0.14815026604818882  0.16387213793547173  0.18004879822446943
  0.19720097501777462  0.21430345811033669  0.23123040612551762  0.24811159776633437
  0.26495237923392412  0.28156295186617952  0.29821478277962438  0.31491246517698496
  0.33149972609830841  0.34805235764144643  0.36455230731064164  0.38093889678182241
  0.39726238743880826  0.41360624384281347  0.42992127899738697  0.44618806384944765
  0.46254866900983832  0.47892949621666103  0.49521856385860175  0.51139534889042992
  0.52745619058592763  0.54336590662626738  0.55922826434963591  0.57500355892341093
  0.59060620860611746  0.60605743399148315  0.62150699068083382  0.63697192450508233
  0.65250029254347186  0.66794805506926458  0.68332696681304361  0.69861288247945874
  0.71387193984921260  0.72907894367046344  0.74429037265613451  0.75950558465530948
  0.77467852674788840  0.78984044528749864  0.80498469058174815  0.82005117280119355
  0.83505916806519564  0.85040354668091223  0.86577344504276010  0.88107414173125409
  0.89656203287520608  0.91226142485015460  0.92551047088475391  0.93830370015177966
  0.95182115953487667  0.96317476961977566  0.96897013431196843  0.96905302967114371
  0.96926298933563115  0.97005183048740784  0.97105746513600677  0.97204801895801263
  0.97304033475301843  0.97402857122998687  0.97501014394568819  0.97599588934670622
  0.97699119150797220  0.97799240811959198  0.97897989582784462  0.97996060167355870
  0.98094736632095536  0.98194086667523661  0.98296231297603098  0.98397016898302547
  0.98495964343619336  0.98596255302904068  0.98696383892603967  0.98796274359210290
  0.98896020173401333  0.98995259273162561  0.99095218459383738  0.99195505686766217
  0.99295884615912566  0.99396691816298954  0.99497666660932016  0.99598310211581420
  0.99698407744545769  0.99798082610181826  0.99898923830738251  1.00000000000000000
 -0.00386750383398221  0.01211797253611143  0.02634042602282290  0.04007713401535911
  0.05408951785101614  0.06876456862525659  0.08227486186812358  0.09261684515464239
  0.10195415616449473  0.11162573075086220  0.12123695494118522  0.13052884891645744
  0.13998152650474324  0.15128312885586268  0.16555079701831693  0.18104356036642580
  0.19605855115534934  0.21088180666917239  0.22543261930018521  0.23512298396898110
  0.24340433687417945  0.25150795632824047  0.25960498529228582  0.26844391022609154
  0.27667630120616366  0.28377714224882378  0.29061928681261184  0.29793076242866090
  0.30605902621633363  0.31372817098828454  0.32097227260964956  0.32832019790149336
  0.33559812503293918  0.34264797137453235  0.34959882492029404  0.35696524388137169
  0.36479374478017057  0.37281854612452009  0.38099263926598009  0.38940983934687096
  0.39905661824295491  0.41220284992723172  0.42735533105945583  0.44194991757462132
  0.45590378826889261  0.46712515926202142  0.47658914936323299  0.48651709890007011
  0.49658689662001970  0.50644091887855980  0.51595795017812884  0.52670123318720874
  0.53842573925906667  0.54806848478717751  0.55601947102074867  0.56462066572488878
  0.57387178763358060  0.58336759636087554  0.59242471264077845  0.60206015556329207
  0.61459945660409321  0.62970896597509762  0.64479688626681353  0.65584465804741410
  0.66617770026325462  0.67622682475325013  0.68621267633920680  0.69655298837135327
  0.70608004216179576  0.72216987044324743  0.73731276417417790  0.75129226352505118
  0.76467111569175561  0.77774995461308005  0.79066403509709393  0.80471587342452555
  0.81680808910261216  0.82563625440555966  0.83570573115769275  0.84448411271204715
  0.85307511686286419  0.86066359146208304  0.86796437659078129  0.87574703267515575
  0.88421855800762283  0.89304901260550240  0.90146145776396225  0.90963027358065873
  0.91728109861485874  0.92666704934914756  0.93607685027231946  0.94523502722863151
  0.95381576918484567  0.96524178957601547  0.98210583059168310  1.00000000000000000
   3.9263389710083433E-006  -1.0000000000000000     
 T T T T F F F F F F F F T T T T F F F F F F F F F F F F F F F F
  <DiscreteSampler_grid>
  grouped_processes
  1 # 1 for a reference and 2 for a running grid.
  10 # Attribute 'min_bin_probing_points' of the grid.
  1 # Attribute 'grid_mode' of the grid. 1=='default',2=='initialization'
  0.0000000000000000 # Attribute 'small_contrib_threshold' of the grid.
  0.5000000000000000 # Attribute 'damping_power' of the grid.
 # binID   n_entries weight   weight_sqr   abs_weight
    10   10   2.534479999299865E+007   6.423630981255559E+014   2.534479999299865E+007
  </DiscreteSampler_grid>
