 -0.00662211943901962  0.01175693215351131  0.03904925187116588  0.06467180896986030
  0.08678661152748303  0.10585957024074819  0.12449137486279131  0.14132542213332855
  0.15701598648288806  0.17170729873656271  0.18586877563041096  0.19982193030165687
  0.21352835092317762  0.22698001341292451  0.24034944201398267  0.25371617460070045
  0.26688980349978275  0.27981102900305632  0.29183812697608585  0.30393222303409378
  0.31607642654315221  0.32800472562988647  0.33995125536111964  0.35192682772585132
  0.36358458013765155  0.37513396153181000  0.38650862966698979  0.39785431393436610
  0.40915811264678892  0.42026516695803390  0.43129152864297432  0.44249344296771770
  0.45365877045654102  0.46476965389440461  0.47575542768552459  0.48672701079827690
  0.49796614426501440  0.50930306344000598  0.52077259144220700  0.53215672669764646
  0.54349481368734576  0.55469752246055770  0.56580416803922484  0.57681378817931417
  0.58810469068778470  0.59942933020499889  0.61067310987744050  0.62208765259220755
  0.63362151850458337  0.64508927239639569  0.65661301931365101  0.66824688746403693
  0.67994713635908299  0.69177898887130218  0.70428960955140008  0.71689283923938618
  0.72954369326818735  0.74202170181202276  0.75479121227317758  0.76781427400074820
  0.78131908572296260  0.79495372063936587  0.80875952011744290  0.82263954554735619
  0.83737645328324339  0.85379384395146907  0.87008181200124535  0.88693003537815363
  0.90480767573745158  0.92501071395762724  0.94721694963574232  0.96290610057353221
  0.96298302430553440  0.96321424244158349  0.96421103994621304  0.96575524959849768
  0.96732417829316730  0.96886417663386071  0.97038086909057719  0.97191718290210138
  0.97349427228463958  0.97509134426406363  0.97672157185115671  0.97838887556844423
  0.98008494482422059  0.98180819755691129  0.98355068173691440  0.98527753280433772
  0.98700827605279218  0.98877543314433092  0.99057905589297013  0.99239994157791556
  0.99425892169596497  0.99614619345322108  0.99808428682045891  1.00000000000000000
 -0.00332412229963985  0.00918311800268775  0.02232414171893668  0.03584766652937678
  0.05003342931544995  0.06478339152735785  0.07968308765611656  0.09501668488090309
  0.10421629503360670  0.11189451333923513  0.11895418576224813  0.12582617340273197
  0.13270700441252234  0.14036683878642908  0.14829513000906858  0.15609613453534016
  0.16358053999986141  0.17757377056997836  0.19446657557478866  0.20926592011385498
  0.22354705205444092  0.23730173653275516  0.25064725613952005  0.26547278582018569
  0.28270734037694756  0.30345321264327851  0.32189075727596256  0.33849185062948539
  0.35355763382616850  0.36743539942137982  0.37862742200587474  0.38507568527045843
  0.39300440450600038  0.40144375399904864  0.40955433328298330  0.41664740378673681
  0.42366900905228072  0.43151104162218229  0.44266800083339741  0.45835772518581530
  0.47599168728830255  0.49116192113505736  0.50505212259584076  0.51853000561083884
  0.53206844130844910  0.54547581655802146  0.56005947220635244  0.56779859391386756
  0.57534939595107404  0.58202394308957073  0.58850918770439420  0.59523418299822073
  0.60207328748630606  0.60852178898311959  0.61509701093538827  0.62214348892795990
  0.63045391749947444  0.63995357629034910  0.64987297649397147  0.66041102766044535
  0.66974765006168557  0.67730847288621188  0.68424773433781005  0.69754614277441651
  0.71193882928955676  0.71945140462122337  0.72850696588636776  0.73790157495350328
  0.74726543786461930  0.75438070303032867  0.76034793620443686  0.76626812855526816
  0.77244373398541466  0.77983622421082954  0.78863237573759581  0.79762104910321907
  0.80580789696317801  0.81392234342533798  0.83057296517124113  0.83881467522521747
  0.84623550672134173  0.85393659390294141  0.86257247457349551  0.87214391702394023
  0.88168330942344464  0.88884893577059110  0.89682151636349339  0.90913569492100088
  0.92330225300472757  0.93905292787053674  0.95695190470327751  0.96752751358063072
  0.97719509255676829  0.98554251377478519  0.99293045250614420  1.00000000000000000
   4.4097023933019393E-005  -1.0000000000000000     
 T T T T F F F F F F F F T T T T F F F F F F F F F F F F F F F F
  <DiscreteSampler_grid>
  grouped_processes
  1 # 1 for a reference and 2 for a running grid.
  10 # Attribute 'min_bin_probing_points' of the grid.
  1 # Attribute 'grid_mode' of the grid. 1=='default',2=='initialization'
  0.0000000000000000 # Attribute 'small_contrib_threshold' of the grid.
  0.5000000000000000 # Attribute 'damping_power' of the grid.
 # binID   n_entries weight   weight_sqr   abs_weight
    10   10   1.691674458121187E+007   2.921358182318580E+014   1.691674458121187E+007
  </DiscreteSampler_grid>
