 -0.00408957945136794  0.00600908220928586  0.01803233061298827  0.03225996879093319
  0.04640087148178279  0.06007385089823063  0.07301878008437947  0.08443647355818884
  0.09576807192364316  0.10718614804740925  0.11844661179528546  0.12997324253099587
  0.14185732166923248  0.15554482083045262  0.16914998140667098  0.18269017184471883
  0.19626572288845792  0.20983362918455434  0.22339256727668436  0.23666758168940205
  0.24998670514358418  0.26341422338341575  0.27667130168974807  0.28996105561985863
  0.30343349677369130  0.31692611972617230  0.33038122607096915  0.34366676790717426
  0.35688060054454440  0.37004045015577836  0.38303007381824761  0.39619441463839172
  0.40953637007885235  0.42307245382986863  0.43680606371557845  0.45080758796624709
  0.46488219484063886  0.47905974803938306  0.49335892846785190  0.50766815155738076
  0.52187178860965111  0.53596208441255144  0.54988372097573546  0.56369182461201162
  0.57737462336436884  0.59103194552134364  0.60475587218769722  0.61858826030645075
  0.63220420878758976  0.64580242200793436  0.65946922960823762  0.67316638506754112
  0.68690614483104984  0.70083306958276648  0.71480700675207898  0.72879229920515842
  0.74258871674514682  0.75643727449122333  0.77033519262902950  0.78437083286326659
  0.79845789878619922  0.81256970265454231  0.82657881016513401  0.84046967449470433
  0.85425485219785258  0.86781358303095280  0.88142591734676301  0.89506250171458879
  0.90852791251716403  0.92204402477328551  0.93561795874707998  0.94985760886741022
  0.96450075025154580  0.97975817235703888  0.99029876959901852  0.99367875515653525
  0.99371001563275918  0.99382035086097997  0.99417268393178349  0.99451504626028087
  0.99485829548332527  0.99520164838005543  0.99554555336905404  0.99588910785774520
  0.99623660302041217  0.99657719646287657  0.99691952447462961  0.99726127497168437
  0.99760257354756743  0.99794946154289099  0.99829398473092412  0.99863578037715850
  0.99897578040337520  0.99931846368210087  0.99966146354936369  1.00000000000000000
 -0.00544973056358916  0.01399599927282010  0.02989452240009878  0.04229073653564647
  0.05197705972954832  0.06104794342088048  0.07044767125525848  0.07982010262193105
  0.08894001535400671  0.09671473209920228  0.10705337243482356  0.12333963016937854
  0.14071352532123693  0.15307813283044233  0.16112201722057509  0.16957349687418038
  0.17797913058165726  0.18694390682392331  0.19586480977647747  0.20677633357450018
  0.22062923214150634  0.23339665603354892  0.24312031752805333  0.25228096614810913
  0.26203720215383636  0.27148806886975996  0.27980975293310312  0.28754425669888523
  0.29603334594769659  0.30549786060713946  0.31536275284244059  0.32530605742526175
  0.33942799531645063  0.35507612823317658  0.36589641129301048  0.37462195892346817
  0.38437225354667970  0.39455235226051533  0.40440078324631834  0.41518579210082085
  0.42779187644663019  0.44025480881098611  0.44981284406730332  0.45854149133977812
  0.46796668693248605  0.47707729065623550  0.48559784795038763  0.49402664470813001
  0.50283855991013449  0.51859079459191137  0.53465285658183304  0.54610839327056382
  0.55492569541762504  0.56486045985246125  0.57464254393174408  0.58359527388642241
  0.59185626960088322  0.60001761285501598  0.60861508956807264  0.61734990687048852
  0.62604060394801941  0.63518642372220169  0.64360314879916247  0.66298580056420020
  0.68502713354518163  0.70463244034193162  0.71445086196085461  0.72339784670752338
  0.73379472115099664  0.74298904892255346  0.75240023906968445  0.76123537458699320
  0.77130761003357362  0.78043106111997418  0.78856062592881648  0.79641125533954527
  0.80494922257828405  0.81522834862648463  0.82585991096042566  0.83494916602577796
  0.84369736402995710  0.85257542283014165  0.86150392054448199  0.87035126545753516
  0.87914301646915283  0.88774669946563156  0.89640904797551657  0.90606429318373338
  0.91595613159295930  0.92559222700025734  0.93492338120820884  0.94407474756041765
  0.95323093786340019  0.96505961491243974  0.98050617978122967  1.00000000000000000
   2.5134824557593931E-006  -1.0000000000000000     
 T T T T F F F F F F F F T T T T F F F F F F F F F F F F F F F F
  <DiscreteSampler_grid>
  grouped_processes
  1 # 1 for a reference and 2 for a running grid.
  10 # Attribute 'min_bin_probing_points' of the grid.
  1 # Attribute 'grid_mode' of the grid. 1=='default',2=='initialization'
  0.0000000000000000 # Attribute 'small_contrib_threshold' of the grid.
  0.5000000000000000 # Attribute 'damping_power' of the grid.
 # binID   n_entries weight   weight_sqr   abs_weight
    10   10   7.565544225946401E+006   5.723746025612421E+013   7.565544225946401E+006
  </DiscreteSampler_grid>
