 -0.00342881531890998  0.00833399783610383  0.02293224980007571  0.03921738889487979
  0.05618443847223720  0.07317313803796266  0.09070826062828093  0.10503565097379933
  0.11898284013924877  0.13328584410866301  0.14762573544677604  0.16164570624796137
  0.17577485633257689  0.18994856155219692  0.20481546131927181  0.22013112116636338
  0.23544440567935371  0.25051750246166460  0.26554888660854187  0.28056033824619642
  0.29553092921309482  0.31043390980836627  0.32526625012531485  0.34009799777795235
  0.35484670201494928  0.36953072472474779  0.38420159429689260  0.39874162653816059
  0.41323806312465650  0.42763779175940370  0.44195542768162827  0.45625509649390950
  0.47053387659795443  0.48471931078913977  0.49884255657872756  0.51292809861581468
  0.52699131363516494  0.54099382512380811  0.55496112035425438  0.56885312201150795
  0.58263405635751375  0.59631949125954087  0.60997481632785822  0.62358855683101622
  0.63717175244630464  0.65075255882781879  0.66423172618411497  0.67758128673477813
  0.69088683628955627  0.70420002613551558  0.71746941506514106  0.73064240774652456
  0.74377905987341808  0.75690476191545741  0.77004048080763332  0.78316069348745732
  0.79627036724367284  0.80931414376959998  0.82226149079316291  0.83511877640615717
  0.84812581812434729  0.86114115591073315  0.87416651092990338  0.88727914670859620
  0.90096413014331589  0.91596336980960247  0.92890883416495529  0.93278767454398959
  0.93391429441002716  0.93566969849857118  0.93815896125293463  0.94061593470426386
  0.94308220458822911  0.94552035014975233  0.94796007329817022  0.95043549500203428
  0.95292043452784247  0.95538538938174600  0.95785786520136096  0.96034338648581707
  0.96281683070474178  0.96530802630801726  0.96779330896949867  0.97026771590836747
  0.97273857310020029  0.97522116823304950  0.97770670580074359  0.98016539408392056
  0.98261854721938813  0.98510066585815759  0.98760061523138443  0.99007706168047571
  0.99253994674705992  0.99500657349033583  0.99749962620252808  1.00000000000000000
 -0.00196064785394459  0.00859323679303463  0.01667517958997751  0.02523251899706214
  0.03410879138055413  0.04310954096804635  0.05275596107899088  0.06248659440893195
  0.07247271623446963  0.08294370814221554  0.09352818162901320  0.10382808540397370
  0.11375878079418190  0.12398724448182999  0.13538489185976785  0.14751567999575776
  0.15943402657636449  0.17119276512623005  0.18353350653546899  0.19642248033053664
  0.20901144635977634  0.21859109662503393  0.22781253056731582  0.23665285890047597
  0.24566482444426790  0.25441052835406930  0.26250704000539443  0.27093449125703195
  0.27991770230214053  0.28925309389345061  0.29856781309235542  0.30763143073823590
  0.31705966890256371  0.32759023329694942  0.33834594267075857  0.34883207909988423
  0.36002191482530949  0.37221160022202082  0.38509963788802110  0.39862835519572798
  0.41249525611490051  0.42584086644074332  0.43930842995805669  0.45219670330651740
  0.46276400828741382  0.47176659044461078  0.48131874268567437  0.49144588839426229
  0.50207582059626521  0.51230418726028171  0.52278418992256148  0.53381929796325422
  0.54446648258350394  0.55439499569049799  0.56425688312672440  0.57536348041176832
  0.58666862296205269  0.59821875491680954  0.60885939561210611  0.61915635069519426
  0.62928109732538950  0.63959538398022031  0.65028455691559606  0.66074679030269945
  0.67171981008945691  0.68445065946579220  0.69711512468122006  0.71010174065475606
  0.72237093365012117  0.73329010287892937  0.74296602650781851  0.75246045436758580
  0.76195736783626622  0.77186416479000919  0.78191929872360766  0.79239173347836567
  0.80447995828760277  0.81701123632458872  0.82928990134802660  0.84158402681177391
  0.85414725541489012  0.86684863515371202  0.87837802576791213  0.88849178907575554
  0.89879123770314961  0.90901434675923543  0.91854425662900996  0.92700859662105173
  0.93544031518850124  0.94419155159057455  0.95337155280745989  0.96244835770330650
  0.97111144973312535  0.97986642163979820  0.98989553109748796  1.00000000000000000
   2.8497002258108399E-006  -1.0000000000000000     
 T T T T F F F F F F F F T T T T F F F F F F F F F F F F F F F F
  <DiscreteSampler_grid>
  grouped_processes
  1 # 1 for a reference and 2 for a running grid.
  10 # Attribute 'min_bin_probing_points' of the grid.
  1 # Attribute 'grid_mode' of the grid. 1=='default',2=='initialization'
  0.0000000000000000 # Attribute 'small_contrib_threshold' of the grid.
  0.5000000000000000 # Attribute 'damping_power' of the grid.
 # binID   n_entries weight   weight_sqr   abs_weight
    10   10   2.582655016637972E+007   6.670424774855484E+014   2.582655016637972E+007
  </DiscreteSampler_grid>
