 -0.00368073613864963  0.00807391883627894  0.02159647824391937  0.03638425895599776
  0.05131467507338016  0.06625758998190209  0.08113860035438848  0.09589377372982942
  0.11044016355370859  0.12494160423974279  0.13935060971336144  0.15325814621004172
  0.16950293032953676  0.18702737942862918  0.20401853897292463  0.22105864141721893
  0.23814526432073507  0.25504388082707785  0.27198196324159069  0.28902238236720623
  0.30619003954724860  0.32345355137748566  0.34091874419839890  0.35846077306580293
  0.37601315360907717  0.39330115849508301  0.41020170545137141  0.42675115951740139
  0.44325512113677451  0.45960979497360088  0.47572851305745251  0.49147027620279954
  0.50708564704081271  0.52260171306568604  0.53830638937867015  0.55418503551350085
  0.56915872540365220  0.58402842282815903  0.59884228684002894  0.61353466701555581
  0.62822097383488917  0.64310090058385472  0.65823027759578490  0.67358119015828721
  0.68880097897525860  0.70388318488517776  0.71868031726414028  0.73299951040722711
  0.74707788953635235  0.76117591511299598  0.77533944637370900  0.78965220230193400
  0.80394582949273585  0.81822914907784750  0.83236364186584899  0.84647289177915164
  0.86052387860210122  0.87491546924057706  0.88963845346997206  0.90462405044542404
  0.91971858605052015  0.93534203015720163  0.94919406745022594  0.96047500338265213
  0.96892542419177485  0.97700461601270938  0.98121973182927757  0.98129468458048275
  0.98146217918973411  0.98215395659448346  0.98284916821581003  0.98353707801967472
  0.98422570392962527  0.98491211867196948  0.98559355085702305  0.98628093950199580
  0.98695879139339315  0.98764607349498701  0.98832674404247645  0.98901839368101496
  0.98969348749529140  0.99037180957508675  0.99106363990217294  0.99174359877198004
  0.99243826749855169  0.99313540214716278  0.99382554093868447  0.99451497851807136
  0.99519730727106992  0.99587397238099384  0.99658071521922220  0.99726703667024197
  0.99795223918293496  0.99863424198081974  0.99932668065695884  1.00000000000000000
 -0.00457569759870508  0.01348549446806175  0.02956786746618963  0.04447767290342074
  0.05887838317510011  0.07280371530953154  0.08558917591136748  0.09980169765654044
  0.11383997976765019  0.12592192885329351  0.13499320192863118  0.14303805607082704
  0.15098812150182112  0.15856989786980560  0.16589181080672996  0.17376546619789993
  0.18236262731210165  0.19156250259076876  0.20061069292711731  0.20990155685760239
  0.21940050164483912  0.22877083788996591  0.23821054370209319  0.24659213538862085
  0.26007413318912448  0.27792422373389775  0.29051846807382647  0.29973556991733191
  0.30775044544082319  0.31610201735266513  0.32525033801028830  0.33430627006243457
  0.34293683991654178  0.35061709759548182  0.35800136629723134  0.36617960291397589
  0.37445324806030011  0.38239722078228827  0.39042605408743025  0.39858682339966506
  0.40658776455300644  0.41435202297625862  0.42174915800004298  0.42884669007542325
  0.43551187127080343  0.44209227211189400  0.44883471895178717  0.45547113764249736
  0.46241861970812248  0.46967132728593058  0.47824674947885998  0.49052013519495574
  0.50726133414622632  0.52527284434616239  0.54214013891270985  0.55728998879944691
  0.57083859104173629  0.58466184305939273  0.59765041705701916  0.61088633330176467
  0.62488937067835326  0.63921829769888394  0.65080376763905468  0.65825188235463727
  0.66654787776793489  0.67502953973737234  0.68335635911982784  0.69077492995364032
  0.69786733138927481  0.70488208742807623  0.71236001323220988  0.72028444980963102
  0.72828534720325844  0.73654583583281374  0.74419536347819015  0.75453490728275152
  0.77114120196318625  0.78919920900915519  0.80793967213787410  0.81834884093585358
  0.82584666459931144  0.83409354839449457  0.84299262700001487  0.85163576859577739
  0.86008717144212643  0.86869457196239142  0.87883422174097325  0.89208341574447947
  0.90698195034752349  0.92292508559926623  0.93818347428424853  0.95216981800908917
  0.96519041163509856  0.97736120513666824  0.98879003983601321  1.00000000000000000
   3.2812782237567754E-007  -1.0000000000000000     
 T T T T F F F F F F F F T T T T F F F F F F F F F F F F F F F F
  <DiscreteSampler_grid>
  grouped_processes
  1 # 1 for a reference and 2 for a running grid.
  10 # Attribute 'min_bin_probing_points' of the grid.
  1 # Attribute 'grid_mode' of the grid. 1=='default',2=='initialization'
  0.0000000000000000 # Attribute 'small_contrib_threshold' of the grid.
  0.5000000000000000 # Attribute 'damping_power' of the grid.
 # binID   n_entries weight   weight_sqr   abs_weight
    10   10   7.899647310808621E+005   6.240506561416604E+011   7.899647310808621E+005
  </DiscreteSampler_grid>
