 -0.00631782856195764  0.01410365001591523  0.05258568705398323  0.08459608361064790
  0.11021102981465566  0.13145543413670999  0.15188369818607367  0.17131874586321363
  0.19003841089473236  0.20694287489093358  0.22376676702078419  0.24049571003808265
  0.25678897455768990  0.27285020398200177  0.28809341669405553  0.30315288005280228
  0.31797289569538006  0.33269355944848883  0.34736565246047374  0.36172335356446489
  0.37601696926480754  0.39006147649293943  0.40403680105687972  0.41783349393410840
  0.43169454048649314  0.44564018429733665  0.45947522256378925  0.47323830644523002
  0.48697389649743494  0.50070135069337951  0.51427994173135716  0.52784177921696607
  0.54132625536246703  0.55482924850639137  0.56839759000819157  0.58200430190622043
  0.59566838103755659  0.60940386207416652  0.62318824131148776  0.63728434736195916
  0.65146120598443291  0.66579147602334798  0.68011362674826414  0.69441276453087553
  0.70909909361785406  0.72418282810581025  0.74065782015834869  0.75770834586364755
  0.77565593421820456  0.79307412341543893  0.80828548484844098  0.81748634198934644
  0.82503352983042333  0.82826931684684124  0.82901049269690708  0.83024305237400053
  0.83315185359609722  0.83610777565962413  0.83910265853600385  0.84212917457857273
  0.84512549308635487  0.84812643982012970  0.85120859256716075  0.85427357758241818
  0.85737374956357659  0.86058045427973195  0.86381229439180240  0.86706807822528864
  0.87037624740796049  0.87377895741598355  0.87721009363473945  0.88060633550916567
  0.88406335443464301  0.88766280964339239  0.89129630716970365  0.89492277260369868
  0.89857946543659772  0.90231276739525246  0.90616525230349299  0.91005083166930978
  0.91407424607051502  0.91822400567473739  0.92244330262554641  0.92672033579856372
  0.93117057697840866  0.93573385351718186  0.94046459073299982  0.94535507636015648
  0.95058457961529885  0.95594307436104109  0.96166489307595215  0.96770796492685007
  0.97422726295759321  0.98140980144623369  0.98968040796594436  1.00000000000000000
 -0.00317673664300196  0.01392348487747252  0.02345522986893578  0.03219199491035873
  0.04105780714348133  0.04920981150666607  0.05735366663410863  0.06511567342432652
  0.07199957315133126  0.07925489590893364  0.08680962234774081  0.09503002222212699
  0.10317861581857035  0.11222068693853816  0.12082096609707940  0.13009179687531072
  0.14231163138346237  0.15453581784374662  0.16681364536250506  0.17896969085351352
  0.19085810065526215  0.20249311521452132  0.21358144745209531  0.22395586259111908
  0.23439533004338586  0.24542984932914341  0.25685379733305813  0.26819999592434213
  0.27992548115406224  0.29289701764939430  0.30733885096751962  0.32095689076721912
  0.33019227145364816  0.33872800937012887  0.34727876987404727  0.35605004641491927
  0.36430817018013550  0.37244917692381763  0.38316913356300131  0.39610618679789367
  0.40925993569512331  0.42231025726335764  0.43429675921111588  0.44312248705033280
  0.45168496865560248  0.46091345798352473  0.46979695164018853  0.47717857214621801
  0.48402741852145631  0.49102385145415184  0.49929140608791001  0.51068455306996896
  0.52370710848884694  0.53608239312808037  0.54737613081582270  0.55869278163727165
  0.56904695139379824  0.58064658131744384  0.59269402835798146  0.60470418665997716
  0.61844478820421966  0.63261330761721402  0.64675403882549121  0.66095655438931067
  0.67269629188792368  0.68208811293247007  0.69209230096492347  0.70130662028148139
  0.71025490254522039  0.71920100441328971  0.73013971681744994  0.74499982626663164
  0.76125372686148940  0.77340481325180865  0.78082832987391448  0.78899914167044549
  0.79616742082881631  0.80287344537210814  0.80937202672521824  0.81623428888270833
  0.82355994331965299  0.83144034752440754  0.84104871913865409  0.85161083288958161
  0.86312937254536937  0.87654229793041760  0.88980404570546612  0.90296798500275033
  0.91501146809430667  0.92709033217222836  0.93903086031300909  0.95090208116438213
  0.96282886803516898  0.97452267367442580  0.98655769616891176  1.00000000000000000
   4.6470082222277768E-005  -1.0000000000000000     
 T T T T F F F F F F F F T T T T F F F F F F F F F F F F F F F F
  <DiscreteSampler_grid>
  grouped_processes
  1 # 1 for a reference and 2 for a running grid.
  10 # Attribute 'min_bin_probing_points' of the grid.
  1 # Attribute 'grid_mode' of the grid. 1=='default',2=='initialization'
  0.0000000000000000 # Attribute 'small_contrib_threshold' of the grid.
  0.5000000000000000 # Attribute 'damping_power' of the grid.
 # binID   n_entries weight   weight_sqr   abs_weight
    10   10   1.439012761619613E+007   2.552094304905639E+014   1.439012761619613E+007
  </DiscreteSampler_grid>
