 -0.00585383516727705  0.00763268192723520  0.02217741343434220  0.03924865319839754
  0.05660689670541332  0.07417248111174851  0.08906140639535318  0.10350607358519885
  0.11751145027605768  0.13167275384534713  0.14576020966685760  0.15951504887945819
  0.17482213205805822  0.19078678983568328  0.20683281140467177  0.22287672708796349
  0.23891774334612975  0.25500290400621534  0.27110246924129539  0.28720318877201423
  0.30326674839175566  0.31928698217724166  0.33521375620863664  0.35113573534791281
  0.36715517749666393  0.38317401764217213  0.39919228340545393  0.41535571502527208
  0.43148172778961941  0.44742604486630549  0.46339749644480333  0.47938846218662573
  0.49519497071530594  0.51100453073089358  0.52686824234997942  0.54269066920651188
  0.55848642052092112  0.57436681400951461  0.59024493767012032  0.60610969609636645
  0.62206338974322517  0.63806220671113245  0.65410187830653777  0.67013458829038619
  0.68615776103361292  0.70219664692317874  0.71824848830320542  0.73434305122923327
  0.75048459496737174  0.76666383415682260  0.78280805615893068  0.79896045678555960
  0.81513868105340714  0.83163468035677590  0.84830266352848571  0.86564510982614074
  0.88305913325102459  0.90060357607963959  0.91632150587284400  0.93099453475781224
  0.94392093478428074  0.95645723990181075  0.96293559566563458  0.96304675652932148
  0.96332287598078703  0.96429223766078875  0.96547715728389616  0.96666941734289247
  0.96785099375385253  0.96903572815619332  0.97023267345330999  0.97141844622985796
  0.97259371490226043  0.97377335308174051  0.97495848377782335  0.97614350765714553
  0.97731863790872875  0.97849879955917363  0.97968638096635707  0.98087615211915069
  0.98204951984144440  0.98322092429585783  0.98440285341474310  0.98559617438776448
  0.98677877460427321  0.98797139008808255  0.98918287810418726  0.99038056367661453
  0.99157098071550387  0.99276901173636745  0.99397066062218542  0.99517102284503300
  0.99637833164663614  0.99759403976124617  0.99880529113742045  1.00000000000000000
 -0.00406512125123544  0.01545024569587793  0.02657926286588536  0.03653356995512407
  0.04679487621631099  0.05664657092203938  0.06605891246466075  0.07530021431466596
  0.08516893434412942  0.10139735247471557  0.11771381072173921  0.12999901288138799
  0.13967855163152398  0.14827486695876202  0.15662698066499051  0.16515928416289588
  0.17301382508970881  0.18055041605421254  0.18850328930212720  0.19774757672879714
  0.20869681435560677  0.22214994204751548  0.23797922762946347  0.25269964092343666
  0.26771896972062531  0.28201410690180201  0.29445981352086564  0.30494566541331014
  0.31455631102062426  0.32351965840426944  0.33218210616629906  0.34134038552734086
  0.35151736313498216  0.36214332549415634  0.37327627910348532  0.38680914926697030
  0.39958141316234241  0.41003009436325538  0.41997857830466218  0.42987557808983295
  0.43986647224284481  0.45006862237119422  0.46139304698689299  0.47572723154278068
  0.49106021845801867  0.50492365140017692  0.51901928331676872  0.53285459135171931
  0.54689949208290467  0.56050840694869319  0.57383504570166521  0.58772667210136698
  0.60152690718593727  0.60983814032561656  0.61837183364034465  0.62720725547203970
  0.63575593964851596  0.64384544923627551  0.65157834937032511  0.65911732788734767
  0.66682847324663319  0.67561333228533116  0.68540878920585713  0.69523555195189257
  0.70550172579046500  0.71724838230291188  0.72950575010700658  0.74014948208017051
  0.74992931768925364  0.76002150270654478  0.76962985260867511  0.77937172422847256
  0.78845160011814208  0.79810755121021904  0.80755094291520291  0.81625361571842614
  0.82479850913214414  0.83420560782586017  0.84377188361314648  0.85265379076565750
  0.86107942297750240  0.86980124763747368  0.87915526315171511  0.88858352224083759
  0.89768015226889220  0.90608960656693305  0.91432034577915733  0.92290387488467018
  0.93190707888542901  0.94092961801834651  0.94955906311551230  0.95829478067652829
  0.96811569066604397  0.97893436872941364  0.98974720232932512  1.00000000000000000
   1.7727001343982680E-004  -1.0000000000000000     
 T T T T F F F F F F F F T T T T F F F F F F F F F F F F F F F F
  <DiscreteSampler_grid>
  grouped_processes
  1 # 1 for a reference and 2 for a running grid.
  10 # Attribute 'min_bin_probing_points' of the grid.
  1 # Attribute 'grid_mode' of the grid. 1=='default',2=='initialization'
  0.0000000000000000 # Attribute 'small_contrib_threshold' of the grid.
  0.5000000000000000 # Attribute 'damping_power' of the grid.
 # binID   n_entries weight   weight_sqr   abs_weight
    10   10   7.591720594079602E+008   5.763428688668498E+017   7.591720594079602E+008
  </DiscreteSampler_grid>
