 -0.00436477811298446  0.01107496727730049  0.02653325961641619  0.04203480089204912
  0.05776153835881809  0.07364311508762525  0.08736688706707813  0.10083555625673743
  0.11412129621086263  0.12761667307359184  0.14104752073479890  0.15407333918693877
  0.16857493086731493  0.18382276963524305  0.19900414733108357  0.21426513227273930
  0.22966504195002990  0.24504255205051401  0.26041041971512258  0.27577131779352992
  0.29111662874333361  0.30644278420261023  0.32174706845566403  0.33705149309725924
  0.35237967714167640  0.36774095165833487  0.38313237079841811  0.39863541524172569
  0.41420476311314602  0.42993127520408470  0.44563303418869854  0.46131982661422288
  0.47694204856726674  0.49249313791361915  0.50792143141791135  0.52334325124920011
  0.53875932544944483  0.55413857385408860  0.56949837586723207  0.58483291347693789
  0.60024603323711179  0.61569200202385854  0.63120193992171580  0.64676983084413009
  0.66238783947318702  0.67795521820510352  0.69353978836540231  0.70917585980384856
  0.72487114275554509  0.74060075019072125  0.75641035490227326  0.77220055164761203
  0.78796960506117741  0.80365296848837864  0.81936785327732398  0.83520225933309855
  0.85099855151860526  0.86678154291102438  0.88269654281588472  0.89955739572368376
  0.91781608984344409  0.93674229106346496  0.95473773101735260  0.96676653184869987
  0.96882073310820160  0.96907823780092006  0.96931611763183456  0.97025902342221448
  0.97131589208313840  0.97236283240127586  0.97340891688533859  0.97445495811963001
  0.97550275921897389  0.97655847313225908  0.97761997393834421  0.97866343177112469
  0.97970766031810685  0.98075506567544868  0.98181508663485006  0.98289858260359242
  0.98396599245569272  0.98502263743106355  0.98609166903319512  0.98716078192850032
  0.98822523137490659  0.98929068179948354  0.99035849986271784  0.99142963496569403
  0.99249782721474411  0.99357408016371185  0.99464964455373417  0.99572127266628241
  0.99678887178919240  0.99785251374606754  0.99892258349207841  1.00000000000000000
 -0.00407293817414508  0.01229822123900574  0.02684861992440844  0.04098543844937669
  0.05543777565013473  0.07036594127545009  0.08432991712671764  0.09434056286823390
  0.10411000996691991  0.11382950397165162  0.12369792325273828  0.13299440645944166
  0.14248404609217771  0.15508922636870753  0.16981006298505263  0.18559977531283300
  0.20100215641422783  0.21729015570387181  0.22972418497798988  0.23838190837180812
  0.24645614254600653  0.25437115823690110  0.26242516239921776  0.27104170088368146
  0.27894511518787551  0.28590665925755354  0.29254168161869415  0.29982677343084518
  0.30773868020356071  0.31529519425076824  0.32260480773720007  0.32992001918307218
  0.33705633754620173  0.34401714216378021  0.35095312523719591  0.35833559932436543
  0.36614712811722178  0.37416689708270851  0.38237141308705108  0.39075244373065554
  0.39961272255013397  0.41449492942308341  0.42954772383909190  0.44411886269587381
  0.45740775822256857  0.46840279124288731  0.47761298391031010  0.48726809170639646
  0.49713913271656279  0.50695735762916039  0.51569995931332713  0.52673685939880799
  0.53806002850935764  0.54851644110792452  0.55628007149971326  0.56505710863889158
  0.57439851814710707  0.58410878113244113  0.59345781055654245  0.60264167775002642
  0.61640980311775473  0.63335747789924535  0.64758923020684400  0.65862342833358234
  0.66902364766381250  0.67926318370075112  0.68940722921144304  0.69916576217233906
  0.71128114318638269  0.72627152357829949  0.74187581429263694  0.75663280690330448
  0.77054324418464959  0.78402677199483517  0.79773334605542945  0.80986569108734008
  0.82011334687148485  0.82911138171459431  0.83801119692197523  0.84633994880882946
  0.85447354523783003  0.86182454021311083  0.86895241503641651  0.87653955151820828
  0.88488007220473763  0.89348189177573045  0.90166889847850884  0.90975600075005314
  0.91737888529346201  0.92680445200959694  0.93627887879296257  0.94539389027125631
  0.95418299051648381  0.96597708197634991  0.98246989656166095  1.00000000000000000
   3.6400561941251197E-006  -1.0000000000000000     
 T T T T F F F F F F F F T T T T F F F F F F F F F F F F F F F F
  <DiscreteSampler_grid>
  grouped_processes
  1 # 1 for a reference and 2 for a running grid.
  10 # Attribute 'min_bin_probing_points' of the grid.
  1 # Attribute 'grid_mode' of the grid. 1=='default',2=='initialization'
  0.0000000000000000 # Attribute 'small_contrib_threshold' of the grid.
  0.5000000000000000 # Attribute 'damping_power' of the grid.
 # binID   n_entries weight   weight_sqr   abs_weight
    10   10   1.917171151279407E+007   3.675592499634771E+014   1.917171151279407E+007
  </DiscreteSampler_grid>
