 -0.00645301714881598  0.02464540031601916  0.05506274001284427  0.07851338482744863
  0.09566083719874548  0.11175724076985379  0.12726476345294424  0.14212348181457635
  0.15627824939140059  0.16976368284012444  0.18272275065209925  0.19532026253400639
  0.20761475646937894  0.21929487590223420  0.23078130250210346  0.24209517916773093
  0.25327576748651270  0.26436924967503783  0.27533431086891846  0.28581409483851655
  0.29617114338635764  0.30644839233913956  0.31661001158637131  0.32668187576074320
  0.33673621028995332  0.34675358221039715  0.35657775214752929  0.36620386067796118
  0.37574663677135006  0.38527349420433887  0.39475744446400385  0.40414808190696971
  0.41342572574075598  0.42264524567587763  0.43181336146777261  0.44093806143568753
  0.45003774750418929  0.45914864547225748  0.46827951021681752  0.47743832500894307
  0.48651764000594944  0.49548480485762891  0.50443914755094554  0.51335590416754184
  0.52229769982046692  0.53126821190208384  0.54023714855949867  0.54920523327210846
  0.55825141558584657  0.56737888654920388  0.57656620189722263  0.58578483848919738
  0.59499679217376500  0.60418244658236464  0.61344706241695135  0.62287359607440129
  0.63243827956128307  0.64211632707656074  0.65192310336408210  0.66192800910870420
  0.67193676237303201  0.68190862540835018  0.69202468988282628  0.70229567013780569
  0.71267522305186892  0.72316541923649169  0.73379009796787487  0.74446674656710976
  0.75526091277717666  0.76623173196872496  0.77750569536680647  0.78926650071505755
  0.80120467567844211  0.81333451909572063  0.82574779253294783  0.83887265632417385
  0.85268615906947409  0.86695274757759577  0.88159303349204121  0.89677403851408899
  0.91293209463681557  0.93070455286899678  0.95237363732090718  0.96256342643265880
  0.96335966016154229  0.96616335712604018  0.96915615863005389  0.97218891246506112
  0.97530000022422991  0.97846580556131812  0.98172795909902177  0.98511465025539557
  0.98859035641139958  0.99223619656130913  0.99600038255308765  1.00000000000000000
 -0.00200999459238328  0.00829564861488490  0.01806863450694614  0.02672137041153246
  0.03502111453311361  0.04344946193663139  0.05186844250352700  0.06067997366706171
  0.06973315705189477  0.07824944214471727  0.08758114880777407  0.09827749871650360
  0.10889524375342578  0.12005570986290244  0.13282307754581177  0.14680281070282811
  0.16130272251669422  0.17590072641546770  0.18997770532869301  0.20145204269154116
  0.21329439200983547  0.22520009669250923  0.23525844456481296  0.24406496201244163
  0.25274035812579521  0.26187127194231324  0.27114525332133049  0.27993467253155668
  0.28873085271283300  0.29714650943024251  0.30541498130640843  0.31385378144659759
  0.32232773682178828  0.33049614693254853  0.33930975212600162  0.34836422313362730
  0.35762884913002052  0.36914856810982666  0.38183064426923846  0.39456443968326838
  0.40729579158761675  0.42046764508212509  0.43447080173422642  0.44864037688183767
  0.46256401581322787  0.47655905043738561  0.49014885990045798  0.50149802938680910
  0.51037736582713666  0.51967459601721988  0.52928398922049757  0.53837164809640181
  0.54721541622334513  0.55549568144716543  0.56656866508838699  0.58117550699885567
  0.59624362065768766  0.60800076717464779  0.61704909758930859  0.62594211938496513
  0.63479191185190964  0.64360160570001512  0.65248940708857128  0.66080392518738440
  0.66974819665812524  0.67960940267362879  0.69202620854228258  0.70680377236333269
  0.72164549706208170  0.73613242670683432  0.75004463902044793  0.76345182788455868
  0.77452488496330596  0.78181984640910507  0.79052187483275482  0.79925498412639440
  0.80814379503834299  0.81704789532431954  0.82578202181276317  0.83510463535866608
  0.84527643298100485  0.85507389837288295  0.86420939205529412  0.87338472717441151
  0.88250552718784725  0.89115498044727615  0.90023617606396544  0.91041521511052159
  0.92318932787369179  0.94026160354583987  0.95452422420385297  0.96544008571495832
  0.97440749294084261  0.98316597619702717  0.99176812026349892  1.00000000000000000
   8.1074733390162595E-006  -1.0000000000000000     
 T T T T F F F F F F F F T T T T F F F F F F F F F F F F F F F F
  <DiscreteSampler_grid>
  grouped_processes
  1 # 1 for a reference and 2 for a running grid.
  10 # Attribute 'min_bin_probing_points' of the grid.
  1 # Attribute 'grid_mode' of the grid. 1=='default',2=='initialization'
  0.0000000000000000 # Attribute 'small_contrib_threshold' of the grid.
  0.5000000000000000 # Attribute 'damping_power' of the grid.
 # binID   n_entries weight   weight_sqr   abs_weight
    10   10   1.641043543394654E+007   2.776500779561856E+014   1.641043543394654E+007
  </DiscreteSampler_grid>
