 -0.00131064541854712  0.00257571592230296  0.01207001507764689  0.02458094237270872
  0.03697016595262496  0.04922756739691482  0.06138690077400616  0.07295175242869470
  0.08348307092260711  0.09391149283717902  0.10443472636481461  0.11484537198737177
  0.12516324736078185  0.13537937897546218  0.14735605215505498  0.15959748226492412
  0.17168509603218496  0.18377448955942080  0.19591373826290742  0.20784904228439538
  0.21959250489314580  0.23135264814410972  0.24312727436897349  0.25492347293564749
  0.26676071188666378  0.27863784770083938  0.29051231666330418  0.30241844523390976
  0.31423497512586840  0.32603203804500064  0.33780169793547449  0.34951995713593148
  0.36119979876146463  0.37289906264705336  0.38465271883602775  0.39656779198987996
  0.40854707007676638  0.42071209801909393  0.43285067994380660  0.44490144496103379
  0.45693946464561208  0.46888686488882092  0.48065981797408036  0.49240507891795943
  0.50417323679428994  0.51601163423316121  0.52789862781425057  0.53978490911322152
  0.55165262591630115  0.56353317068543407  0.57537462715959586  0.58731112859374046
  0.59924310998761832  0.61118808980906136  0.62318008781740553  0.63520759390966064
  0.64720181439390290  0.65911956575560471  0.67108826359662876  0.68300941384636171
  0.69492762332836788  0.70687794184433017  0.71888469266982025  0.73097277698154972
  0.74309102638785296  0.75511366475151120  0.76708665054197855  0.77902629463299256
  0.79098333931917808  0.80296906393951228  0.81491943145171464  0.82673000455770651
  0.83860687034037018  0.85045777871756845  0.86221787063027111  0.87406203109153013
  0.88604480608465974  0.89806078722439642  0.91001367112723108  0.92196258780008877
  0.93389931566927487  0.94557713504435492  0.95722443292007320  0.96903695824584868
  0.98104388614000171  0.99169028266245651  0.99369804319820165  0.99410857967937294
  0.99484866614909939  0.99557637543117794  0.99630822543343012  0.99704147804021692
  0.99777802638762858  0.99851989982217670  0.99925634307565625  1.00000000000000000
 -0.00222792253831765  0.00884499526267663  0.01881780263426654  0.02926260290797928
  0.03973783367502634  0.04915879847599849  0.05838407418785974  0.06767548401716306
  0.07703632660011824  0.08666064542127835  0.09643821369819638  0.10625908566037445
  0.11643804085239942  0.12817531239538205  0.14173285664096191  0.15323936458445100
  0.16295611845295610  0.17320720029859996  0.18407910784819870  0.19431296932152309
  0.20397363262653626  0.21353174074621947  0.22286540415265543  0.23207551577526211
  0.24140054282254472  0.25099781407064581  0.26074250308040930  0.27121854780767024
  0.28338928423421011  0.29763129860456511  0.31273225265138116  0.32616182671598837
  0.33801202772845751  0.34638415886379681  0.35598066583215898  0.36582197166301839
  0.37599564945679737  0.38560333028094823  0.39494693584490781  0.40702894707804843
  0.42155529921808355  0.42956648833649286  0.43969367135821108  0.44957847517929223
  0.45998407212747011  0.46914940798373012  0.47832736228344147  0.48756238603150776
  0.49691742941363459  0.50607206379510472  0.51506661953195454  0.52430905150320983
  0.53387315696910087  0.54494715239802860  0.55807866301767683  0.57144141093476564
  0.58351488663953721  0.59352995630231931  0.60249952406143026  0.61292623876910868
  0.62257883508583500  0.63136879280410962  0.63997646963688803  0.64952753269475627
  0.65986344847235179  0.66996968212824082  0.67913026843372160  0.69064057316909222
  0.70406118358570446  0.71577184995057430  0.72582480673381899  0.73537091556230083
  0.74403744366870050  0.75268578607544046  0.76146732842038278  0.76975998190696093
  0.77833051270146913  0.78580976531297886  0.79774198051079459  0.81047346133662346
  0.82178282900002753  0.83254451853161726  0.84347346037906734  0.85463634876659489
  0.86476941373331295  0.87411850469573460  0.88325923731859723  0.89341069833448439
  0.90430376420756287  0.91600508627555510  0.92667899099188344  0.93868293277384762
  0.95320418851446254  0.96898681737019765  0.98480287079797724  1.00000000000000000
   2.5799994661023548E-004  -1.0000000000000000     
 T T T T F F F F F F F F T T T T F F F F F F F F F F F F F F F F
  <DiscreteSampler_grid>
  grouped_processes
  1 # 1 for a reference and 2 for a running grid.
  10 # Attribute 'min_bin_probing_points' of the grid.
  1 # Attribute 'grid_mode' of the grid. 1=='default',2=='initialization'
  0.0000000000000000 # Attribute 'small_contrib_threshold' of the grid.
  0.5000000000000000 # Attribute 'damping_power' of the grid.
 # binID   n_entries weight   weight_sqr   abs_weight
    10   10   4.581072759530575E+009   2.098622762888835E+019   4.581072759530575E+009
  </DiscreteSampler_grid>
