 -0.00539296537079259  0.00986212897500519  0.02532769976668783  0.04142109443887235
  0.05776538103200590  0.07435729341196254  0.08830028549142911  0.10163194946269344
  0.11504631916955788  0.12847580355473398  0.14189413741670773  0.15506247859073857
  0.16925246462413504  0.18451646304510069  0.19954090328401924  0.21455191496438078
  0.22967381926289354  0.24472893863572906  0.25972896844079357  0.27459866241827519
  0.28946205905197009  0.30434099182038798  0.31930390141415527  0.33431545210112135
  0.34966198362817225  0.36500776056728168  0.38035236535428146  0.39560729907011105
  0.41081162820417538  0.42588279632815657  0.44097347209360116  0.45608153669560664
  0.47118504540742018  0.48639612244602121  0.50189757703948890  0.51739390808190988
  0.53288739557234088  0.54838421164682216  0.56392203941703845  0.57952918209104776
  0.59515042954024788  0.61078161894595984  0.62645196672145043  0.64215098778471358
  0.65787978169387284  0.67371793821340842  0.68958408731664067  0.70548371211712835
  0.72132346410864301  0.73712394632017564  0.75273258930084186  0.76838808701188777
  0.78410960785720807  0.79984080877341501  0.81560425243863022  0.83147197349775004
  0.84728194487614517  0.86305187341180578  0.87853497658258195  0.89500017813447219
  0.91305728236039629  0.93147091472110544  0.94972004061154280  0.96449911230322660
  0.96892532683071209  0.96905578817661897  0.96924122215456154  0.97012802292122280
  0.97118900544539721  0.97225069497277650  0.97331272132057667  0.97436990837811577
  0.97542771054384969  0.97648717340194602  0.97754867227517361  0.97861250711469761
  0.97968413773346208  0.98075816676038519  0.98182170629879373  0.98288480272506140
  0.98395023532887382  0.98501737650352583  0.98607149210060563  0.98714307659117095
  0.98821747363588419  0.98929435468225735  0.99035694922241735  0.99142035852356702
  0.99249615534217395  0.99357247383257141  0.99464854057355379  0.99572538894207308
  0.99680232737296159  0.99786924798024623  0.99893743183360162  1.00000000000000000
 -0.00431953089149177  0.01269342169028462  0.02607488184263891  0.03716812451158936
  0.04789295291121862  0.05923648902299367  0.07014175242899130  0.08039916151170685
  0.09082815056770539  0.10205095008429975  0.11417628576852362  0.12786993359409166
  0.14412311622740656  0.15464030369981910  0.16361968280882705  0.17293067755312413
  0.18196484636495733  0.19122666846446004  0.20006477185982574  0.21080808698412129
  0.22582851546458876  0.23745030238134066  0.24827060834285369  0.25927430437190124
  0.27030615499124905  0.28096966454790090  0.29192263118821932  0.30209881371348218
  0.31311648137346071  0.32434754803277460  0.33509026421277488  0.34450131483441587
  0.35531698887508073  0.36862735374058858  0.38378133142510318  0.40017938165939598
  0.41451923132940777  0.42378760464091625  0.43207944595489522  0.44113345114551156
  0.44964080768669273  0.45791273770372121  0.46675526314526744  0.47574543701323541
  0.48698157964257560  0.49902966523479969  0.51077495497527425  0.52201419169822971
  0.53345385965776204  0.54425912541089783  0.55395086897433599  0.56362771978798221
  0.57245394443407494  0.58222830791049573  0.59072510317582572  0.59980485910165005
  0.60895318814950783  0.61893046050608647  0.62931924992750854  0.64025970379192498
  0.65053223949081396  0.66011855119863128  0.66984157514427367  0.68016776460348038
  0.69070458052370332  0.70177709294861967  0.71331979940832579  0.72476964048583703
  0.73549464247634000  0.74548817773774334  0.75557679335110239  0.76648006984475092
  0.77805719478650770  0.78932291131624177  0.79941442476834890  0.80989411023794677
  0.82026152575803546  0.83089614473857165  0.84031332956443860  0.84906951730318359
  0.85823430081618657  0.86762399917701194  0.87707828873813443  0.88672368723491135
  0.89660780710351673  0.90673451609399380  0.91645923775839033  0.92560273870089516
  0.93505615763083860  0.94461713189308261  0.95374787117396043  0.96287907930304573
  0.97194724760346674  0.98130284199695939  0.99061236432211797  1.00000000000000000
   3.7877877564457346E-006  -1.0000000000000000     
 T T T T F F F F F F F F T T T T F F F F F F F F F F F F F F F F
  <DiscreteSampler_grid>
  grouped_processes
  1 # 1 for a reference and 2 for a running grid.
  10 # Attribute 'min_bin_probing_points' of the grid.
  1 # Attribute 'grid_mode' of the grid. 1=='default',2=='initialization'
  0.0000000000000000 # Attribute 'small_contrib_threshold' of the grid.
  0.5000000000000000 # Attribute 'damping_power' of the grid.
 # binID   n_entries weight   weight_sqr   abs_weight
    10   10   1.917646948578204E+007   3.677412024517731E+014   1.917646948578204E+007
  </DiscreteSampler_grid>
