 -0.00499472746573149  0.00239984958270388  0.01302192896753760  0.02927186433875541
  0.04578919191113855  0.06211911743219488  0.07656902120264343  0.08973700317675412
  0.10209701813777816  0.11481623037179760  0.12734959086160655  0.14014290564829696
  0.15377630056354938  0.16864324589433355  0.18375595673883111  0.19860919748373931
  0.21349686724861147  0.22838884884045660  0.24314739590471987  0.25803548709866780
  0.27304843484756436  0.28804884022588712  0.30320282636405471  0.31859473138705291
  0.33392392308179142  0.34917967925821647  0.36427957821093310  0.37949075292420664
  0.39473405434350251  0.40985091022866843  0.42506656656553893  0.44037895179690378
  0.45572227056077236  0.47105783854064986  0.48637268932499639  0.50171214141859122
  0.51695718405273738  0.53167542830473746  0.54646135273007757  0.56130067832893527
  0.57601775273966205  0.59063103398620254  0.60506919245168600  0.61950704778879284
  0.63393880379701506  0.64834145236599838  0.66273116927352271  0.67711119870707359
  0.69140127878195845  0.70569858621348680  0.72000971174685013  0.73425462613742043
  0.74845270368533701  0.76254642117187288  0.77664413926743381  0.79072318247872186
  0.80458561503559700  0.81840365887672417  0.83217702337688215  0.84603078112414531
  0.85988345303745062  0.87371835273347542  0.88828348929306844  0.90306801837103545
  0.91776103865977321  0.93277216635863369  0.94794421285260433  0.95889890167062353
  0.96984854499736539  0.98016124736548582  0.98741668342420075  0.98744168523775044
  0.98753130792803545  0.98796172890437750  0.98851289926676511  0.98906042027745866
  0.98960277718229761  0.99014745341584876  0.99069501551199679  0.99123775270318082
  0.99178217817542424  0.99232807085045871  0.99286779892881161  0.99341040607633391
  0.99395461384077066  0.99450671047518757  0.99506080846350875  0.99561369804364375
  0.99616263191831489  0.99671152099649230  0.99725836046677530  0.99780670115633152
  0.99835341999747396  0.99889975008012899  0.99945222726036931  1.00000000000000000
 -0.00623294448452501  0.01746670840052755  0.03506042770769771  0.04781396980601254
  0.05801666522056173  0.06707461842676267  0.07585667821380332  0.08476606818691464
  0.09373773684220900  0.10309038352291544  0.11211863908163500  0.12106000982173311
  0.12983708285992340  0.13885237421941116  0.14802801773044744  0.15745672158970267
  0.16659675790122652  0.17633437426819507  0.18733411057420091  0.20196324085323553
  0.22078614281807407  0.23349947554636633  0.24367998068218580  0.25419535783138270
  0.26415218588636319  0.27384982085251802  0.28244071989385627  0.29066393755724124
  0.29927938410481580  0.30878158729075339  0.32148486836484974  0.33669219116000593
  0.34567247645701704  0.35715071263239972  0.36815026226111530  0.37886191359040294
  0.38827431263736467  0.39861510774954734  0.40755632574479150  0.41567347773552193
  0.42314738451948780  0.43091197709444262  0.43925426986508465  0.44777358896874109
  0.45650347086624304  0.46590027096358710  0.47553201714040183  0.48465391709532835
  0.49386332686684625  0.50468745353052258  0.51793609924388118  0.53294030521286273
  0.54825488486536578  0.56530397878016680  0.57910680878470577  0.59031468228086537
  0.60016063938980857  0.60968609796267492  0.61929365244606105  0.62797714951396788
  0.63589449800924380  0.64357894296856333  0.65272949989262463  0.66260175943629929
  0.67216996988896927  0.68132990754112588  0.69075468861618017  0.70139193457597415
  0.71168661708011038  0.72157171052105518  0.73125835734425626  0.74089618152494452
  0.75090486976544280  0.76140104483195048  0.77325045210940946  0.78920731150932411
  0.80593562282009734  0.81795709260547977  0.82727268642134399  0.83706788650377151
  0.84670314665625446  0.85620245227512670  0.86537824042065314  0.87420057890030678
  0.88441270877097089  0.89481555664634682  0.91496577013119740  0.92707161838891239
  0.93753580896293998  0.94652042551910343  0.95577056896757306  0.96552937998217181
  0.97476599049290780  0.98336283939517488  0.99173202943771255  1.00000000000000000
   3.7519677725404462E-006  -1.0000000000000000     
 T T T T F F F F F F F F T T T T F F F F F F F F F F F F F F F F
  <DiscreteSampler_grid>
  grouped_processes
  1 # 1 for a reference and 2 for a running grid.
  10 # Attribute 'min_bin_probing_points' of the grid.
  1 # Attribute 'grid_mode' of the grid. 1=='default',2=='initialization'
  0.0000000000000000 # Attribute 'small_contrib_threshold' of the grid.
  0.5000000000000000 # Attribute 'damping_power' of the grid.
 # binID   n_entries weight   weight_sqr   abs_weight
    10   10   2.702406245557968E+007   7.303000394173365E+014   2.702406245557968E+007
  </DiscreteSampler_grid>
