 -0.00530516902996866  0.00082292085884160  0.01029415269215304  0.02671001097740741
  0.04341325903487045  0.06027892621376513  0.07712784681256618  0.09332022689510178
  0.10849366432671424  0.12368725349832874  0.13882755689912538  0.15384015947906624
  0.16926512112838979  0.18490272132665075  0.20095041247130566  0.21714469610970927
  0.23346594766204332  0.25000255079656736  0.26663430127352628  0.28340186172564108
  0.29978739486214490  0.31603110360513065  0.33207343565513153  0.34792496883792179
  0.36366830560013375  0.37948334763378849  0.39530795328887769  0.41114653998256190
  0.42717067402959741  0.44325812242808749  0.45943102189054558  0.47556658770502058
  0.49166736859526161  0.50787954502321819  0.52409084915171944  0.54024258212470500
  0.55630659575079855  0.57230776403890748  0.58848351696641299  0.60477299479835078
  0.62132932272516572  0.63783405313495101  0.65430675862105281  0.67056888207056076
  0.68667043072844947  0.70251132816984041  0.71864935839952770  0.73489556556172586
  0.75111776577628608  0.76740933320803295  0.78377000680285258  0.80000732517733608
  0.81620450048803406  0.83233643551026615  0.84903886880703971  0.86603015187141019
  0.88338836859001701  0.90118359627034184  0.91960869100110909  0.93239088938622383
  0.94484001293600539  0.95671003950774347  0.96293808881116727  0.96303880155488464
  0.96327102473937298  0.96426491049118856  0.96543937307246364  0.96660903218342742
  0.96780455269446075  0.96900156623223077  0.97017385522602351  0.97135084647578818
  0.97251128857482283  0.97368042413320921  0.97487088850201209  0.97606153408290397
  0.97724447347279675  0.97843406537403255  0.97963720846789659  0.98084112564522508
  0.98202469701890494  0.98322366766853764  0.98443213468253488  0.98563527216498181
  0.98684913642969330  0.98804422293368099  0.98922113457690219  0.99042363259402544
  0.99160922795896245  0.99278854285956908  0.99398593313128003  0.99519333212581584
  0.99641927990880963  0.99761676392685428  0.99882508344512644  1.00000000000000000
 -0.00259345952873251  0.00825689849525326  0.02009583912491507  0.03217996024382820
  0.04518465795510784  0.05923150968658660  0.07218540651818987  0.08469088148570349
  0.09698627235456041  0.10698290773528575  0.11425215440163911  0.12178143676602469
  0.12939910055213003  0.13780386097744562  0.14659313460456039  0.15511080318527201
  0.16376655681521857  0.17590481440096209  0.19078436545358804  0.20589808090466405
  0.21971345608361703  0.23276678107797480  0.24600711515742341  0.26003353674748675
  0.27721767479064469  0.29499746212917344  0.31118418135622516  0.32512100550834938
  0.33768659137703527  0.35066236810210288  0.36365730405564933  0.37592382632392973
  0.38403077472308378  0.39308897946701982  0.40262102308082004  0.41091403604756527
  0.41860746271352872  0.42663339547346818  0.43610556622785596  0.44962570469651036
  0.46521184661628401  0.48031349839958992  0.49333699067457065  0.50583161783805530
  0.51801667677017305  0.53070605057729225  0.54482364336473277  0.56171082102335834
  0.57002756597701743  0.57752831084891998  0.58468422368344775  0.59176075347135892
  0.59899858344258483  0.60600981562795808  0.61324194426040723  0.62093863219928769
  0.62920718816144794  0.63809456507204665  0.64689543417836803  0.65588666720730793
  0.66442777618203386  0.67184010376630376  0.67921433024586653  0.68879969276315489
  0.70300480749742222  0.71519259282002112  0.72389330313821476  0.73309904991952712
  0.74253017085947270  0.75103027911411402  0.75770219275412232  0.76399787918642403
  0.77051701533812822  0.77828816339260720  0.78719964781705831  0.79618300156279664
  0.80413296015151492  0.81329798120439689  0.82608597821263474  0.83804818116892710
  0.84538699892983515  0.85302054967355934  0.86161258792938888  0.87138466983345653
  0.88172010956878810  0.88995303807943349  0.89869548321121462  0.90971501975269464
  0.92337065631057746  0.93790813372820325  0.95261113238237560  0.96529828592046796
  0.97602954653682783  0.98505193055134810  0.99275624094625670  1.00000000000000000
   3.4765182398812911E-003  -1.0000000000000000     
 T T T T F F F F F F F F T T T T F F F F F F F F F F F F F F F F
  <DiscreteSampler_grid>
  grouped_processes
  1 # 1 for a reference and 2 for a running grid.
  10 # Attribute 'min_bin_probing_points' of the grid.
  1 # Attribute 'grid_mode' of the grid. 1=='default',2=='initialization'
  0.0000000000000000 # Attribute 'small_contrib_threshold' of the grid.
  0.5000000000000000 # Attribute 'damping_power' of the grid.
 # binID   n_entries weight   weight_sqr   abs_weight
    10   10   4.608706488000385E+009   2.124017863137260E+019   4.608706488000385E+009
  </DiscreteSampler_grid>
