  0.02813410338962127  0.03524253571361807  0.04336899762835288  0.05260549789457643
  0.06266388961736108  0.07286193299853003  0.08290015094090644  0.09322964720094201
  0.10433959255412040  0.11876527203112276  0.13423637145145931  0.15037118394153431
  0.16626319660637007  0.18068324112018266  0.19235053034328353  0.20079116235625952
  0.21104164472337061  0.22104598723928109  0.23104944496591770  0.23854372846948402
  0.24584018780725900  0.25591820846528301  0.26205721426322787  0.26864690061004026
  0.27523553878192997  0.28171712844420405  0.28987642817721387  0.29991056053757192
  0.31052603810874635  0.32011378095577303  0.32963859028965969  0.33972243559123178
  0.35034876846790758  0.36143785637706749  0.37388569724096238  0.38853267791183005
  0.40605781449324796  0.42042916475834713  0.43304935359148061  0.44417403397965255
  0.45387069267870972  0.46252054863641334  0.47173822986057934  0.48149516164464035
  0.49134932417607607  0.50079164971096424  0.50849329033035873  0.51781220865223632
  0.52699379597343698  0.53548726135847358  0.54343327786512952  0.55137168767640121
  0.56008745748893229  0.57226541917990836  0.58765041639101356  0.60207533005466440
  0.61316213319275137  0.62339430858709999  0.63291837063350598  0.64189554517568581
  0.65088762097393804  0.66009763511141861  0.67241596333711229  0.68711427317820151
  0.69700870646933000  0.70610090244715706  0.71418165590905414  0.72173397151069063
  0.73013522134095432  0.73921845692437549  0.74704933239786586  0.75574056858526673
  0.76572931625735940  0.77573390909998674  0.78442373983670655  0.79251697976548008
  0.80002600379939748  0.80771626390169626  0.81655637257989888  0.82474786239768560
  0.83298160504296914  0.84598344173435891  0.85785936322721479  0.86716569127566145
  0.87615038886505148  0.88509532269037783  0.89537015638248429  0.90594084904229244
  0.91507627222428634  0.92298295032372646  0.93064621635297762  0.93903733432761838
  0.94769408949289902  0.95822992700866372  0.97266219872599946  1.00000000000000000
  0.02800558822405713  0.03644276412310046  0.04478119690581601  0.05259430486658903
  0.06122596906205663  0.07007143924540654  0.07887632924862877  0.08739085095627855
  0.09640277813031620  0.10761246880612738  0.12051056646133197  0.13317348823393377
  0.14407742312475899  0.15300782450708453  0.16173514762126770  0.17152775077959487
  0.18046225863216184  0.18863649589364775  0.19701413026663736  0.20691818890573313
  0.21662021738470966  0.22533109400935872  0.23329708229496451  0.24063164087371378
  0.24770232979418741  0.25489298966713647  0.26360728534326122  0.27324575275971508
  0.28342202558347152  0.29376646119455979  0.30274687942042050  0.31082067603512686
  0.32006698991535848  0.33070703840096699  0.34158313499020787  0.35027895954221483
  0.36033404630501287  0.37224179978241684  0.38464651808519323  0.39656692776393709
  0.40699160325413314  0.41625996398564274  0.42382076163784393  0.43079343832124956
  0.43807418518316910  0.44512473607767389  0.45202909471554226  0.45959044118220266
  0.46891172813235704  0.47804948460354274  0.48951078103668499  0.50275104640404722
  0.51331648031116794  0.52087033610165878  0.53022002584682026  0.53953868883036626
  0.54883024317559359  0.55842251724967085  0.56947238320884919  0.58266913226844830
  0.59723441075123340  0.60757669241092915  0.61776488796177120  0.62702652856015118
  0.63412074335547552  0.64425229012079677  0.65696697815581739  0.66800735036699088
  0.67798245852866368  0.68895105590943839  0.70215465942155331  0.71708144622051195
  0.73116729400301173  0.74619750325097678  0.76046255474654356  0.77363209631084495
  0.78634517479865984  0.80014444302782894  0.81460195314307982  0.82824259545809076
  0.83977590237954214  0.85003426124788994  0.86141076412903006  0.87185534399174403
  0.88105971070892986  0.89002226334713941  0.90025026278301001  0.91189115325200720
  0.92231161152348440  0.93090885911138732  0.93828935520932155  0.94667443771330084
  0.95630549948000731  0.96537945379761358  0.97025363354125116  1.00000000000000000
 -0.00537929081269412 -0.00155714325915512  0.00955126316266802  0.02734501518469069
  0.04303036692743044  0.05891050174884131  0.07538813133010251  0.09138062966161423
  0.10704984686869350  0.12144176327550749  0.13590804695925501  0.15046686626189784
  0.16480855450421356  0.17921225097166746  0.19379159232310189  0.21113864192233112
  0.22963327588876226  0.24749658944658104  0.26546427768619646  0.28367026655920413
  0.30246405504730395  0.32163840903416047  0.34148316178844712  0.36117565710049843
  0.38051965092905388  0.40060430954516180  0.42099543229234299  0.44090387795736419
  0.46074510451246575  0.48009310080102618  0.49954771814609605  0.51988304247071770
  0.54016100424310143  0.56031282420626383  0.58042293546295753  0.60049147983877782
  0.61989686933958865  0.63914213447614487  0.65897464586765775  0.67865867499245836
  0.69805761449259707  0.71767184336936496  0.73738090588857841  0.75699850121028223
  0.77701040892455331  0.79753849040304980  0.81881231782873731  0.84017960718676798
  0.86118294875993784  0.86388850395675432  0.86436137737270069  0.86520220247201651
  0.86790107398705363  0.87099528764224410  0.87408450336125754  0.87710788829847097
  0.88007773601093686  0.88303070990565580  0.88598341949743475  0.88895079831841295
  0.89166733653905239  0.89427948295547566  0.89708334267162360  0.90000046331119876
  0.90295359265491593  0.90575762956082961  0.90860750258435174  0.91158383618991268
  0.91472599853005687  0.91790095679707284  0.92109783186945593  0.92435372817685746
  0.92739365857199918  0.93057856878102718  0.93368718432924935  0.93668581673477369
  0.93977888937209852  0.94299379949537798  0.94608965978740389  0.94910799675169721
  0.95220115607376021  0.95545774492105351  0.95871964673003196  0.96194164001800098
  0.96499789587873974  0.96801045274638298  0.97117747379778052  0.97440157159286644
  0.97760899571897353  0.98076377883474408  0.98388153781549814  0.98712560539136573
  0.99031699561659114  0.99346925802393204  0.99668838967879003  1.00000000000000000
 -0.00193859417658379  0.00917478494297985  0.01752906258019691  0.02554444392843817
  0.03349836816993728  0.04184086093968566  0.05059378042464426  0.05910872857473005
  0.06751921837971978  0.07630983465427622  0.08506455007814255  0.09349926184720250
  0.10311988671831487  0.11220589328432681  0.12060708260642089  0.12955147632218977
  0.13838165973912664  0.14896727993233108  0.16316293256073935  0.17798785671364242
  0.19147229932956064  0.20534711217328433  0.21904491892367328  0.23161974442043246
  0.24234682765311971  0.25192038608079970  0.26116547375310234  0.26960160671963607
  0.27653869948429433  0.28287918390683353  0.29045587517993265  0.30028818642713156
  0.31015284673468724  0.31909267502180394  0.32719758295222123  0.33437112880269343
  0.34265002621447921  0.35173489501475791  0.36172891500571808  0.36966905362853003
  0.37866625431444045  0.39079105035665912  0.40338985442652148  0.41700865932920222
  0.42816912769490628  0.43733410849321647  0.44603610849254310  0.45510535361302795
  0.46554245089393975  0.47461826342624414  0.48113933987124791  0.49252178351620673
  0.50339185749045678  0.51460702638393641  0.53135021583493791  0.54423825398993153
  0.55655065090444134  0.56830271597640258  0.57954260598931517  0.59093623579765453
  0.60301805110675799  0.61461766275190066  0.62566700081626359  0.63752454723738161
  0.64981034168945140  0.66265587910979684  0.67682984368421018  0.69180359558965698
  0.70512695463633879  0.71449387719974689  0.72261352386932343  0.73150386249766575
  0.73951719975450536  0.74769762166050813  0.75663752471906431  0.76564379645380309
  0.77741648759873394  0.79641892124820257  0.81489379304598342  0.83024529259665103
  0.84165264096854253  0.85160701672489347  0.86108696903747362  0.87014043985395939
  0.87907052620947013  0.88794859806879900  0.89650946366810613  0.90739727448582364
  0.91796369016753077  0.92807358543217688  0.93936628823705060  0.95190898388871126
  0.96503163081637822  0.97902307242034425  0.99014853149582893  1.00000000000000000
 -0.00486174853778908  0.01674971793223832  0.03337349363863503  0.04961363780273476
  0.06601567666075052  0.08149071119116937  0.09534843635889621  0.10868127836602487
  0.12236972346408521  0.13786637341373273  0.15380050617681820  0.16886406604057316
  0.18352690958737364  0.19786975351128139  0.21196729364938632  0.22612864264549379
  0.24023889567491477  0.25365433449345709  0.26441003030387800  0.27362506049672963
  0.28282004748670536  0.29204403539142743  0.30138154143702023  0.30983216455938589
  0.32462616384085075  0.33789005432997832  0.35079643444390735  0.36371657196168633
  0.37651441803818431  0.38931991511751202  0.40054548950187502  0.41078132234139925
  0.42161434225820382  0.43236232887068382  0.44288188037842019  0.45341192264593300
  0.46582390915374094  0.47995252276007289  0.49386669164595143  0.50570677388187413
  0.51734765254514170  0.52678285698362215  0.53723389167888591  0.54662445020230344
  0.55437601636334410  0.56148723602643380  0.56827009896394276  0.57616411030303427
  0.58470765382796852  0.59348820645281031  0.60028477708918815  0.60762639308989363
  0.61629728977647180  0.62344841241661242  0.63086152475860624  0.64058705069977051
  0.64816946878157344  0.65324825149477206  0.66153500125697229  0.67051423622543038
  0.68048385498472175  0.69145789442711503  0.70198847555550459  0.71079529494971039
  0.71747580887728180  0.72399280524594478  0.73103641199516234  0.73875621736410013
  0.74783547841742626  0.75748510827561832  0.76701873146817789  0.77936250849241795
  0.79134363717897116  0.79777668327834772  0.80319504205227521  0.81021858499114574
  0.81934601949761243  0.82870611083980494  0.83834965491723101  0.84702854155496310
  0.85483622979239726  0.86675305783156797  0.87926561219799615  0.89279857495083326
  0.90642507748816736  0.91875801064995410  0.93059216925394517  0.94076751475283515
  0.94937243007897931  0.95792672581536353  0.96447203217578148  0.97025616101403134
  0.97606816784815420  0.98348501552087397  0.99213739524195865  1.00000000000000000
 -0.00244154296007496  0.01051699495301611  0.02092224387304672  0.02978206070352787
  0.03824266453496245  0.04641301204607699  0.05360068009923723  0.06019652869471683
  0.06733739378064924  0.07541022008649474  0.08306409256491619  0.09549825036500126
  0.10765629120729978  0.12060845528837139  0.13402973847339611  0.14765110523851918
  0.16289462490045914  0.17780615936513144  0.19119786476288306  0.20434401752552914
  0.21742324499091981  0.23140072595581826  0.24598165562783547  0.25913734479865813
  0.27180990385826470  0.28469877524119003  0.29969415270617139  0.31641854720920032
  0.33289938512117945  0.34571007007250681  0.35768091696242960  0.36934051336901075
  0.38154309102757145  0.39331942191076041  0.40316307858928241  0.41251070449348137
  0.42310722860144301  0.43399132525617296  0.44392353187195005  0.45334370498050003
  0.46320973288562528  0.47650934568586617  0.49144146884903667  0.50704876952442146
  0.52143635992795589  0.53442280529561259  0.54689546606004891  0.55874030151373244
  0.56722118017923939  0.57543158910040026  0.58495011478548764  0.59221042652045042
  0.59836426930608466  0.60518222359130491  0.61353329667175605  0.62280203295868819
  0.63078874685400765  0.63784575053927650  0.64440013134968654  0.65560519583180299
  0.66684492691640729  0.67658373385375015  0.68329478610538297  0.69078342891519673
  0.70203917331796428  0.71060079217869576  0.71914878081118871  0.73049884974592327
  0.74118095955137342  0.75021408271512313  0.75849625913573815  0.76689046722513765
  0.77890020555806172  0.79216091254529553  0.80309707881959924  0.81309489487317865
  0.82330119454316630  0.83299965308812596  0.84254001052224259  0.85150011860351182
  0.86621463386764419  0.88038956421599102  0.89130197270541589  0.90111183903411507
  0.90986890912111562  0.91809916950960746  0.92573770755401519  0.93395898922895981
  0.94267479630462025  0.95225854512954522  0.96137394277675825  0.96683281106229424
  0.97638588994024411  0.98415652086070082  0.99140204612382032  1.00000000000000000
 -0.00155163878273708  0.00671660189273798  0.01197487387298766  0.01782609052728377
  0.02396560106879661  0.03077535591176058  0.03830637535465545  0.04793439127778309
  0.06129669810031289  0.07377664547504097  0.08405199784188645  0.09463298757786076
  0.10618886231601260  0.11797671427281980  0.13000659753868354  0.14206798369337825
  0.15003726665389167  0.15907695283741610  0.16788407685382567  0.17657452865008572
  0.18484849200515177  0.19501505702366770  0.20773348023606195  0.22122078809108303
  0.23519889961808615  0.24999654406194077  0.26382327160738667  0.27606128320715295
  0.28480126607661788  0.29374502132630187  0.30228759953398682  0.31123915227943838
  0.32114714227871899  0.32976508792223397  0.33773228462008376  0.34642954670243442
  0.35786922028511414  0.37112781658056060  0.38266082135259200  0.39163328443077416
  0.39984915332561854  0.40745820409450012  0.41487137283640252  0.42173383051308833
  0.42865448547261370  0.43581407767786612  0.44259837679294417  0.44923857774583986
  0.45664001323277387  0.46554192158251717  0.47422245613983061  0.48398355008124860
  0.49647958829459310  0.51041901404642587  0.52508982992222863  0.54097629568661743
  0.55507061924748236  0.56875502490712437  0.58214278344493986  0.59542182167045898
  0.60632197317673897  0.61661863578863396  0.62770551875685521  0.63963191739600767
  0.65008538363288781  0.65950794393633261  0.66967031891331552  0.68065706113249180
  0.69134122260571162  0.70073708670195711  0.71037873842169119  0.72098330614258133
  0.73116571093533977  0.73999717790450703  0.74915545338635925  0.75765371614814825
  0.76560264655507337  0.77283587807940135  0.78090753414924607  0.79239627017825887
  0.80779616808827093  0.82752864458864273  0.84333274837196281  0.85828822477319910
  0.87103454699718363  0.88147666184028972  0.89164585168565624  0.90213413943915077
  0.91083193655734029  0.91931692875867588  0.92800538610352190  0.93811818706511496
  0.94952654003792292  0.96332192180351972  0.98065638290528379  1.00000000000000000
 -0.00167998902444230  0.00745259692694419  0.01493085561576997  0.02303869943206232
  0.03114359748436908  0.03898350566948245  0.04703983260421508  0.05510116450530546
  0.06129381533074334  0.06831091992462132  0.07572792873382862  0.08376749153668092
  0.09282034133113631  0.10096581384195322  0.10898672804793384  0.12116917556101407
  0.12983892053189933  0.13993370178355061  0.15094457468364142  0.15979380833076937
  0.16690923783344774  0.17338902432093320  0.18057783964571908  0.18932839943454821
  0.20134640767562978  0.21424324164181238  0.22745970589285849  0.24060935785412707
  0.25560700127778968  0.26993715901115184  0.28398888232290564  0.29802582761063973
  0.31261583338634752  0.32903002218116290  0.34505413566726967  0.35815952406304230
  0.36970195390879701  0.38145013832728569  0.39345848670521516  0.40633587144845529
  0.41682227214567230  0.42614253470472852  0.43521978926224841  0.44420712516246436
  0.45304953352760813  0.46285459675224705  0.47597182360651830  0.49156559408665934
  0.50302631979741708  0.51055512533206227  0.51806290815557210  0.52624701700650522
  0.53477207569094121  0.54433854249589708  0.55277893811348955  0.56168313464459663
  0.57387867265777159  0.58761288122551170  0.60169433964625907  0.61592458328887789
  0.63156921878099903  0.64756696655927182  0.66274442536926581  0.67534192652768765
  0.68419452044937756  0.69292222688792615  0.70179901704740755  0.71130014946846698
  0.72099534053267544  0.73096269460414864  0.73966782956646526  0.74836464778304845
  0.75599320306731455  0.76431348213425976  0.77311569964912452  0.78354722932526977
  0.79449359566691968  0.80637439287041091  0.81781522570695875  0.82745914443380619
  0.83758073882248452  0.84941113969622750  0.86271926748600380  0.87804482167431597
  0.89264538365225876  0.90840833410393385  0.92030496865779887  0.92887127753273901
  0.93684690562279493  0.94522080682852039  0.95333577914568945  0.96092408841772881
  0.96820487338211658  0.97643865901422611  0.98607834364660318  1.00000000000000000
   6.9552109609580153E-006  -1.0000000000000000     
 T T T T T T T T T T T T T T T T T T T T T T T T T T T T T T T T T T T T F F F F F F F F F F F F F F F F F F F F F F F F F F F F F F F F F F F F F F F F F F F F F F F F F F F F F F F F F F F F F F F F F F F F F F F F T T T T T T T T T T T T T T T T T T T T T T T T T T T T T T T T T T T T F F F F F F F F F F F F F F F F F F F F F F F F F F F F F F F F F F F F F F F F F F F F F F F F F F F F F F F F F F F F F F F F F F F F F F F F F F F F F F F F F F F F F F F F F F F F F F F F F F F F F F F F F F F F F F F F F F F F F F F F F F F F F F F F F F F F F F F F F F F F F F F F
  <DiscreteSampler_grid>
  grouped_processes
  1 # 1 for a reference and 2 for a running grid.
  10 # Attribute 'min_bin_probing_points' of the grid.
  1 # Attribute 'grid_mode' of the grid. 1=='default',2=='initialization'
  0.0000000000000000 # Attribute 'small_contrib_threshold' of the grid.
  0.5000000000000000 # Attribute 'damping_power' of the grid.
 # binID   n_entries weight   weight_sqr   abs_weight
    10   10   1.614019608623940E+005   6.437859225659906E+010   1.614019608623940E+005
  </DiscreteSampler_grid>
