 -0.00481635795057977  0.00387979745722116  0.01520773077878087  0.03046294844546617
  0.04603631308285401  0.06111690418333679  0.07438831127331898  0.08663662817985904
  0.09855791268524826  0.11054055286807542  0.12244144778238993  0.13489592842049719
  0.14798787852712442  0.16177189618657678  0.17543266774475630  0.18895834139076315
  0.20267679927036250  0.21641899964299594  0.23018168876996170  0.24386442769487290
  0.25755325338278029  0.27127711883307720  0.28528608639520653  0.29937774602737333
  0.31343725172330278  0.32742400789488502  0.34138091173525709  0.35544529167284922
  0.36944134576688969  0.38337168866590449  0.39750984098461384  0.41151541499357086
  0.42526642438058693  0.43914466437550287  0.45301434914768840  0.46679877356976041
  0.48037224312063431  0.49389212251508369  0.50746689791981747  0.52103220499260872
  0.53454969036723243  0.54786622616747249  0.56113438975705310  0.57440015281488288
  0.58777896751140613  0.60102426334483394  0.61423096991876935  0.62757894107494894
  0.64089430465826602  0.65420367552524783  0.66773146266292294  0.68117755931386115
  0.69455747299306270  0.70801136664838604  0.72140206896265147  0.73475219203118958
  0.74847349796019991  0.76233161721371756  0.77632064593142336  0.79023836285512861
  0.80419036748264106  0.81818559216330022  0.83223806138903955  0.84633703769060864
  0.86050514434404146  0.87480385181461118  0.88919169147069599  0.90372499501233061
  0.91817773209417619  0.93248679815819047  0.94629533952404821  0.95948572589825876
  0.97253371438816827  0.98704304541789256  0.99269111540098831  0.99368135788033696
  0.99372628911922101  0.99394477876902176  0.99427778804961642  0.99461116627057000
  0.99495180578597064  0.99528951360601126  0.99562595302012025  0.99596272092528471
  0.99630026418862738  0.99663809886556709  0.99697750713900202  0.99731467582121835
  0.99764990158991673  0.99798592470990533  0.99832391867392312  0.99865981570160933
  0.99899653120536669  0.99932834840110041  0.99966809070473706  1.00000000000000000
 -0.00557663526181775  0.01688254982648708  0.02714540535464660  0.03474577048436905
  0.04329499250829158  0.05195745908563263  0.06075300452359704  0.06972871073199109
  0.07818429570845958  0.08652257421236900  0.09511962227242114  0.10448141542524889
  0.11293701244171132  0.12062159859486242  0.12812071721741933  0.13549834193333371
  0.14248550332442181  0.14999395536145829  0.15803309001868895  0.16608269112385027
  0.17376874682388441  0.18175656986205901  0.18998846886296367  0.19813418728861901
  0.20607146549609184  0.21359578475814167  0.22065471354508781  0.22832675146365819
  0.24001867165050456  0.25270263848765678  0.26119582642761624  0.26937854069885131
  0.27814898401447097  0.28723302025990977  0.29639514216743296  0.30609459447001180
  0.31849878317475167  0.33515081835578597  0.35547062263705709  0.37469434594028977
  0.39418079016638974  0.41305110781258841  0.43171336868000154  0.45183025959056794
  0.46255601317090195  0.47177011565973742  0.48021711809179257  0.48878508588825492
  0.49742286440153455  0.50631243012780758  0.51463630254380999  0.52322345303277373
  0.53221422827404075  0.54190812007845479  0.55152539286433988  0.56099949663818460
  0.57002191280224512  0.57880527973208018  0.59007234243969287  0.60547227600786768
  0.62199046385178081  0.63606519664562744  0.64788793750367657  0.65656086789162527
  0.66478277860358481  0.67367581770091145  0.68213010869724122  0.68976690043443467
  0.69699982051650666  0.70486107800734032  0.71253936418434072  0.71985354195603857
  0.72706429232952918  0.73473569604308064  0.74260566303687936  0.75070160288504140
  0.75895260961731781  0.76695879556022617  0.77546949253076203  0.79116294269052445
  0.80697673677486670  0.82208811209164545  0.83694988964048644  0.85158269471844639
  0.86570638967226421  0.87964308667842728  0.89343493753389769  0.90753355537806513
  0.92256594497387723  0.93894376760999032  0.95370334384744171  0.96490309213912440
  0.97401951572055701  0.98257882245670558  0.99102749457202444  1.00000000000000000
   2.7353861684480536E-006  -1.0000000000000000     
 T T T T F F F F F F F F T T T T F F F F F F F F F F F F F F F F
  <DiscreteSampler_grid>
  grouped_processes
  1 # 1 for a reference and 2 for a running grid.
  10 # Attribute 'min_bin_probing_points' of the grid.
  1 # Attribute 'grid_mode' of the grid. 1=='default',2=='initialization'
  0.0000000000000000 # Attribute 'small_contrib_threshold' of the grid.
  0.5000000000000000 # Attribute 'damping_power' of the grid.
 # binID   n_entries weight   weight_sqr   abs_weight
    10   10   2.451293599689744E+007   6.008840361553730E+014   2.451293599689744E+007
  </DiscreteSampler_grid>
