 -0.00650875902654831  0.00261183909636263  0.01423797826985105  0.03363566119238277
  0.05318878339359275  0.07290167254019664  0.09215434737415552  0.11112003391136931
  0.12878442894555928  0.14648081459551451  0.16421134199010617  0.18166856071211795
  0.19929980247855744  0.21765982073248691  0.23606020635144506  0.25449399266871964
  0.27315393249555520  0.29190912012393744  0.31088940507670926  0.32993383463282150
  0.34902639949493502  0.36776657837666482  0.38643822432833530  0.40498835741918771
  0.42339112539630802  0.44169421301561340  0.46016010520086392  0.47864306538968948
  0.49712887560353025  0.51562273960979610  0.53412293411375866  0.55265149382143219
  0.57117737468105190  0.58967342154064917  0.60824350770774815  0.62688805846554618
  0.64529440163159524  0.66366144272374761  0.68210891899554760  0.70073653698596861
  0.71960931541824846  0.73876937715482605  0.75803241909654351  0.77719076687208521
  0.79714979751027437  0.81859097542408155  0.84081253417240176  0.86353377786754848
  0.87459484847020263  0.87853246292532550  0.87903334291587654  0.87995982353492808
  0.88240398606331971  0.88509255272386000  0.88779277963992043  0.89047262466349031
  0.89311604799506672  0.89575377012905877  0.89840186307518333  0.90109730429892410
  0.90377671094616696  0.90645644488243959  0.90913677419580841  0.91178765497833014
  0.91442248411746208  0.91707349674095895  0.91976623305769623  0.92248960462493024
  0.92518952671652754  0.92784014838865714  0.93049672902147507  0.93318142637500945
  0.93589427604546349  0.93863647891243529  0.94138065962887529  0.94409341095165189
  0.94682375150296294  0.94958689204228941  0.95235125186415159  0.95509309583991486
  0.95785566339612704  0.96066446480777778  0.96346345008499745  0.96625409972938903
  0.96903832354477237  0.97180322754993509  0.97453324819331377  0.97729014087371746
  0.98009885754364490  0.98294472766573548  0.98583511304740956  0.98874136554041814
  0.99157279940693177  0.99440756190586477  0.99722568681158130  1.00000000000000000
 -0.00242983662930121  0.00893756693902879  0.02122963158326695  0.03291604070123024
  0.04776893596538670  0.06053193885156279  0.07272037661973131  0.08498768075420315
  0.09750132470165861  0.10769781443479177  0.11597920497063867  0.12380590875481895
  0.13231555216639548  0.14089378871260674  0.14955293744487030  0.15813565465590718
  0.16774058515838830  0.18241669890177542  0.19544357711103380  0.20760628225573166
  0.21951288312386416  0.23172854856229341  0.24513237336743779  0.26025595958908948
  0.27579132581751081  0.28940672616924001  0.30189288233736122  0.31453497116712675
  0.32651226515691600  0.33892153553281013  0.35189659809265095  0.36516687948043858
  0.37790473303457994  0.38793493543335122  0.39633466591795574  0.40433941711538335
  0.41262286085044231  0.42205801053114494  0.43137013760959797  0.44113326701164457
  0.45272965540059229  0.46438574611548228  0.47603367615454556  0.48812026712604822
  0.50091538218714804  0.51448521229200983  0.52781915676369939  0.54098387384849511
  0.55445813808863242  0.56491025599007505  0.57220790120394760  0.57996207997175908
  0.58769426877491004  0.59510333654022807  0.60331152931690668  0.61208159060424860
  0.62009267253977796  0.62841206901894353  0.63745759635989285  0.64677570984097377
  0.65538015593404442  0.66390469599300939  0.67333140005267356  0.68217540414662214
  0.69393599357997526  0.70579020231389777  0.71617691043404386  0.72576423548227520
  0.73542992787086581  0.74468412257411642  0.75235715040860329  0.75917261367339217
  0.76651285161148974  0.77541317767210283  0.78540548055603177  0.79459337958593668
  0.80275265088914605  0.81098457526152845  0.82187940592873843  0.83466136290835624
  0.84285934947437657  0.85115334339901927  0.86032842644065255  0.87051994948479861
  0.88115820381986421  0.89038102747579384  0.89874220513812275  0.90941904050559663
  0.92138749185953650  0.93420314615368139  0.94777654898679242  0.96101485511892604
  0.97166839889154744  0.98223768024666636  0.99139372666294989  1.00000000000000000
   6.8597261440711804E-003  -1.0000000000000000     
 T T T T F F F F F F F F T T T T F F F F F F F F F F F F F F F F
  <DiscreteSampler_grid>
  grouped_processes
  1 # 1 for a reference and 2 for a running grid.
  10 # Attribute 'min_bin_probing_points' of the grid.
  1 # Attribute 'grid_mode' of the grid. 1=='default',2=='initialization'
  0.0000000000000000 # Attribute 'small_contrib_threshold' of the grid.
  0.5000000000000000 # Attribute 'damping_power' of the grid.
 # binID   n_entries weight   weight_sqr   abs_weight
    10   10   5.163937042945703E+009   2.666801852686116E+019   5.163937042945703E+009
  </DiscreteSampler_grid>
