 -0.00249080363659036  0.00511164049608017  0.01641094447933827  0.03073771347642889
  0.04620704800479483  0.06143993936384456  0.07703866685642090  0.09137046696924914
  0.10517314061644799  0.11863833089753929  0.13146266721349556  0.14447134351518917
  0.15754527463182122  0.17039391650721195  0.18327679670249700  0.19667396148674654
  0.21080629412780194  0.22513463849354190  0.23954543739820691  0.25393828226525100
  0.26820161775014145  0.28249264895818826  0.29679266757549227  0.31110813972054802
  0.32543901438334816  0.33976520847535907  0.35412171486092353  0.36851298285377798
  0.38294335090185500  0.39741994287814353  0.41189207258354765  0.42635984171004387
  0.44084009664434953  0.45535287207635716  0.46986899446468966  0.48441785626170059
  0.49896735586175467  0.51348672595585976  0.52791273704008090  0.54230112715445955
  0.55668819994007857  0.57107940183352179  0.58546446155470067  0.59988181728824408
  0.61443008341629513  0.62904842305235287  0.64366746486179016  0.65831914952809911
  0.67297636735298128  0.68766661081259095  0.70236090903465342  0.71688391084350855
  0.73145471021485131  0.74592858434552467  0.76051603406828894  0.77555955793260745
  0.79087255050794314  0.80670743435796011  0.82271310955740762  0.83858395107116179
  0.85755926663132132  0.87209076962177778  0.87818403891390417  0.87925193514373190
  0.88201620856358431  0.88573902295900997  0.88941011148115312  0.89312577087461520
  0.89683021169544097  0.90048793242253844  0.90422567379569485  0.90798812678525342
  0.91173601372172197  0.91548693086277488  0.91921743857701288  0.92294478166386218
  0.92668313907451960  0.93043141756820380  0.93420003724684408  0.93798576804660883
  0.94179536048419932  0.94561847329531112  0.94942045027842747  0.95322721648431497
  0.95707794427808446  0.96092325981202009  0.96480410724552379  0.96867064120270463
  0.97254467953545221  0.97645554106641896  0.98037285326880708  0.98426602696240562
  0.98814620125901076  0.99206457633169365  0.99602470869450377  1.00000000000000000
 -0.00227976589313578  0.00904182886529126  0.01852276265925350  0.02841308168718867
  0.03733623356813949  0.04645674011069122  0.05516432081076227  0.06389392465351476
  0.07286699770158885  0.08207498965161500  0.09176030136238730  0.10194725699564107
  0.11201060899758826  0.12205536258926165  0.13348548300235111  0.14591023564766589
  0.15823118179207979  0.17075669950642106  0.18384899354918463  0.19479456117587624
  0.20464889440418785  0.21511989883910179  0.22506520751435893  0.23447988701218664
  0.24306597512466607  0.25259831939914190  0.26361316864752532  0.27480666773216994
  0.28418269483867298  0.29263511501811912  0.30058498449371979  0.30906437899043826
  0.31793214225220018  0.32640724122730341  0.33533475965719978  0.34480210087132052
  0.35342978595286806  0.36437018942415733  0.37615640459431904  0.38811067067258292
  0.40034121000681466  0.41284353965404436  0.42530466121698535  0.43734614776779501
  0.44910425513505586  0.46116879045425757  0.47408981067065004  0.48772234844302481
  0.50024992607034424  0.51039928000963641  0.51954589393874473  0.52867025114213428
  0.53811833485522664  0.54866740224701960  0.55823695815563024  0.56951476481103247
  0.58239709981406640  0.59457194784713774  0.60582239602303201  0.61602073834914794
  0.62614388054194259  0.63589386379280100  0.64543210918049232  0.65473600623164807
  0.66426773155886709  0.67547263996107243  0.68699898882899457  0.69929717763379506
  0.71153819028840470  0.72370458343121691  0.73566754277306390  0.74786610564765921
  0.75997250861813326  0.77086805687051518  0.78033636745116053  0.78977905896357348
  0.79996380147997803  0.81019697629253440  0.82006197681998472  0.82984082659525171
  0.84015823637217302  0.85128866280906490  0.86131087407846307  0.87134685163580516
  0.88098841897498159  0.89019591015152377  0.90012090157515356  0.91096254442339064
  0.92366781389276664  0.93695521671631266  0.94943381788246406  0.96031857786263208
  0.97007043234377222  0.98047507274874246  0.99048485357531102  1.00000000000000000
   1.7515469444052175E-004  -1.0000000000000000     
 T T T T F F F F F F F F T T T T F F F F F F F F F F F F F F F F
  <DiscreteSampler_grid>
  grouped_processes
  1 # 1 for a reference and 2 for a running grid.
  10 # Attribute 'min_bin_probing_points' of the grid.
  1 # Attribute 'grid_mode' of the grid. 1=='default',2=='initialization'
  0.0000000000000000 # Attribute 'small_contrib_threshold' of the grid.
  0.5000000000000000 # Attribute 'damping_power' of the grid.
 # binID   n_entries weight   weight_sqr   abs_weight
    10   10   7.580356685387971E+008   5.747029178542628E+017   7.580356685387971E+008
  </DiscreteSampler_grid>
