 -0.00471548076887546  0.01486686565014964  0.03229413701269328  0.04969776955819191
  0.06718089886934164  0.08431411202477733  0.09855110497386785  0.11310765658890384
  0.12790393255552129  0.14265044319258238  0.15782789153429722  0.17334888393455614
  0.19008462909039375  0.20669176552773436  0.22312572898057506  0.23958980762809609
  0.25602336792116159  0.27229601983515439  0.28861365196512939  0.30495991688860646
  0.32118921325352301  0.33738790560843995  0.35354332294754159  0.36959727437842416
  0.38563107063774599  0.40168376724732907  0.41770161391186172  0.43369290535034793
  0.44974678649031646  0.46577903311911978  0.48176243036529492  0.49755560395021575
  0.51326057728035246  0.52883418615849520  0.54436213651359866  0.55983745184859646
  0.57502094088091860  0.59014252741877093  0.60527908847285605  0.62045453085020064
  0.63566635472623501  0.65083834820357434  0.66599007333851945  0.68109496623232768
  0.69614729371555639  0.71116412196397116  0.72612574540068897  0.74104901162627179
  0.75589086235718905  0.77076017499244998  0.78564056867900611  0.80043444576941725
  0.81509343211476093  0.82954213968493040  0.84398985896372081  0.85841604974609020
  0.87258625060013961  0.88731610960262342  0.90293364847661728  0.91887812324960183
  0.93497983354302228  0.95272786224501860  0.96581182426338497  0.97125879332133214
  0.97412078873640973  0.97511920029912535  0.97526305407547675  0.97588408085062761
  0.97674994587599384  0.97760245007049462  0.97845304838918046  0.97930380052497712
  0.98015674642749551  0.98101346244049903  0.98187720665807410  0.98272743704510845
  0.98357429193732870  0.98442605410804607  0.98528433258241299  0.98616378722358744
  0.98703154191057951  0.98788664280042260  0.98875420942496772  0.98961886965883716
  0.99047901842723285  0.99133911590948354  0.99220221076927639  0.99306932474667575
  0.99393318245659845  0.99480095186382056  0.99566884165763225  0.99653708890455173
  0.99740135749729564  0.99826146589316755  0.99912842886037767  1.00000000000000000
 -0.00405544397572990  0.01228219005743345  0.02684003449562503  0.04094822449797888
  0.05538020227063330  0.07017655504163656  0.08368079580000209  0.09379485515190468
  0.10321676734520434  0.11279397919837317  0.12242194281248371  0.13162320360662721
  0.14109843911805517  0.15255034551374530  0.16732808660116363  0.18324513147207339
  0.19864318163793859  0.21452765926175929  0.22770972100663794  0.23695820987174290
  0.24509332126875460  0.25296990163864097  0.26091230753724282  0.26977139767459002
  0.27785612349503119  0.28487757394099561  0.29162941417016597  0.29897030089376236
  0.30698221545827203  0.31454003988271867  0.32177669605797721  0.32907214603801788
  0.33628037253917409  0.34327287890746250  0.35011376247156201  0.35745853629170327
  0.36530236777784758  0.37347758100112588  0.38180528245037215  0.39020717249864056
  0.39915494441261579  0.41385944219338749  0.42885447313084391  0.44345886859770645
  0.45679685201541126  0.46782331461667309  0.47698941652872390  0.48668081926083007
  0.49655547576235265  0.50637904490464103  0.51572460610036197  0.52662980421538896
  0.53860866179315892  0.54839957807854400  0.55617627158909244  0.56469248928270266
  0.57374954606790929  0.58309448293061417  0.59212628962323288  0.60151988107641741
  0.61407372437071073  0.62958549683040510  0.64468277502679039  0.65560877844382970
  0.66611345405764910  0.67627574836730486  0.68627851819583041  0.69654871619312031
  0.70604874780572047  0.72191279627758820  0.73774587380687751  0.75202023438360788
  0.76568514095187790  0.77919101659469381  0.79249295611953918  0.80596674005312718
  0.81754318926151059  0.82674203527998447  0.83631727193923888  0.84474552598064101
  0.85305787977228165  0.86061910952070575  0.86788124979904258  0.87560875055980747
  0.88398865587567610  0.89269383713995476  0.90104666315549931  0.90921926932477015
  0.91669040104644095  0.92599807350241714  0.93535281755770905  0.94451509350028884
  0.95313131977432608  0.96458914174963850  0.98154382734236856  1.00000000000000000
   3.5020926040012406E-006  -1.0000000000000000     
 T T T T F F F F F F F F T T T T F F F F F F F F F F F F F F F F
  <DiscreteSampler_grid>
  grouped_processes
  1 # 1 for a reference and 2 for a running grid.
  10 # Attribute 'min_bin_probing_points' of the grid.
  1 # Attribute 'grid_mode' of the grid. 1=='default',2=='initialization'
  0.0000000000000000 # Attribute 'small_contrib_threshold' of the grid.
  0.5000000000000000 # Attribute 'damping_power' of the grid.
 # binID   n_entries weight   weight_sqr   abs_weight
    10   10   2.508129190268204E+007   6.290733685978136E+014   2.508129190268204E+007
  </DiscreteSampler_grid>
