 -0.00357542768825240  0.01077246518599470  0.02336966621275779  0.03561808677953154
  0.04817233390627611  0.06076560427871296  0.07232291321368385  0.08211767997788418
  0.09252970812055036  0.10295400440504186  0.11327835688160745  0.12323880148476607
  0.13397593782528308  0.14531750295020532  0.15718924474025384  0.16937033818863745
  0.18146641378207440  0.19350867226619214  0.20549260647348927  0.21748695800263496
  0.22947378379587108  0.24140012518541853  0.25329327911645810  0.26522179390394884
  0.27718447030321108  0.28894787827841834  0.30075501256699799  0.31261042298654551
  0.32444600045121397  0.33627907024701181  0.34819382049334535  0.36023730114254243
  0.37223464058004485  0.38426047022293730  0.39621318407366984  0.40812698733136782
  0.42001107222865358  0.43186468337234418  0.44370490106412458  0.45558323729169409
  0.46752556488048613  0.47927904262499399  0.49101973031688695  0.50273945083797045
  0.51446288988329592  0.52620181642659825  0.53791611913340909  0.54963593824191659
  0.56134981311959919  0.57311242699438747  0.58485084927188780  0.59662606293541198
  0.60850350530664266  0.62042865327063512  0.63217766248970519  0.64395593971934095
  0.65569184436289762  0.66742936205590742  0.67919597405124810  0.69103625080636089
  0.70296594344612651  0.71488635206468454  0.72674209285570557  0.73862282447690819
  0.75049659702939864  0.76237811952334122  0.77426638040274687  0.78615597999848363
  0.79808328068877477  0.80992829217348283  0.82173322060700771  0.83343675221302016
  0.84510196811097693  0.85676681142199940  0.86842378064832970  0.88011617908116824
  0.89212877527532042  0.90412350632857630  0.91611604102119215  0.92804591680427739
  0.93984186474845521  0.95131155347508578  0.96189999727184050  0.97318780890579926
  0.98422280123321138  0.99282488108604183  0.99370435352310849  0.99422603738171911
  0.99494970294839491  0.99567604571227142  0.99640010111845434  0.99712161506697472
  0.99783623362974949  0.99856010352915003  0.99927633653704395  1.00000000000000000
 -0.00190423838324837  0.00843253235111156  0.01613560242648671  0.02419419011001379
  0.03247543056675231  0.04105739519461554  0.05045844225805374  0.06018670955470646
  0.06998129812108726  0.08003186291032183  0.08999444245724340  0.09986608929747831
  0.10944676298014533  0.11942069393153752  0.13068744955359135  0.14319241558407403
  0.15646485324470147  0.16995747691763149  0.18337475167736608  0.19673484213647710
  0.20853495307328676  0.21768750911975882  0.22680445170760838  0.23539406155893736
  0.24374396601846995  0.25192846996470297  0.25975507201030135  0.26724841724081594
  0.27541925263515132  0.28428599282483541  0.29321519496520626  0.30205794010841708
  0.31116316255472198  0.32116159455761134  0.33160104425409165  0.34174259805794810
  0.35228074393507469  0.36502178146865533  0.38027519994023051  0.39549069645842688
  0.41032491186838854  0.42516216180414296  0.44005976200055963  0.45402903288267066
  0.46486498908302687  0.47371924092990125  0.48325339953739066  0.49339556628982595
  0.50402213817568098  0.51398299968381833  0.52450016327676663  0.53864521393941500
  0.54785366561724791  0.55709125699225204  0.56668052397374635  0.57668965350301804
  0.58674445752171112  0.59701721418228004  0.60734440854328020  0.61762975026896982
  0.62787659996303724  0.63822861628019034  0.64833790258194079  0.65783012823284293
  0.66773800189739529  0.68030947664030361  0.69395196682924853  0.70882520357729772
  0.72195763407702429  0.73318040545523411  0.74294859360485910  0.75236506109473555
  0.76184430328958941  0.77145581749045511  0.78112544692712005  0.78975989052794993
  0.80209284272173975  0.81609757070327338  0.82993648028088907  0.84358914530782114
  0.85755784354064191  0.87102087037758624  0.88180079199170769  0.89123408824711536
  0.90159285269347578  0.91246501043935879  0.92190708752788975  0.92984811608887485
  0.93806972302250802  0.94651214866080358  0.95505796646764995  0.96344510102899528
  0.97170057536524734  0.98031609850309931  0.98999259892218117  1.00000000000000000
   6.6643834919502308E-006  -1.0000000000000000     
 T T T T F F F F F F F F T T T T F F F F F F F F F F F F F F F F
  <DiscreteSampler_grid>
  grouped_processes
  1 # 1 for a reference and 2 for a running grid.
  10 # Attribute 'min_bin_probing_points' of the grid.
  1 # Attribute 'grid_mode' of the grid. 1=='default',2=='initialization'
  0.0000000000000000 # Attribute 'small_contrib_threshold' of the grid.
  0.5000000000000000 # Attribute 'damping_power' of the grid.
 # binID   n_entries weight   weight_sqr   abs_weight
    10   10   1.525819150486456E+008   2.328124092450030E+016   1.525819150486456E+008
  </DiscreteSampler_grid>
