 -0.00224680153138535  0.00541907885995817  0.01623780447141494  0.02906204775987997
  0.04241859916671774  0.05570722333830157  0.06909532171033037  0.08165408298837197
  0.09399016540178334  0.10582176195347900  0.11748962136779562  0.12928316581399582
  0.14099310551785482  0.15249886505924129  0.16457470478289327  0.17690459261462432
  0.18976841148092796  0.20301180077698838  0.21610980900166726  0.22916435354727119
  0.24221622889281114  0.25524565879125083  0.26822665466448459  0.28113501126202950
  0.29400909253586388  0.30688674847272956  0.31981718270931786  0.33275729959377215
  0.34565416721010167  0.35851113964201520  0.37143844106808432  0.38439552919573894
  0.39738872265795711  0.41039983914380446  0.42338633902791672  0.43639912297172267
  0.44939360481851470  0.46241774119678936  0.47546163864524688  0.48850844076821842
  0.50163964539960693  0.51477168690947894  0.52794433899395488  0.54110267841806103
  0.55421977372242603  0.56733316888301455  0.58048686177692999  0.59363703573061644
  0.60676566704771362  0.61987742074640395  0.63299854033856218  0.64619247535060231
  0.65930041268727813  0.67236707942499119  0.68547654167800043  0.69867769685216452
  0.71190036190568762  0.72513866668388971  0.73844182599840436  0.75177967426295689
  0.76512899980145699  0.77848221342118096  0.79180898592140836  0.80510984878148029
  0.81839702270556292  0.83173576093319079  0.84524539316483815  0.85936634361685349
  0.87340893216288151  0.88748201288992523  0.90135294514742348  0.91470987032735396
  0.92759674773634226  0.93870524643542219  0.95157041810154319  0.96095155412161470
  0.96304390490802705  0.96420566777790928  0.96617722295019948  0.96814027441759642
  0.97012004583443467  0.97212006214680402  0.97410511054583759  0.97608043027030933
  0.97806184773330418  0.98005268463700124  0.98202744513816043  0.98400921411174980
  0.98599021055299052  0.98797737145929454  0.98997571727955647  0.99197118997402256
  0.99396102501997996  0.99596822253982575  0.99797564427824303  1.00000000000000000
 -0.00215584145649339  0.00872670080863650  0.01883644422153506  0.02944202703138578
  0.04034582967576581  0.04996162836178789  0.05923404305811460  0.06853154172080589
  0.07794825163188708  0.08742406630737291  0.09711614942949889  0.10729889482107442
  0.11782526204174588  0.12926975913061495  0.14363918253913999  0.15356727904297010
  0.16382992269116273  0.17436918663080653  0.18518146864773133  0.19554982620954917
  0.20558758472261460  0.21571731785751355  0.22551839870065254  0.23524132284080451
  0.24499919724817287  0.25483782201702182  0.26475413103141676  0.27514270704696669
  0.28728853627484746  0.30139874202278011  0.31451626242307840  0.32730689190820822
  0.33860730955069573  0.34816538036931394  0.35791292243275991  0.36774801725528655
  0.37799281069021179  0.38820882529472389  0.39996632400048793  0.41343933239697189
  0.42520397043411357  0.43508166154194911  0.44449287093379070  0.45403646703630374
  0.46337400040350979  0.47241545522067996  0.48119183172728675  0.49004257923285138
  0.49859111867753542  0.50743690285875842  0.51663771236901279  0.52624759328639292
  0.53545990465684856  0.54590448719314300  0.55883508343378041  0.57199132953229082
  0.58402508154862631  0.59470391257152955  0.60444129332313379  0.61435220022103854
  0.62389334212907843  0.63295758175098749  0.64212461189623771  0.65221417601290277
  0.66264757586177259  0.67237174298130864  0.68219367841971634  0.69379369563379556
  0.70608371829929018  0.71761180288632886  0.72797290229521561  0.73710421981369301
  0.74618665462195388  0.75558326078097626  0.76488471702495842  0.77379914105442593
  0.78222270692729956  0.79084375140869678  0.80367701014675996  0.81548698511943563
  0.82577801454689093  0.83651131637188259  0.84754568992221524  0.85851138466111732
  0.86897395960337509  0.87881460375974463  0.88846698372319877  0.89852962461892194
  0.90958612613069922  0.92098622539111397  0.93266654281884243  0.94555125568219656
  0.95935493649308923  0.97309888666358957  0.98660262425013523  1.00000000000000000
   8.7210244671122081E-005  -1.0000000000000000     
 T T T T F F F F F F F F T T T T F F F F F F F F F F F F F F F F
  <DiscreteSampler_grid>
  grouped_processes
  1 # 1 for a reference and 2 for a running grid.
  10 # Attribute 'min_bin_probing_points' of the grid.
  1 # Attribute 'grid_mode' of the grid. 1=='default',2=='initialization'
  0.0000000000000000 # Attribute 'small_contrib_threshold' of the grid.
  0.5000000000000000 # Attribute 'damping_power' of the grid.
 # binID   n_entries weight   weight_sqr   abs_weight
    10   10   7.581162545282257E+008   5.747414896356224E+017   7.581162545282257E+008
  </DiscreteSampler_grid>
