 -0.00440823093888471  0.01010979206360548  0.02521953535728740  0.04105606135786729
  0.05708031506502229  0.07270098626128929  0.08753071904103986  0.10109162708900417
  0.11452301742340554  0.12809500063854035  0.14145143768182050  0.15528185749772141
  0.16962020161701286  0.18569745625788217  0.20163343764927311  0.21736967847610053
  0.23297427288563158  0.24860021236575147  0.26434995399259881  0.28006470063884187
  0.29576200056440588  0.31146899057113409  0.32729533373163361  0.34326480028031536
  0.35917601412377531  0.37506260803372132  0.39090868870957340  0.40643859186369846
  0.42182287236130195  0.43709663176027969  0.45239914912962359  0.46774951181609881
  0.48328276162935596  0.49890389357317988  0.51471563968913026  0.53051857336535879
  0.54631082562894118  0.56206558755064606  0.57780481343614409  0.59351171150216564
  0.60919721884538447  0.62486503023772766  0.64071013210674477  0.65668252313998865
  0.67297804170942743  0.68909979178031144  0.70510631917467925  0.72095185174504350
  0.73672299233383731  0.75229419513377815  0.76801848698140962  0.78387890576990393
  0.79949341956965903  0.81499844511166997  0.83020005821866838  0.84537241164768651
  0.86051887162332263  0.87583791602846517  0.89142199419600410  0.90791812472689892
  0.92457816339669086  0.94138814440644658  0.95663625417232301  0.96698556074259079
  0.97104263504408483  0.97481359248209420  0.97515473017674481  0.97537799328651642
  0.97616522347502221  0.97703065197694561  0.97791631595160389  0.97881086623015856
  0.97969339697851920  0.98056930398960618  0.98143782495099441  0.98230833969944598
  0.98318695847806825  0.98408602533525569  0.98496988516267592  0.98583961449791413
  0.98670962633507475  0.98758388285851684  0.98846063769365333  0.98935293669059987
  0.99025006559003015  0.99113234591010879  0.99201618794269186  0.99289707419163376
  0.99378363395190972  0.99466260875707591  0.99555132774582245  0.99643483793780019
  0.99731700833461034  0.99822187869204126  0.99911935914150540  1.00000000000000000
 -0.00408497503595423  0.01409490216258098  0.02492946448743184  0.03317025365345801
  0.04207942117375604  0.05104432106738075  0.05965858219898845  0.06841320473656454
  0.07799551607070974  0.08927639593927300  0.10439253577829292  0.11889901535471287
  0.13300332675521492  0.14745295439413769  0.16116950380467412  0.17101921049497182
  0.17900466397797049  0.18817219338139471  0.19717486330799502  0.20567902490218143
  0.21343666772934278  0.22120135784754585  0.22924836920666983  0.23826825738018440
  0.24707981040163793  0.25450615225876666  0.26130327079526372  0.26929513507513131
  0.27895737609073129  0.28884736049087145  0.29791326940320723  0.30636891650388659
  0.31434767611294939  0.32462748385677198  0.33816331471068412  0.34977259036466718
  0.35903988790896851  0.36797005520106635  0.37680827432513453  0.38477559436477127
  0.39249591272863182  0.40036721271746395  0.40823520942311303  0.41623414176376711
  0.42560177898340229  0.43582737057811261  0.44800518246105753  0.46416808244543234
  0.47884922019662601  0.49317295422948987  0.50620811618179828  0.51976355084776293
  0.53383578003167620  0.54824071156510279  0.56283423138110911  0.57943059641018502
  0.59497060455438400  0.60986865948037849  0.62511818924198814  0.63983654362253584
  0.64967141643875581  0.65921972930143191  0.66894770017663352  0.67898453903289546
  0.68926498007390735  0.69871507641055086  0.70880627705567323  0.72424394214021315
  0.74271692000956613  0.75489694627887427  0.76629898934684715  0.77608230407141010
  0.78439562600933710  0.79195696051927356  0.79954918064093794  0.80745434584139675
  0.81554869137734631  0.82401428194822535  0.83315321267943521  0.84339051505399398
  0.85359222661683098  0.86250068657506462  0.87047261815571308  0.87792413444430117
  0.88546471260927762  0.89349855202406714  0.90206196224928292  0.91071068934817689
  0.92255633835872541  0.93795657002396793  0.95457918951865617  0.96441381882915389
  0.97321022479823183  0.98192601847630023  0.99086529897634945  1.00000000000000000
   1.5876581896601889E-005  -1.0000000000000000     
 T T T T F F F F F F F F T T T T F F F F F F F F F F F F F F F F
  <DiscreteSampler_grid>
  grouped_processes
  1 # 1 for a reference and 2 for a running grid.
  10 # Attribute 'min_bin_probing_points' of the grid.
  1 # Attribute 'grid_mode' of the grid. 1=='default',2=='initialization'
  0.0000000000000000 # Attribute 'small_contrib_threshold' of the grid.
  0.5000000000000000 # Attribute 'damping_power' of the grid.
 # binID   n_entries weight   weight_sqr   abs_weight
    10   10   2.755775575247555E+007   7.594302686239338E+014   2.755775575247555E+007
  </DiscreteSampler_grid>
