  0.04929885691182444  0.06957837946226228  0.08244464928294760  0.09214859635445026
  0.10044122898788610  0.10802744912828534  0.11428653076752701  0.12018030313141016
  0.12612192159485244  0.13101418196259920  0.13516248086545155  0.13906014576417761
  0.14293455242356462  0.14662893811004429  0.15003308660913575  0.15331638887164437
  0.15656582673553204  0.15944243771383779  0.16191747068381793  0.16412872087830255
  0.16623682776301721  0.16825345341349021  0.17019241399643625  0.17204612742973904
  0.17373584947431267  0.17532895648945640  0.17684755314811734  0.17833508368050613
  0.17964277612317778  0.18086622718189718  0.18205653987757439  0.18318578138646543
  0.18429443092996470  0.18517957848435471  0.18592141275454963  0.18665578709167485
  0.18738617610317748  0.18815050814624543  0.18889406757404167  0.18955514311108682
  0.19019413207167318  0.19082211420822637  0.19146031267417601  0.19196894772576054
  0.19246014860863120  0.19293704904564574  0.19341344260245161  0.19387990536744248
  0.19431401401314713  0.19471790136738493  0.19521912188935039  0.19568401332427726
  0.19607719920642411  0.19638128371945163  0.19668612540969055  0.19699748096850603
  0.19734612602360399  0.19776550506290005  0.22926876337908633  0.23035835177544367
  0.23111082252916892  0.23176003240852575  0.23239213506273326  0.23301250233993318
  0.23367845841106036  0.23437584575059867  0.23509856760804493  0.23584363507984260
  0.23658771855957841  0.23733554158199588  0.23811082320666388  0.23888069642284243
  0.23971289716935629  0.24062872197618959  0.24159305937303940  0.24267576821150497
  0.24397418486213962  0.24530660365656706  0.24651916766582810  0.24773892920429030
  0.24907379504699886  0.25051117728969463  0.25200801140068058  0.25358090555040258
  0.25552217706745495  0.25751695352858434  0.25981958527049104  0.26254837496172229
  0.26558129822811061  0.26878567296669603  0.27227209277009456  0.27636926523089711
  0.28195147098661894  0.29367307344342619  0.30997371497950138  1.00000000000000000
  0.02857624364334996  0.03849777684138465  0.05068772056118555  0.06309682142396908
  0.07583700033204675  0.08826055075175894  0.10026679538024583  0.11178208734354733
  0.12396034438682547  0.13546182270832316  0.14798532563502145  0.16028254019447286
  0.17092474368748065  0.18009772817733413  0.18945308084707471  0.20044839185521093
  0.21069461915997226  0.21982009497881805  0.22881040614290232  0.23913332353002706
  0.25128038854896811  0.26394351313631415  0.27637266785287351  0.28857664047094145
  0.29881367759283883  0.30844392492217254  0.31855981336727252  0.32980889472758340
  0.34208343392070795  0.35379775669115193  0.36315603554475734  0.37082558808400878
  0.37813268048105314  0.38503060518809534  0.39148774631059002  0.40003328735792448
  0.40950744681024137  0.42010465587002066  0.43067414385748004  0.44087817347077368
  0.45087207033137394  0.46034892217742429  0.47107449280540259  0.48214448620056716
  0.49425545125600873  0.50746169648219108  0.52034014447975874  0.53336605106140322
  0.54482949236932976  0.55378034112296581  0.56197267187659816  0.56932671023295101
  0.57676668688915644  0.58442262054099325  0.59353784851802527  0.60416264041717971
  0.61572079579473704  0.62724103056186586  0.63832712902739053  0.64896876122116487
  0.65929946342854151  0.66995323684483243  0.68090627813846261  0.69176793672216741
  0.70179515532218628  0.71065337269990281  0.71933627782411491  0.72828746687240065
  0.73744506275931077  0.74743033857465613  0.75847461661581383  0.76967276659606110
  0.78126441799419410  0.79259097163227576  0.80410309037876759  0.81561795427759476
  0.82662363969628394  0.83734206724360616  0.84773815565569433  0.85744761710072670
  0.86721410103038166  0.87771734431535509  0.89081999513240762  0.90000608936560522
  0.90628904599302795  0.91323765792463207  0.91975662821907878  0.92554426586478344
  0.93104137160875655  0.93775419904953894  0.94462162283447793  0.95163678473637314
  0.95866650313122914  0.96595016382578369  0.97012990315261827  1.00000000000000000
 -0.00544509086143171 -0.00142076781140790  0.00260355523861591  0.01987610690875332
  0.03759994204503534  0.05789349626502170  0.07764548481696007  0.09644075645934720
  0.11464653547493375  0.13247885602851864  0.14947323521412262  0.16656101383406738
  0.18380948944227987  0.20302917700858095  0.22302983869777257  0.24438322191216147
  0.26606546317178542  0.28840394809849446  0.31191465408302066  0.33618295615201804
  0.36137642825575333  0.38131192899561323  0.39658651512865689  0.41231568863743578
  0.41738236516356070  0.41993648957980595  0.42592432912321115  0.43279110713570929
  0.43910550718734442  0.44596919075414382  0.45286387493413482  0.45895987879921551
  0.46489068904405018  0.47113998771584803  0.47758820338976898  0.48444413156457988
  0.49118618410216486  0.49804335667764160  0.50643365345525382  0.51463123250693199
  0.52159007909240795  0.52879888044851375  0.53663997286390774  0.54409839247704095
  0.55123062569174497  0.55839949971912806  0.56577975442272210  0.57295573846900327
  0.58058675769999946  0.58856300917181414  0.59639888756032711  0.60434652507598130
  0.61235133604294889  0.62030336661329344  0.62797681318965304  0.63602568883350286
  0.64471795467209436  0.65359963296109236  0.66195006353471342  0.66932770783332041
  0.67623215469279829  0.68326483220319911  0.69117415940865667  0.69976735792014155
  0.70867793035698956  0.71773343941843115  0.72609036834534568  0.73409672980809659
  0.74288643949555655  0.75249035544924725  0.76142095281977684  0.76963793995310958
  0.77798175441653961  0.78675099163078821  0.79571477943192181  0.80468805647146968
  0.81362709417530044  0.82243244267648508  0.83078602293700710  0.83913144268984319
  0.84759886594680145  0.85661096884952892  0.86660167795972709  0.87625311350154311
  0.88505709675898026  0.89337241783364763  0.90246882104882931  0.91273997161806131
  0.92281409960170246  0.93228571851874298  0.94205612993962995  0.95300512332061038
  0.96393050689542381  0.97449951002282142  0.98640590324168298  1.00000000000000000
 -0.00289543602650296  0.01156183900043295  0.02446807740223244  0.03691881611749556
  0.05025910235592529  0.06013275934278299  0.06997583226926665  0.08033546499585965
  0.08998239820665879  0.10101931038879244  0.11234961221725087  0.12360166908186579
  0.13527951873904701  0.14673880291204042  0.15751177663161625  0.16852057451444385
  0.18084181309095582  0.19440142912588251  0.20792524666798756  0.22039001508798733
  0.23258222670512146  0.24472506101275437  0.25712721651464260  0.26960019560335297
  0.28198275021058583  0.29452746136267560  0.30641923205717825  0.31799703541194918
  0.32877066927500020  0.33869247843168815  0.34761207857274251  0.35622028969040731
  0.36527567857351190  0.37496924916453667  0.38530487585610307  0.39481391186936871
  0.40214753153945121  0.40928032949787785  0.41695388571507908  0.42427790838699564
  0.43077433160254458  0.43715130260318114  0.44385799949014926  0.45052025878615548
  0.45605629313590246  0.46525545940254892  0.47657555562460407  0.48701510676910426
  0.49744397803722040  0.50877414728123471  0.52047636292332944  0.53242724230330341
  0.54442876966900877  0.55534261454862599  0.56543407673770330  0.57547368152042622
  0.58544934250668323  0.59633396447191367  0.60860663789998182  0.62125772895320819
  0.63287216628972665  0.64373799373438612  0.65590585780370192  0.66898553025108443
  0.68217990759642178  0.69373440285863974  0.70340245616861052  0.71227083087217680
  0.72085936293287567  0.72958981111424737  0.73897657488503776  0.74854647328298163
  0.75796171260881595  0.76719674257698567  0.77664995588597019  0.78680679790624242
  0.79768310923503272  0.80945451540225288  0.82234592655709382  0.83514974474253678
  0.84515458172471691  0.85324293332211987  0.86206533838030930  0.87130415939722483
  0.87943420774907266  0.88971559403781186  0.89926762509052915  0.90958723489699878
  0.91883228940594186  0.92875841834117479  0.94058667847705901  0.95399050824095466
  0.96637627288108552  0.97756396317294603  0.98857632071311252  1.00000000000000000
 -0.00320335636106977  0.01469865602692551  0.02753181318293426  0.04108243295504357
  0.05419827277977596  0.06758211111069701  0.08091904377765206  0.09488188026558701
  0.10966057028375950  0.12361798616708825  0.13560744248758996  0.14541402063204026
  0.15492600893815664  0.16500381183929291  0.17689137167220514  0.19111852632255488
  0.20457902091633909  0.21662088288465572  0.22722327170254744  0.23779301633419980
  0.24895256397202065  0.25999564684041543  0.27161116878568214  0.28459090911214691
  0.29798708863712775  0.31110858386453089  0.32538408458968782  0.33801262289312684
  0.34928147935213949  0.35967734213215041  0.37096180941586065  0.38315848640624767
  0.39370353890366583  0.40356739551646492  0.41337542362413982  0.42408171620891127
  0.43580045162680742  0.44681440939453615  0.45630362670201957  0.46642060405560243
  0.47610964929410948  0.48813716650021594  0.50000146298009907  0.51278169097801041
  0.52299005285617817  0.52940555138885925  0.53585863261137623  0.54177565168270048
  0.54833469836705273  0.55542966388855153  0.56299325157345814  0.57004810534837913
  0.57694020416870617  0.58444346566451821  0.59598539992697375  0.60777661230468794
  0.61893089180937222  0.63057649156392970  0.64266497305697246  0.65408322462303359
  0.66535074795079474  0.67685388085816622  0.68799776833891813  0.69779198881021898
  0.70777974278184652  0.71988808578661223  0.73077803729260404  0.73942559592706125
  0.74756587593211554  0.75620327124614573  0.76514345588724553  0.77417255784654915
  0.78330327570928848  0.79291748823303754  0.80366180412164800  0.81465250875976503
  0.82400911753451123  0.83369780281667860  0.84389512811173539  0.85311065865455926
  0.86069218666134295  0.86817642898159686  0.87593738446041514  0.88398051788723442
  0.89168135982297825  0.89943193307751723  0.90670622685769120  0.91447697269183525
  0.92414484567677402  0.93404064041550150  0.94415778299509734  0.95465458359544142
  0.96563374094144816  0.97696702118518630  0.98843125444413527  1.00000000000000000
 -0.00314007563050697  0.01095189532111276  0.02250843147113061  0.03431872731061222
  0.04580922297882331  0.05674297539218228  0.06781856562933859  0.07942848948179612
  0.08873836076331819  0.09708542111946256  0.10494347738144373  0.11242183132654804
  0.12147378310268675  0.13114752508922065  0.14205458293376566  0.15366693637593690
  0.16462604476200984  0.17561906329880186  0.18686786551011839  0.19962662329805625
  0.21029956542511175  0.21784915157914489  0.22501346921257154  0.23196223287152853
  0.23857373669549373  0.24593497981709850  0.25391573939146794  0.26196246322389238
  0.26999298467306165  0.28055276468933282  0.29246363143794318  0.30420722696511854
  0.31629469632163021  0.32839658609608319  0.33979376323854826  0.35102531286727029
  0.36125310985529702  0.37248236835383919  0.38286921454619943  0.39175970167064755
  0.40077690516967363  0.40998669075397953  0.42013201779512177  0.43074728927938977
  0.44097170427787818  0.45280839710042009  0.46496140656995122  0.47699040609627463
  0.48802407087988964  0.49806892699079630  0.50790651100375617  0.51770045951563592
  0.52862865566557515  0.54007551508516038  0.55185243299000053  0.56322096800080301
  0.57429258150703177  0.58523724613938755  0.59667124435183205  0.60831768468654335
  0.62002564809453065  0.63142892594429445  0.64250923770685431  0.65385288744548742
  0.66437483214213588  0.67305563926254863  0.68220326670842979  0.69006526456768991
  0.69845190914859978  0.70819213789151447  0.71815147831183657  0.72772677190607249
  0.73730240562075977  0.74594687002819449  0.75589786760160371  0.76672381059557781
  0.77834219441420638  0.79006601861444126  0.80159417787127796  0.81356925411816605
  0.82566144386356455  0.83591785153523224  0.84577484147411741  0.85590236598133018
  0.86592062045884510  0.87785289607734707  0.89108852152391416  0.90424731656460600
  0.91673418353351732  0.92813582455292498  0.93972597852520057  0.95238943020257849
  0.96467194344801999  0.97603568906045335  0.98726292620345291  1.00000000000000000
 -0.00214987093556283  0.00718710583128514  0.01568861224454923  0.02373692102882484
  0.03176530760470814  0.03991378980231900  0.04785148178759877  0.05553919709483993
  0.06347503748720469  0.07116974651808017  0.07877233136302883  0.08615919823905951
  0.09347578917532383  0.10092248331909974  0.10816719320520934  0.11635277135547151
  0.12409651294682993  0.13229753287134621  0.14057799055795919  0.14889726378476348
  0.15722360211250691  0.16541397083238643  0.17322724542514298  0.18120397629691309
  0.18905000645403330  0.19755670065002381  0.20695305298851602  0.21559395133798887
  0.22357073387590631  0.23204207899317003  0.24026162580536506  0.24914581012746473
  0.25973243904132898  0.27095029800014053  0.28167506500036776  0.29155298213736469
  0.30194567740182932  0.31210829975276633  0.32197850291982794  0.33157179739318676
  0.33953323748498077  0.34671449249703157  0.35412988684466029  0.36171909190303975
  0.37125302706289848  0.38299004043666857  0.39467264927748441  0.40693251808404129
  0.41930092322084495  0.43026414959173309  0.44123672242786877  0.45269838366607934
  0.46200302923179243  0.46856506308681406  0.47527872850274239  0.48245951256202840
  0.48982350440111011  0.49601593181275017  0.50190043514337757  0.50850794636559915
  0.51553764072618968  0.52504526624618175  0.53798226738319310  0.54929764617518306
  0.55923769874404572  0.56854064922313130  0.57808084461620990  0.58879910730672214
  0.60119074634074732  0.61522961121652864  0.62904962769767381  0.64033788538208347
  0.65158079173500394  0.66453003771019759  0.67837534189740534  0.69230066944633317
  0.70633107341554391  0.72138621032534067  0.73621791839566930  0.75117713840001055
  0.76670676910110802  0.78206696814562560  0.79673162550753807  0.81148819113141735
  0.82568907035246975  0.83973485935068570  0.85370132782675023  0.86793174779964055
  0.88471494012086616  0.90271949015851427  0.91932340799837808  0.93520707724073571
  0.95103807682210495  0.96673544919097221  0.98257806651541979  1.00000000000000000
 -0.00290660132213028  0.01022831803908886  0.02151813755718085  0.03298014294616774
  0.04325762116884611  0.05337087089131985  0.06372628414588219  0.07524138350579650
  0.08770315937290803  0.09853321923077717  0.10759945209567051  0.11589006135607735
  0.12335335986875456  0.12960111245733075  0.13639256579790388  0.14335748929893100
  0.14955927504055863  0.15607065294043723  0.16308317188700364  0.16984654838863811
  0.17599826917093805  0.18165470298166633  0.18655732661228522  0.19786129292855567
  0.20959005652151347  0.22123001535666700  0.23201623777298080  0.24338280209634891
  0.25489686176123322  0.26728608286122485  0.27924540001386999  0.29076519034543596
  0.30216264975871648  0.31319973504431625  0.32395360763308478  0.33503269583539502
  0.34679852626548147  0.35865477826440317  0.37014115698774891  0.38181112901684283
  0.39466853804444280  0.40826514720694168  0.42070079378767294  0.43133777179728910
  0.44137549584536567  0.45129394689954661  0.46181946618628816  0.47207496966285650
  0.48217348392065434  0.49291770848382294  0.50508054240576739  0.51783914825048138
  0.53003954668058106  0.54080224468421745  0.55204415501312509  0.56361287452379805
  0.57611862851612938  0.58714425971689521  0.59816570212487685  0.60952973768118879
  0.62214155835503859  0.63611380454636923  0.65035687367067108  0.66408986887732180
  0.67674052563274134  0.68789032667400207  0.69808003159626675  0.70868279840974480
  0.71989540531676977  0.73191489994314984  0.74376465653403068  0.75599268520453522
  0.76801410446736773  0.77999082526661989  0.79063037918554580  0.80055490637576177
  0.81057796819432770  0.81989914632399696  0.82878870452544195  0.83681790065364670
  0.84482503445161117  0.85305963710337351  0.86160551216572956  0.87094417208188291
  0.88049946201825047  0.89123802988855028  0.90301375333124756  0.91523166505053299
  0.92780666356779617  0.93970784197565138  0.94936499666413543  0.95883567590323004
  0.96857172232470301  0.97842600919187084  0.98972632513967884  1.00000000000000000
   6.4403789688521969E-008  -1.0000000000000000     
 T T T T T T T T T T T T T T T T T T T T T T T T T T T T T T T T T T T T F F F F F F F F F F F F F F F F F F F F F F F F F F F F F F F F F F F F F F F F F F F F F F F F F F F F F F F F F F F F F F F F F F F F F F F F T T T T T T T T T T T T T T T T T T T T T T T T T T T T T T T T T T T T F F F F F F F F F F F F F F F F F F F F F F F F F F F F F F F F F F F F F F F F F F F F F F F F F F F F F F F F F F F F F F F F F F F F F F F F F F F F F F F F F F F F F F F F F F F F F F F F F F F F F F F F F F F F F F F F F F F F F F F F F F F F F F F F F F F F F F F F F F F F F F F F
  <DiscreteSampler_grid>
  grouped_processes
  1 # 1 for a reference and 2 for a running grid.
  10 # Attribute 'min_bin_probing_points' of the grid.
  1 # Attribute 'grid_mode' of the grid. 1=='default',2=='initialization'
  0.0000000000000000 # Attribute 'small_contrib_threshold' of the grid.
  0.5000000000000000 # Attribute 'damping_power' of the grid.
 # binID   n_entries weight   weight_sqr   abs_weight
    10   10   5.538883819022553E+001   2.159558283007015E+004   5.538883819022553E+001
  </DiscreteSampler_grid>
