  0.00760616896600952  0.01470639298030854  0.02393317607027462  0.03329013061936122
  0.04305252868866852  0.05353650673012150  0.06361120711747660  0.07283039530150104
  0.08196873226689974  0.09145764227533269  0.10132336378218849  0.11135282903542204
  0.12141055840743963  0.13195697740080059  0.14261519042940132  0.15352033674496601
  0.16491531625249059  0.17679420662640349  0.18889022591293572  0.20070143307340357
  0.21201860486225446  0.22288651644125165  0.23296485392145422  0.24221485223487507
  0.25116237894470628  0.26015140179497681  0.26941025262700191  0.27859794470750793
  0.28819961034887975  0.29831465183666955  0.30861911009182147  0.31813792269441071
  0.32711116880232610  0.33639491791710280  0.34621615025128810  0.35631035342692446
  0.36675506531929652  0.37801588173349332  0.39007149889442211  0.40169210173834735
  0.41286267797257448  0.42414453906425625  0.43554093997251075  0.44654824450435804
  0.45745869133156797  0.46814891730179220  0.47887262477765380  0.48932280435066156
  0.49946620267910330  0.50970998593138717  0.52048398418041253  0.53191974420413068
  0.54308342299188739  0.55325857218954788  0.56296131529412341  0.57238673669288709
  0.58183147098030941  0.59165928995081984  0.60163140195373832  0.61161978522341698
  0.62172482472431079  0.63227795297978540  0.64306971111411937  0.65395835667993929
  0.66455009485936578  0.67520708226045234  0.68581688277478015  0.69615044678617644
  0.70647757671298683  0.71708856489105077  0.72793628447505621  0.73886521007313055
  0.74999281084233471  0.76158894518007869  0.77358506091748735  0.78581136310696675
  0.79802702189366170  0.80984605324686632  0.82129641140338139  0.83250747719200380
  0.84336921612083549  0.85383205111530336  0.86418396854643498  0.87455966247217365
  0.88524927461672442  0.89563586019612318  0.90597263079741452  0.91650228496995179
  0.92716416879547814  0.93751667510561987  0.94729381939448842  0.95744273401187374
  0.96799681159221340  0.97817996593607492  0.98902381540994655  1.00000000000000000
  0.00755831411682382  0.01489986488226939  0.02478609256331625  0.03450584282263549
  0.04416838271446170  0.05406118954691808  0.06406383835959684  0.07385444205748533
  0.08367067029587041  0.09382624830752205  0.10420556176547489  0.11485538610566920
  0.12610551146026375  0.13806712832336787  0.14994424517860239  0.16135580869624361
  0.17237170053428022  0.18310062086935880  0.19354993996839859  0.20401390441078418
  0.21487931269148508  0.22587977060896403  0.23646574684626318  0.24674204611618261
  0.25745044177038667  0.26863260041596460  0.27996258594940238  0.29126909293169606
  0.30194261351516827  0.31253127264918201  0.32234826744083084  0.33257676191128088
  0.34242492568945615  0.35211680919401811  0.36132860346349804  0.37004889931984170
  0.37895487413712953  0.38824014724176942  0.39800829359623058  0.40811496232675826
  0.41830356661972051  0.42848962128128337  0.43844912491959070  0.44796035601056211
  0.45719455763957900  0.46662851753557022  0.47626001985087690  0.48656299406070991
  0.49719661485937716  0.50783783024113005  0.51881742837198797  0.53002561343265442
  0.54123074772153257  0.55198849745283374  0.56254894248494114  0.57360670771220401
  0.58452045182088941  0.59477706622479820  0.60520138003286938  0.61591732873173199
  0.62632191388040448  0.63654328716803343  0.64681792964654028  0.65711982671242575
  0.66733977536533740  0.67741807841408797  0.68766463116087972  0.69825051324397847
  0.70903606337057978  0.71992266241855563  0.73056051364329277  0.74087033508681888
  0.75114673003409571  0.76186132004071272  0.77338974144805084  0.78556131493245318
  0.79758107945185663  0.80899077747505976  0.82026607859542766  0.83110800202454038
  0.84206379564371381  0.85254107474938057  0.86291218158437810  0.87320487243414391
  0.88323356272781861  0.89338276025533991  0.90371315177415068  0.91411453990727254
  0.92427349554007232  0.93450361287351391  0.94473070335606457  0.95537452424900249
  0.96625442687794105  0.97752142107161299  0.98860623386356172  1.00000000000000000
 -0.00898054861565011 -0.00271869847406120  0.00979101823451996  0.03771021900110732
  0.06604672754778330  0.09469024831930214  0.12027791311104481  0.14490207936167149
  0.16780534471688635  0.19081323659983787  0.21396013172566075  0.23787688463211590
  0.26285700572368459  0.28895463071222027  0.31448158720138314  0.33983585797565230
  0.36481548108387829  0.38965500413817494  0.41430626251949038  0.43870264370075263
  0.46299145038692474  0.48917309147809018  0.51555815737081512  0.54252409480377051
  0.56781871326196665  0.59042351800123460  0.60625836208179951  0.61895515599354367
  0.62706692423903942  0.62845487086488572  0.63235407542478783  0.63799289330265430
  0.64340160071756514  0.64878681797801663  0.65411692416958112  0.65947555680943948
  0.66485722427912930  0.67021843681915261  0.67559177811719029  0.68098998390431575
  0.68642987361635044  0.69185956947949190  0.69728324163836430  0.70273200032785010
  0.70820256186265229  0.71365999042057071  0.71913119177673912  0.72465884848483120
  0.73024710530940473  0.73581193115335108  0.74131142450515297  0.74680372938698636
  0.75234196340318671  0.75790346703372613  0.76351610643310441  0.76916360386622140
  0.77478822719552698  0.78039905371085838  0.78602574483760301  0.79167431004537769
  0.79729207433434612  0.80290357037644777  0.80851046473405352  0.81413937669537306
  0.81983232877489920  0.82559040241060344  0.83133471509624357  0.83703955190015999
  0.84274548785152403  0.84846363841497729  0.85418430395503719  0.85992223809292245
  0.86563896285770570  0.87139098865190034  0.87717512179347190  0.88294729108390002
  0.88871847103285773  0.89450920514014898  0.90032306699057296  0.90611873721549474
  0.91194915492576667  0.91778426983833283  0.92360036218113417  0.92944181589078012
  0.93530142023657104  0.94114355996392973  0.94694490998859115  0.95279648028284614
  0.95865485582943677  0.96449504574082767  0.97034373107229466  0.97622531102917731
  0.98216221841403861  0.98810344325003974  0.99407399091400872  1.00000000000000000
 -0.00218688526868192  0.00861880409626039  0.01833736791124753  0.02827980168586187
  0.03870061859959782  0.04916156078855782  0.05998215372272313  0.07044248117474790
  0.08032624798975044  0.09015573992198661  0.09986423950967041  0.10958013772985385
  0.11910418223881705  0.12864698462490617  0.13828182936578334  0.14789731584036056
  0.15743579409543326  0.16704240619241129  0.17710866256956750  0.18747934301934580
  0.19789878242101253  0.20816932822479631  0.21855637996122040  0.22905929135958106
  0.23957671611036238  0.25023155885380571  0.26118958101716311  0.27229896572517065
  0.28336425485872418  0.29434357880637929  0.30520534934563254  0.31591692643997171
  0.32663521957442854  0.33740633360532013  0.34801944404659974  0.35883494385964371
  0.37003457526552352  0.38134303620961546  0.39305818474034393  0.40465379355815623
  0.41627729399863006  0.42767520218630861  0.43890491323998837  0.45009684350305651
  0.46116781971572290  0.47141142753125187  0.48173967872607665  0.49225162450777477
  0.50316135249785343  0.51439885383085882  0.52581412342655032  0.53747834611088263
  0.54910467788153738  0.56084310515950675  0.57222929115192867  0.58312307115615580
  0.59381404684768169  0.60424673138810847  0.61466416996450202  0.62490985135788468
  0.63518455768409365  0.64544182481921331  0.65557183254153617  0.66630446250839814
  0.67672710769162925  0.68708372119219174  0.69675406340952328  0.70646011056457203
  0.71629857576590117  0.72636227648266338  0.73619151053678766  0.74606330710951019
  0.75584412678391844  0.76536970864606846  0.77532346088656778  0.78564816336311261
  0.79631603497438685  0.80684791655722854  0.81755115638361664  0.82821744688310595
  0.83885396181355387  0.84925023787581477  0.86038301595592570  0.87201972204380873
  0.88300397992891755  0.89391571293263150  0.90427454738385282  0.91501332652810385
  0.92601651961228015  0.93724437617623546  0.94755503138075581  0.95787320019178102
  0.96879443947745525  0.97947625904775926  0.98981683509491403  1.00000000000000000
 -0.00265641154352510  0.00890022116262158  0.01944404473889565  0.02947890560555173
  0.03960223902832111  0.04969593357284166  0.05977742357957390  0.07004762779539728
  0.08081252731738116  0.09234623015503460  0.10361755672733912  0.11400461799689177
  0.12386818202090059  0.13333169215944096  0.14241051965156792  0.15141707420125844
  0.16055556027196072  0.17018735616185096  0.18004916017808331  0.18997622757025398
  0.20004146943260487  0.20987386833456176  0.21945918715432697  0.22910974917149840
  0.23916443541979007  0.24955602944419880  0.25984268479053285  0.27007727926899189
  0.28038563547861878  0.29079345061749473  0.30111208257724237  0.31127923909508137
  0.32176464819958661  0.33256937992648350  0.34318757036849235  0.35413941295197471
  0.36457910980603653  0.37469133593379672  0.38420599333706906  0.39355057440119723
  0.40330873039482723  0.41332521331158950  0.42381979165572481  0.43485360193787576
  0.44636995097280824  0.45797639833111292  0.46890206068416829  0.47949696456680257
  0.49013376800976061  0.50082155787730331  0.51150688857741533  0.52217137520066603
  0.53294966560155788  0.54353783566725289  0.55417010934633115  0.56518748501030858
  0.57689596150609213  0.58812348801040681  0.59929948887376794  0.61147324775582179
  0.62394037599844032  0.63605056800180060  0.64766584298743990  0.65908512590920509
  0.67026882948090794  0.68132749121898417  0.69194739326014132  0.70224721620027875
  0.71327073210859770  0.72491345258869999  0.73620386506134405  0.74725219970623635
  0.75794747125774831  0.76853956117119004  0.77905050299048828  0.78977147285649307
  0.80027560837088940  0.81105990594620214  0.82119163672957152  0.83139921635646497
  0.84153671458843515  0.85161924902935515  0.86172272802787131  0.87187153901871739
  0.88267116026059389  0.89368946589349252  0.90448898701167779  0.91492926313493139
  0.92558760298539222  0.93644704884211094  0.94741442544473642  0.95796452480604655
  0.96869561763047796  0.97908054187314286  0.98971177041032643  1.00000000000000000
 -0.00249460180775316  0.00972301378125646  0.01960577493945145  0.02938461662090430
  0.03906991020207271  0.04974910421911916  0.06096122322573506  0.07224509382667177
  0.08313900069545020  0.09383409669388472  0.10490701061378883  0.11648081542492895
  0.12773532526058995  0.13865857795713468  0.14965227015825258  0.16079459845498179
  0.17185584898530215  0.18268663258768272  0.19335939514955405  0.20389438198240761
  0.21417895094617165  0.22432951734904008  0.23466406592293976  0.24497160972726637
  0.25516093516779870  0.26557586561732627  0.27679978214128653  0.28882379835469651
  0.30098184082841195  0.31265819810959489  0.32364756798077954  0.33415773338962790
  0.34418220087098811  0.35374328813984790  0.36287937576634616  0.37202099600215177
  0.38124190903973865  0.39038937193769990  0.39959884250237604  0.40883432799474212
  0.41823647108710860  0.42841653482223380  0.43820869388896488  0.44773296577428129
  0.45706084824728460  0.46750801223208022  0.47725330646473763  0.48727721695325132
  0.49672762025020367  0.50820453681131361  0.51978889969046405  0.53102990467849498
  0.54170054196207051  0.55202597767902617  0.56234412927999178  0.57268044537377538
  0.58291978642792108  0.59337254543285134  0.60434731044765089  0.61603001588759232
  0.62819127768005922  0.63912645844802074  0.65021373616151368  0.66150566585718595
  0.67242040179790774  0.68353034558147518  0.69452328751881975  0.70540459290508672
  0.71637042099804837  0.72729966057912987  0.73813480538839438  0.74866433163346924
  0.75897249090858110  0.76932000050241423  0.77978713881566175  0.78967790637222890
  0.79930427794114678  0.80919250596533210  0.81949607446853046  0.83039944797777920
  0.84085242480699862  0.85123398770663328  0.86141481100957118  0.87169508464971901
  0.88221766169231730  0.89334434491205938  0.90458053588821108  0.91627844125132329
  0.92809149415422765  0.93953577551133483  0.94993198930455713  0.96022301650076014
  0.97045697485986282  0.98061572723733148  0.99038057118771150  1.00000000000000000
 -0.00349878556700045  0.01474167943846656  0.02927374420976328  0.04378960902274803
  0.05822169029382952  0.07279831699827399  0.08776586741447309  0.10252387583723509
  0.11665551885083830  0.12985149666460144  0.14265982510602526  0.15543697284203975
  0.16847109061587223  0.18192233231766272  0.19554984034855100  0.20909159738925290
  0.22226779670614649  0.23555925442404516  0.24874799599725531  0.26180905019181466
  0.27430204363599420  0.28603635836451402  0.29757430590810674  0.30934101311253553
  0.32129130685723989  0.33293599028086279  0.34417075616960635  0.35577482589630433
  0.36739096218382139  0.37860710902565187  0.38960662955077308  0.40044790396688684
  0.41152511018939980  0.42222418195234945  0.43298794813768865  0.44450668554715489
  0.45612133651843301  0.46833137328245805  0.47965343973470209  0.48970397858742271
  0.49968439759764249  0.50992452944801669  0.52031126787865012  0.53016255571310889
  0.53999555287073353  0.55010026213624741  0.56023340557008849  0.57008619487493428
  0.58002545390854843  0.59026051048434502  0.60063329354663064  0.61056341561820360
  0.62021650378196536  0.62991961910819916  0.63948032180663428  0.64881020842383175
  0.65786462817041125  0.66684939356643513  0.67627334337056300  0.68577797640785643
  0.69546984162028924  0.70535790899603601  0.71527930064923417  0.72524297194419962
  0.73513937726959766  0.74462702817090409  0.75406699409221456  0.76337077524129349
  0.77273831245526359  0.78196473861704263  0.79077469440708337  0.79936630936192232
  0.80771825224850735  0.81606626850803354  0.82428936725758761  0.83245770762121196
  0.84058551529377989  0.84849953080003848  0.85677233344863613  0.86610446622893322
  0.87544426458165403  0.88428905369617983  0.89300428531354326  0.90148192953027906
  0.90999749140734576  0.91845207698243803  0.92655651480816392  0.93439897230573876
  0.94209177009002465  0.94970752130211211  0.95750123648399188  0.96581202310787262
  0.97444505150066718  0.98298871048815628  0.99135470091906330  1.00000000000000000
 -0.00220221584088613  0.00870006103353410  0.01809388710240091  0.02864115350331465
  0.03968456080933779  0.05123238552963734  0.06189168128495291  0.07341675877030000
  0.08466660931723995  0.09670458458024901  0.10751272792872389  0.11878517442574429
  0.12938184707221378  0.14023455766291726  0.15100725416908320  0.16157530445321006
  0.17207545573654745  0.18272469770889443  0.19422909679992859  0.20586014695923444
  0.21657454478125723  0.22712449721725481  0.23776906472942513  0.24857156904528002
  0.25922807425781774  0.27007722220521196  0.28132795182809162  0.29244250508376468
  0.30316956816673801  0.31398689314443884  0.32468664362645699  0.33492589656943589
  0.34474358383635151  0.35480944206568721  0.36602124172415518  0.37781188498651824
  0.38941806740875468  0.40098571134668448  0.41241645432635082  0.42372337706389224
  0.43487039177680015  0.44652036753328950  0.45775572045422186  0.46817281593576332
  0.47844514319283227  0.48889056800143676  0.49924960239779337  0.50899376018884734
  0.51820727891519502  0.52733918755242015  0.53654429921377478  0.54625688425352081
  0.55615987449190030  0.56616643636586617  0.57659300975257177  0.58734536853647834
  0.59828061888526418  0.60927927530693915  0.62027615244819279  0.63140008208608722
  0.64259698617374217  0.65324097534767389  0.66343889591273875  0.67376190344864118
  0.68430533073377298  0.69464433740158171  0.70461433987881428  0.71487700363775719
  0.72557389417871798  0.73619466517990573  0.74637173836800574  0.75632004459154800
  0.76638784845987418  0.77613687831400269  0.78568231209629402  0.79544794640593330
  0.80526064953035459  0.81522618051332407  0.82497842654717324  0.83533932187016169
  0.84591698440878060  0.85631292614999099  0.86616407787370320  0.87586645899277937
  0.88581924807145807  0.89601817973716025  0.90647826440771062  0.91717870218710196
  0.92835582216452883  0.93944342737190312  0.94988824182276288  0.96036751238498874
  0.97070442728857820  0.98103663975409738  0.99034250631391241  1.00000000000000000
   1.5770056638998732E-006  -1.0000000000000000     
 T T T T T T T T T T T T T T T T T T T T T T T T T T T T T T T T T T T T F F F F F F F F F F F F F F F F F F F F F F F F F F F F F F F F F F F F F F F F F F F F F F F F F F F F F F F F F F F F F F F F F F F F F F F F T T T T T T T T T T T T T T T T T T T T T T T T T T T T T T T T T T T T F F F F F F F F F F F F F F F F F F F F F F F F F F F F F F F F F F F F F F F F F F F F F F F F F F F F F F F F F F F F F F F F F F F F F F F F F F F F F F F F F F F F F F F F F F F F F F F F F F F F F F F F F F F F F F F F F F F F F F F F F F F F F F F F F F F F F F F F F F F F F F F F
  <DiscreteSampler_grid>
  grouped_processes
  1 # 1 for a reference and 2 for a running grid.
  10 # Attribute 'min_bin_probing_points' of the grid.
  1 # Attribute 'grid_mode' of the grid. 1=='default',2=='initialization'
  0.0000000000000000 # Attribute 'small_contrib_threshold' of the grid.
  0.5000000000000000 # Attribute 'damping_power' of the grid.
 # binID   n_entries weight   weight_sqr   abs_weight
    10   10   2.565279889007660E+005   1.617497821790917E+011   2.565279889007660E+005
  </DiscreteSampler_grid>
