 -0.00464045098848776  0.01473445857112372  0.02956083720447623  0.04443572767824384
  0.05924892734000694  0.07337424722266118  0.08593641351533703  0.09882639117819485
  0.11176614880454534  0.12466794972960338  0.13820068120915494  0.15204925074664560
  0.16618519229948031  0.18022468737572364  0.19415259760190828  0.20797244062229747
  0.22149873032920045  0.23498936728939379  0.24844632979306688  0.26188462260438072
  0.27523570463218566  0.28848724154428607  0.30185194565970025  0.31524895923321511
  0.32867752924860238  0.34224063773222863  0.35587509723574251  0.36958130032476655
  0.38330389259286324  0.39701167974774559  0.41070824586306914  0.42479278175538016
  0.43874971999700246  0.45257187144199024  0.46640744776156379  0.48032950798511304
  0.49438839800780926  0.50848848968526328  0.52259551223928502  0.53669388629323411
  0.55057283530877010  0.56435607707459612  0.57824032325823882  0.59222450514716585
  0.60627192113163797  0.61962930057095700  0.63297055935723601  0.64629603922475742
  0.65953001960965973  0.67263804634016455  0.68560928991659031  0.69825113178344023
  0.71098291551364556  0.72382373597560434  0.73670826978134352  0.74974867871204187
  0.76291984338882501  0.77590573725839107  0.78875200647802624  0.80147312902514345
  0.81447218064787985  0.82762264717185619  0.84095963864373025  0.85425584535178756
  0.86757382584975207  0.88093717405917671  0.89483806879272376  0.90886870909271988
  0.92288707753979615  0.93672264880595191  0.95042079931286527  0.96242696148349538
  0.97500753374877214  0.98780815918223241  0.99324248842350693  0.99368755581335477
  0.99373283512994925  0.99398745631939656  0.99432319693285987  0.99465821828050305
  0.99499693270331924  0.99532524357519303  0.99566072307952147  0.99599864862776410
  0.99632852748318157  0.99666014553951110  0.99699182678885401  0.99732816036027960
  0.99765924119512361  0.99798886342724269  0.99832414623611565  0.99865971257208475
  0.99899375899226084  0.99933039949731395  0.99966641368543641  1.00000000000000000
 -0.00214952946696574  0.00884970063449196  0.01815815960941506  0.02834542439525693
  0.03777648901394819  0.04693555304154054  0.05632576983427702  0.07187385564353539
  0.08840946432699612  0.09758111773939350  0.10673113749182896  0.11551266195844982
  0.12437313992576904  0.13325067448044808  0.14145170645582109  0.15351304450378564
  0.16915764770274280  0.18847096670130170  0.20572237220327677  0.21885240020307820
  0.22845032614333122  0.23667173386324605  0.24397711019041338  0.25117779394039186
  0.25796505518193108  0.26538308138010924  0.27315158233097514  0.28055248776297209
  0.28768521225711480  0.29508059394950681  0.30276921744165042  0.30987389369932788
  0.31878005271067961  0.32932628085447008  0.34037754112407015  0.35136162297789991
  0.36114237705164554  0.37073047728111935  0.38043982896167489  0.39030453597823278
  0.40169392414236432  0.41773643466198440  0.43531178649377406  0.45088511485015920
  0.46373074546367588  0.47143083726608953  0.48163755090956262  0.49110227129614581
  0.50035034784125254  0.50848918180610714  0.51657102925904852  0.52562917414889332
  0.53632274916524902  0.54757484699894665  0.55714210662740682  0.56542492205574946
  0.58667141160658487  0.60118034191900249  0.61188780732842030  0.62107920690666019
  0.62999468649978163  0.63906418614247140  0.64805063031554411  0.65685767880592172
  0.66604775521788617  0.67597228766091189  0.68594594992490032  0.69497085966809335
  0.70471534679588377  0.71543638284942856  0.72688864874219827  0.73792108139035140
  0.74829343874607657  0.76012825345506452  0.77656145167155088  0.79371719634479909
  0.81092270026626123  0.82701678983999161  0.83866370746036467  0.84607230084268470
  0.85495429797091294  0.86411392095662309  0.87275952465016282  0.88064668005100144
  0.88813182496002985  0.89592083569217174  0.90575250485797032  0.91601393395485109
  0.92558004152955597  0.93549323611914481  0.95128248978058760  0.96252502585711297
  0.97301036366303151  0.98280991813384533  0.99179380927627747  1.00000000000000000
   7.0202102494201414E-006  -1.0000000000000000     
 T T T T F F F F F F F F T T T T F F F F F F F F F F F F F F F F
  <DiscreteSampler_grid>
  grouped_processes
  1 # 1 for a reference and 2 for a running grid.
  10 # Attribute 'min_bin_probing_points' of the grid.
  1 # Attribute 'grid_mode' of the grid. 1=='default',2=='initialization'
  0.0000000000000000 # Attribute 'small_contrib_threshold' of the grid.
  0.5000000000000000 # Attribute 'damping_power' of the grid.
 # binID   n_entries weight   weight_sqr   abs_weight
    10   10   2.341459743895542E+007   5.482433940588773E+014   2.341459743895542E+007
  </DiscreteSampler_grid>
