 -0.01040408238445056 -0.00295476559419425  0.01294027945624938  0.04441679859046177
  0.07621060111392024  0.10781117621638706  0.13381719759134444  0.15919277298217951
  0.18382714622110929  0.20822591010444205  0.23290087126864850  0.25816115789925609
  0.28349592046789046  0.30882938115959907  0.33387780566631170  0.35844495384313269
  0.38236150297394711  0.40595454570841660  0.42943159011731408  0.45280406814196966
  0.47579751686867267  0.49806678456738307  0.52013595253527767  0.54208558313831046
  0.56387467702140925  0.58552630028671571  0.60652526100291015  0.62737253241249646
  0.64799479949001426  0.66833258293579567  0.68851148370778614  0.70925341823415877
  0.73010107664638890  0.75188176018015085  0.77375774752105397  0.79756804104763968
  0.81750920749261635  0.82640079971731228  0.82813245730599971  0.82894786382617314
  0.83051372680801394  0.83360513625369237  0.83672446937660672  0.83982059744730131
  0.84289879310867222  0.84597527161056085  0.84905375596129518  0.85212455135611287
  0.85519589110917604  0.85827353556339869  0.86135831444213673  0.86443964450628630
  0.86751946256661550  0.87060148671807969  0.87368023556072105  0.87676051039103442
  0.87984311880335164  0.88292879657462253  0.88601269408944039  0.88909105335457439
  0.89216829742217396  0.89524626112058214  0.89833027318337211  0.90141540645149087
  0.90449471121145497  0.90757110702945254  0.91065231337673891  0.91373501999555096
  0.91681627326604453  0.91989871882767071  0.92298631009249410  0.92608104439702965
  0.92916595351179676  0.93224167814967906  0.93532290274122332  0.93840665783334687
  0.94148970365665352  0.94457156689435651  0.94765661312392213  0.95074385793302318
  0.95382733257263619  0.95690678438011523  0.95998711731323283  0.96306316357080890
  0.96614231983335741  0.96922103476908361  0.97229674631025165  0.97537038660245745
  0.97843999749915356  0.98151066252027819  0.98459178253258250  0.98767528464426990
  0.99075581476594132  0.99383452269535877  0.99691497031951126  1.00000000000000000
 -0.00242253627939110  0.00928110823109928  0.01847481311029185  0.02917075790195560
  0.03978187911809225  0.04995196789198918  0.05979795698437316  0.07005360764570430
  0.08039215231940927  0.09030341898718627  0.09979921745738007  0.10986710847288401
  0.12071605584313250  0.13212867216711222  0.14398078865252237  0.15576723273966034
  0.16718988670445237  0.17832770307265153  0.18878651936346935  0.19897358927795758
  0.20932501169127071  0.22004790480784464  0.23036184003431051  0.23997657780135181
  0.24950049408833633  0.25940748856811352  0.26933882651702229  0.27940034139720377
  0.28958178277782815  0.30186049448515828  0.31513488496223779  0.32812539189732487
  0.34050241034656570  0.35134751778241607  0.36186332132437321  0.37171042750663918
  0.38121146658588123  0.39036827001230728  0.39992018094904808  0.41060816526262567
  0.42204115402673653  0.43343159069171611  0.44359699873380043  0.45310900697756612
  0.46314310724451929  0.47366073543804582  0.48405918878660092  0.49411897383733189
  0.50485066832887926  0.51626419821071912  0.52705789608497799  0.53718258638532979
  0.54678176936923750  0.55598735919572562  0.56527296642046487  0.57493401534240984
  0.58505041830971061  0.59541495616101348  0.60655311424664715  0.61831010448989132
  0.62946340548175039  0.64003232032526258  0.65073232817210058  0.66202522342921599
  0.67381014895467195  0.68572009035151504  0.69747865442164148  0.70874007490572521
  0.71951926041024861  0.73008638399755232  0.74043112186334092  0.75106711318693176
  0.76190846286264124  0.77281386414326614  0.78311534500274282  0.79359798900474043
  0.80400933729443169  0.81409443141643201  0.82392699013215276  0.83364365262590578
  0.84326506778155941  0.85293708215015618  0.86299478428098519  0.87370213571615241
  0.88425284878808907  0.89491178595300713  0.90570342862162589  0.91665646853439320
  0.92717204280673571  0.93803501001212353  0.94936940816694160  0.96012786711758280
  0.96981014008001043  0.97954194746734924  0.98965731695365189  1.00000000000000000
   1.5249081972923788E-006  -1.0000000000000000     
 T T T T F F F F F F F F T T T T F F F F F F F F F F F F F F F F
  <DiscreteSampler_grid>
  grouped_processes
  1 # 1 for a reference and 2 for a running grid.
  10 # Attribute 'min_bin_probing_points' of the grid.
  1 # Attribute 'grid_mode' of the grid. 1=='default',2=='initialization'
  0.0000000000000000 # Attribute 'small_contrib_threshold' of the grid.
  0.5000000000000000 # Attribute 'damping_power' of the grid.
 # binID   n_entries weight   weight_sqr   abs_weight
    10   10   1.347644612197454E+007   1.817770964254591E+014   1.347644612197454E+007
  </DiscreteSampler_grid>
