 -0.00547823455040830  0.01267665611467742  0.02965856468132129  0.04605336636238139
  0.06281400892276036  0.07935682387555271  0.09580408811923426  0.11168243509203729
  0.12634704899862617  0.14061937490982643  0.15515851956788101  0.16969292606388095
  0.18407789718096035  0.19828824729952935  0.21344196007365329  0.22867914028223066
  0.24392233164198554  0.25915082502653836  0.27436188294636893  0.28952795696682981
  0.30467386402403906  0.31981594814003539  0.33497153320025874  0.35000512609966389
  0.36502303705401140  0.38005645770674834  0.39509304192042410  0.41007305839488273
  0.42499945512278903  0.43989631690884212  0.45481364748471437  0.46973052424111694
  0.48462052806278827  0.49950971949979539  0.51442733613055436  0.52931695126523437
  0.54420015106029451  0.55907090358915879  0.57393001769307139  0.58882179123318323
  0.60374173934487585  0.61868216352240424  0.63362702928817827  0.64852392547046311
  0.66340631871760058  0.67822046578919470  0.69295247867240184  0.70759425324340430
  0.72313475114927439  0.73878208226781250  0.75464262316967501  0.77111465533078327
  0.78752733638854022  0.80469472373650919  0.82050949879200707  0.82803070599334683
  0.82884243380590006  0.83166252510189442  0.83609713516166961  0.84036676540813704
  0.84464292349983827  0.84890508914626372  0.85319317159005681  0.85747141505413793
  0.86169936529796687  0.86597402756126318  0.87029591380758264  0.87465445247713736
  0.87900664246782112  0.88333948909147020  0.88771060437074434  0.89209515142662488
  0.89647865148317885  0.90087497267311800  0.90529032621275651  0.90967753021665121
  0.91407364555398307  0.91846843418802337  0.92287450355193079  0.92732543394229605
  0.93179329405130240  0.93624003006949152  0.94066754554538556  0.94513003720586253
  0.94965705616458906  0.95419880928160672  0.95873742965952058  0.96329574010289309
  0.96783291129330384  0.97238617584884568  0.97693974388222771  0.98151356840223247
  0.98612130093275563  0.99074859903920465  0.99538560750167449  1.00000000000000000
 -0.00331415325592555  0.01211217692493303  0.02341947076566293  0.03380942096090515
  0.04427347349750985  0.05473076866263945  0.06495341681076498  0.07479898285321671
  0.08539455307379203  0.09740913915389662  0.11035452574613933  0.12253628944767857
  0.13291629209603595  0.14242300487193182  0.15145920907141022  0.16101714234146097
  0.17073062311450965  0.17980732472644398  0.18825104325772921  0.19789839051111871
  0.20841193894824384  0.22063790750566348  0.23358230943115232  0.24609675464762659
  0.25889245322615140  0.27218381780474488  0.28487430664867497  0.29618132428002031
  0.30664656022021725  0.31663548217635545  0.32613055839810945  0.33566107758830216
  0.34574396161497511  0.35630145434029231  0.36682738703942913  0.37807698801877720
  0.39015965217991289  0.40192810132963819  0.41247754092938160  0.42289362470936098
  0.43337372809937930  0.44381810664777332  0.45395772361976022  0.46497727545787476
  0.47703109816665018  0.48878585063123153  0.50055360005482108  0.51252931440605398
  0.52479410682534744  0.53700424712306893  0.54917696543484584  0.56124671719303132
  0.57298429477687995  0.58477028124696562  0.59611031395050784  0.60621692685027173
  0.61542703663069875  0.62441409496158373  0.63351143037366853  0.64285170400955383
  0.65164395198376035  0.66011382460167944  0.66859798284725946  0.67944658518800549
  0.68948259444399818  0.69939290281712985  0.70961542370490671  0.72256952363537919
  0.73429682620945724  0.74437932666844386  0.75433355428552695  0.76494994765761681
  0.77652411487526352  0.78545151455893525  0.79439955139693985  0.80356827934152397
  0.81319077931561778  0.82282077104659890  0.83277735743562509  0.84249247876850886
  0.85206284809940003  0.86173826552457511  0.87172259642319028  0.88188933394737634
  0.89191461387476578  0.90147088764360173  0.91050957417049383  0.91973240815714463
  0.92936707648764649  0.93931777074304090  0.94875167535678528  0.95801551438992294
  0.96780713056919954  0.97864186641147632  0.98927621890852635  1.00000000000000000
   1.1452194296977095E-003  -1.0000000000000000     
 T T T T F F F F F F F F T T T T F F F F F F F F F F F F F F F F
  <DiscreteSampler_grid>
  grouped_processes
  1 # 1 for a reference and 2 for a running grid.
  10 # Attribute 'min_bin_probing_points' of the grid.
  1 # Attribute 'grid_mode' of the grid. 1=='default',2=='initialization'
  0.0000000000000000 # Attribute 'small_contrib_threshold' of the grid.
  0.5000000000000000 # Attribute 'damping_power' of the grid.
 # binID   n_entries weight   weight_sqr   abs_weight
    10   10   4.795225643495769E+009   2.299578312878641E+019   4.795225643495769E+009
  </DiscreteSampler_grid>
