 -0.00153050251575455  0.00258284829601493  0.01335647312124532  0.02780860952262170
  0.04215439126528029  0.05626155633061913  0.07006044386910251  0.08321904002925407
  0.09528114541857954  0.10700035863919062  0.11892597287820314  0.13068271621753691
  0.14247955361287132  0.15438694015696783  0.16691627705252032  0.18039043365983726
  0.19381158225978995  0.20706171392966868  0.22031597512527726  0.23360531817251173
  0.24685046429330698  0.25998350577939688  0.27308680548351166  0.28613712946378017
  0.29916503704047687  0.31218005396829906  0.32516101145880461  0.33808066459773339
  0.35092983540188472  0.36376583071432850  0.37655682025644749  0.38940612469776836
  0.40230724253002026  0.41521806016848956  0.42810389934354526  0.44094501732473473
  0.45382377904380655  0.46664120777531465  0.47940438740378277  0.49213887354776042
  0.50480527190792857  0.51749770529805528  0.53023296133499009  0.54288875479683951
  0.55545844399879130  0.56798078414515962  0.58039521205525813  0.59275148312309112
  0.60507231233891934  0.61734254507841568  0.62960332734585234  0.64192601090714507
  0.65435934248158434  0.66677558881120058  0.67916032375608915  0.69149307563271611
  0.70380133036568548  0.71613687677455573  0.72847663793212614  0.74071152593321543
  0.75292246707981270  0.76512608783319958  0.77733627317502141  0.78958998196594854
  0.80185512616976062  0.81409101468613887  0.82629278316269439  0.83842761649086595
  0.85050319047129042  0.86292413624151421  0.87541210666395852  0.88784649411182959
  0.90028167362117306  0.91282603459543832  0.92564811271660152  0.93693091279048579
  0.94793297472018689  0.95933058797201498  0.97036603067455862  0.97843392735574697
  0.98126446358518560  0.98186006545445514  0.98316641834081775  0.98444662366127400
  0.98574320143629057  0.98703300853924258  0.98833274812453276  0.98964194372313385
  0.99094347627613422  0.99223402437463604  0.99352331516210801  0.99480786432126722
  0.99611548591817167  0.99740592088210800  0.99869290362315832  1.00000000000000000
 -0.00203480307857324  0.00887544915990586  0.01671513935524131  0.02485509502461513
  0.03330287612833475  0.04210725118725853  0.05168106941846593  0.06155644858461939
  0.07152591150354259  0.08177284335412723  0.09193209757868728  0.10198949397556416
  0.11167656945714184  0.12188036591227044  0.13335588363509493  0.14565412824463678
  0.15818552574442879  0.17055785422082731  0.18309684849500257  0.19666349914415912
  0.20926191423529011  0.21790475256271535  0.22698614942678053  0.23539737610959818
  0.24392732202566864  0.25225694674296090  0.26028363884404426  0.26807334864468718
  0.27663392239074552  0.28566187506758312  0.29468025250489766  0.30360327220922012
  0.31301644466565781  0.32346730840345272  0.33421019766532484  0.34430662711993343
  0.35535226343405357  0.36925636930424571  0.38426529379153557  0.39872075265156620
  0.41274199533832523  0.42661892373025095  0.44038984467053466  0.45351831265426951
  0.46488458482904710  0.47324200011831585  0.48285654082286145  0.49294575726457240
  0.50327930074794403  0.51327100932698078  0.52352520025055138  0.53478744290595415
  0.54629905774635634  0.55534601775264858  0.56498261729669852  0.57529499188597233
  0.58571759004917723  0.59617239881606132  0.60640246002625309  0.61659450989876741
  0.62684224922667953  0.63724110890639529  0.64750431112306406  0.65762948636087804
  0.66811570790621555  0.67996703793569357  0.69447821362093787  0.70852926036857211
  0.72137652685351739  0.73256340090844130  0.74228078139809539  0.75166866717168945
  0.76116628705331080  0.77081543633973937  0.78044845352052505  0.78985624558481138
  0.80189640320218392  0.81536482703292124  0.82870889105773848  0.84197384099472283
  0.85581405408203404  0.86934071790343692  0.88048642982787395  0.89029063357210170
  0.90071462469414809  0.91127924136644833  0.92070338375407834  0.92853745841380209
  0.93687922679074420  0.94540975462497889  0.95422385642489593  0.96297841221875102
  0.97148919102643239  0.98019885135517348  0.98995113390333089  1.00000000000000000
   1.6231256804161013E-006  -1.0000000000000000     
 T T T T F F F F F F F F T T T T F F F F F F F F F F F F F F F F
  <DiscreteSampler_grid>
  grouped_processes
  1 # 1 for a reference and 2 for a running grid.
  10 # Attribute 'min_bin_probing_points' of the grid.
  1 # Attribute 'grid_mode' of the grid. 1=='default',2=='initialization'
  0.0000000000000000 # Attribute 'small_contrib_threshold' of the grid.
  0.5000000000000000 # Attribute 'damping_power' of the grid.
 # binID   n_entries weight   weight_sqr   abs_weight
    10   10   2.476178065440716E+007   6.131464907373758E+014   2.476178065440716E+007
  </DiscreteSampler_grid>
