 -0.00552655162558187  0.01170169343744679  0.02897153324651733  0.04632197061664750
  0.06371821590838557  0.08085650533523160  0.09446981294590281  0.10840067912740388
  0.12261381456242854  0.13662659571515620  0.15106124527914747  0.16586829213994006
  0.18169534843057727  0.19747258671453014  0.21315266386154827  0.22883928612707491
  0.24448385370677844  0.25996370706190930  0.27541957955232843  0.29085992643707331
  0.30627041071727207  0.32168893860085152  0.33711718444187877  0.35264758247640371
  0.36819120614838724  0.38372631467009699  0.39894355885206917  0.41401091025874920
  0.42896845841947584  0.44391812906241634  0.45886034845566243  0.47395722518161998
  0.48908759287829134  0.50425995410503921  0.51941985665978618  0.53456475670126091
  0.54961919360879430  0.56465035911603245  0.57965736482588270  0.59465440761586075
  0.60965682790952280  0.62467650099802685  0.63963469340211365  0.65456627604445161
  0.66953444773086701  0.68446520874854666  0.69935298709482618  0.71371428250655466
  0.72799181991073847  0.74226541409062263  0.75654164754478415  0.77081828625153426
  0.78506954030816567  0.79926871557456902  0.81340036633611101  0.82743910778616236
  0.84149823573443028  0.85572872571316283  0.87015001881915022  0.88472436207563665
  0.89931342621755705  0.91388093971350615  0.92838322519246630  0.94169154531755817
  0.95448832245318060  0.96847718210232547  0.97766321896300601  0.98121468338034734
  0.98129147653080928  0.98145091387621719  0.98215517373615657  0.98287167574576639
  0.98358686585930499  0.98429963305900670  0.98501343289012655  0.98572347922303394
  0.98643223331462404  0.98714899107908560  0.98786950201129520  0.98858429770417422
  0.98929883351822545  0.99001045034370216  0.99072232937732629  0.99142936339134780
  0.99214583801174538  0.99286326071280251  0.99357873305518718  0.99428805925131436
  0.99500158624137214  0.99571840251650778  0.99643593249773188  0.99714972085684561
  0.99786588452077374  0.99857947767064892  0.99929014325129661  1.00000000000000000
 -0.00446868851731195  0.01330930368904527  0.02699504679250731  0.03809738946089004
  0.04869727448529159  0.05980226441656294  0.07047086160207526  0.08061388557096390
  0.09070693627230586  0.10092223256063632  0.11180062855454653  0.12506794651409417
  0.13971462148968194  0.15226506303073850  0.16177876813648479  0.17115774430962258
  0.18058694333388786  0.19026625490488769  0.19910116220720814  0.21049555245063070
  0.22429374878919384  0.23675005891375006  0.24690490724628728  0.25786448093960479
  0.26896635055099116  0.27964995643688129  0.29038066608767898  0.30076342108418441
  0.31105319740883680  0.32210027815916414  0.33298795369611894  0.34312924554243579
  0.35317907288534411  0.36695655756678891  0.38253973200435476  0.39829118165772764
  0.41305316784088963  0.42311376371152853  0.43150494718505822  0.44086321985227755
  0.44945372602938732  0.45775127337875854  0.46633358742743419  0.47535432026511015
  0.48629569812028095  0.49832861256131261  0.50996612850959910  0.52097181487187616
  0.53209194032732188  0.54258367883754788  0.55241467145725953  0.56198950776126155
  0.57136510509167027  0.58101108855581141  0.59001543741337692  0.59873247219567571
  0.60758938131378337  0.61701775736335318  0.62736164627451818  0.63842080769815368
  0.64904605383044744  0.65898089698909235  0.66896024207314109  0.67923151402140558
  0.68964551679732611  0.70047985222827058  0.71158634365032447  0.72280460143756520
  0.73363809376222267  0.74398604691895076  0.75424819356510475  0.76499611564277337
  0.77650547332387154  0.78827396070025335  0.79934501166923899  0.80989504603643581
  0.82052832833789313  0.83115711399063230  0.84079098686136677  0.84942234580637410
  0.85828322103968657  0.86746650268579883  0.87666921181736235  0.88636654472358589
  0.89617774717697218  0.90633295333644215  0.91630912155800137  0.92600451357090918
  0.93574112932173736  0.94499127519650128  0.95388697661983401  0.96287799254067374
  0.97192917036491022  0.98142017199581877  0.99085133520399282  1.00000000000000000
   3.3110568176312969E-006  -1.0000000000000000     
 T T T T F F F F F F F F T T T T F F F F F F F F F F F F F F F F
  <DiscreteSampler_grid>
  grouped_processes
  1 # 1 for a reference and 2 for a running grid.
  10 # Attribute 'min_bin_probing_points' of the grid.
  1 # Attribute 'grid_mode' of the grid. 1=='default',2=='initialization'
  0.0000000000000000 # Attribute 'small_contrib_threshold' of the grid.
  0.5000000000000000 # Attribute 'damping_power' of the grid.
 # binID   n_entries weight   weight_sqr   abs_weight
    10   10   2.477092911464146E+007   6.135997474510890E+014   2.477092911464146E+007
  </DiscreteSampler_grid>
