 -0.00269059618878894  0.00529203599109153  0.01704651950595965  0.03160463443444159
  0.04725795755570052  0.06265863163745050  0.07846602759070061  0.09298243253842370
  0.10687288449513964  0.12044950887452686  0.13357774090116176  0.14684955749397899
  0.16020631383400213  0.17332891797443056  0.18643333044452323  0.20005416472149715
  0.21468304585519477  0.22924799628407849  0.24385237256417860  0.25847972859493989
  0.27298109725798325  0.28749205960574437  0.30195860059540175  0.31642077367321508
  0.33092345843692428  0.34543680354103573  0.36001718158269386  0.37464542798583439
  0.38930556919919868  0.40396722078838904  0.41857581216157019  0.43312914529659424
  0.44764814703542660  0.46218606810582413  0.47674092172984245  0.49126308521648065
  0.50576394362781119  0.52025737953365503  0.53463183068182640  0.54897123769409140
  0.56328722659309016  0.57759746470854767  0.59194751527465728  0.60632919055243151
  0.62085799277410170  0.63548452377021758  0.65009656970941099  0.66471980258659158
  0.67934712456353230  0.69400546112194583  0.70869671107364429  0.72327935747452721
  0.73789637819694232  0.75244381691334361  0.76703222658689896  0.78201561688844856
  0.79727819539111400  0.81288326887114293  0.82867816717484899  0.84443900661506721
  0.86188165574379760  0.87442871877337180  0.87857872202586274  0.87983091966621296
  0.88314590837682183  0.88681022517837527  0.89048258795824664  0.89416213011043688
  0.89781553762425093  0.90145987893333424  0.90516740689116226  0.90889928206758419
  0.91263161543967408  0.91633977910445985  0.92003383286199658  0.92374507216472679
  0.92746732358279182  0.93119936936348180  0.93494373887508864  0.93870154731827238
  0.94246765246159481  0.94624117862489043  0.94999831880880048  0.95378516360572763
  0.95760991539796403  0.96140763717156785  0.96522720411016494  0.96904371870492623
  0.97287578115436790  0.97675142168283480  0.98062569059274274  0.98446541344618710
  0.98830276403492878  0.99217265391179565  0.99607821493038595  1.00000000000000000
 -0.00220620754885471  0.00889591412138570  0.01826694489652062  0.02776842967749013
  0.03703773535157836  0.04672783133953562  0.05592693209352404  0.06486399011895198
  0.07383515432592738  0.08302502602824451  0.09294332526799551  0.10323812369438552
  0.11337036337264447  0.12365682042270165  0.13510998104394584  0.14757107715146897
  0.15986240823447262  0.17219840013295162  0.18512687712388987  0.19499462796643549
  0.20484982563032744  0.21526465974759146  0.22514668118259326  0.23420237609820732
  0.24298980193765141  0.25207282796306624  0.26335566261590038  0.27410529695026237
  0.28320096345250884  0.29134701359565751  0.29917642743190498  0.30765995411670299
  0.31653058048110833  0.32520879891963939  0.33395667199421203  0.34405905696888278
  0.35324718142136158  0.36420774703482456  0.37654631040068265  0.38868630320452840
  0.40082359839418219  0.41313310847746909  0.42539634273042209  0.43736904741596916
  0.44926570882801992  0.46159007537681701  0.47469073761588393  0.48834545061544388
  0.50062414039098502  0.51045221186672440  0.51956649269744870  0.52891393570970036
  0.53866179738121645  0.54859303787842917  0.55852038400035653  0.56918549616163483
  0.58134152492061730  0.59407968711546744  0.60575231590886847  0.61612647805174592
  0.62654404655775886  0.63571306364648283  0.64504903474034125  0.65420873680862102
  0.66367560704069550  0.67433259525901734  0.68544470115555134  0.69682979013597768
  0.70888301272187637  0.72105749659670182  0.73309574663567290  0.74511505993264326
  0.75756078015967998  0.76933934783077706  0.77858458422979815  0.78782138785150380
  0.79766977884074031  0.80743849982876126  0.81701143801195319  0.82689964826065865
  0.83703402970697449  0.84858970001107903  0.85974473693790143  0.87026850116657650
  0.88011700027414297  0.88957319084500375  0.89955484139836228  0.91039060392891535
  0.92281778285704164  0.93578269283761051  0.94811165226654293  0.95947294301268760
  0.96936014956023098  0.97983541751578696  0.99020072231808098  1.00000000000000000
   1.0464443316226142E-003  -1.0000000000000000     
 T T T T F F F F F F F F T T T T F F F F F F F F F F F F F F F F
  <DiscreteSampler_grid>
  grouped_processes
  1 # 1 for a reference and 2 for a running grid.
  10 # Attribute 'min_bin_probing_points' of the grid.
  1 # Attribute 'grid_mode' of the grid. 1=='default',2=='initialization'
  0.0000000000000000 # Attribute 'small_contrib_threshold' of the grid.
  0.5000000000000000 # Attribute 'damping_power' of the grid.
 # binID   n_entries weight   weight_sqr   abs_weight
    10   10   5.154735502952031E+009   2.657367868887187E+019   5.154735502952031E+009
  </DiscreteSampler_grid>
