 -0.00487219673646722  0.02077624892865790  0.04031949666722149  0.05997978482534271
  0.07965219856339459  0.09933560166213663  0.11620560579277958  0.13265781802193502
  0.14939846096378270  0.16604829782876712  0.18264160712481423  0.20015478588745236
  0.21804394044974168  0.23658588250902921  0.25490813309029542  0.27314350872206311
  0.29146869355269289  0.30985340554524166  0.32835482854729359  0.34678816732851947
  0.36518008565107024  0.38354139255512698  0.40195473109596858  0.42067107614453897
  0.43947183297519449  0.45840141412676660  0.47724802040054398  0.49605120900487354
  0.51477282441882743  0.53346305884499379  0.55204064127509744  0.57060077895204553
  0.58913683380634241  0.60761347878750172  0.62606125947540181  0.64450526581565160
  0.66300634988075735  0.68168503526369251  0.70013325019090633  0.71839383683592828
  0.73676898647695976  0.75509330844024325  0.77292401406347411  0.79153061485250631
  0.81145131601691889  0.83183621234946958  0.85252667211896516  0.86944006035992105
  0.87847882105450414  0.87869800603807380  0.87935418988861591  0.88092797801821543
  0.88359915761460706  0.88619684184634584  0.88882748687304947  0.89147556061435407
  0.89408027619947095  0.89667606708364000  0.89928291499773816  0.90189434537605728
  0.90454200421931297  0.90717900612677427  0.90980816507875706  0.91246589275474221
  0.91511763179759209  0.91776797842522595  0.92045517095713392  0.92314331460749677
  0.92585307039575515  0.92860597564234793  0.93135291143529941  0.93407376068406234
  0.93674412200974155  0.93942711396773715  0.94213575384152137  0.94485720799177120
  0.94758034494212440  0.95029998937071347  0.95301161616270358  0.95571320716985264
  0.95844612890240521  0.96119790454370646  0.96393363214409811  0.96665479558373224
  0.96938711061890170  0.97217506935570619  0.97496274544733708  0.97776720656231020
  0.98055999219771539  0.98331405466566213  0.98609127842574884  0.98887955754756729
  0.99165964263783124  0.99444998315867406  0.99722725922168221  1.00000000000000000
 -0.00278653950592759  0.01196652043298795  0.02157574703130135  0.02923647059133989
  0.03828922245737657  0.04749321432343290  0.05578406068369255  0.06382366152214951
  0.07129771421433677  0.07875350294432543  0.08634467131079829  0.09472033598404372
  0.10270030490303469  0.11159253974126658  0.12122092051968550  0.13328053802023121
  0.14684979778324628  0.15963328273489805  0.17197373869670568  0.18390190155130834
  0.19575394314227168  0.20769527116402742  0.21905073756031682  0.22965235320201752
  0.24002142800586179  0.25061298942962362  0.26168647228975206  0.27314323413301905
  0.28461527804700210  0.29591981904536924  0.30908903607536781  0.31963082769710310
  0.33179139869828383  0.34210901646145331  0.35119024892182799  0.36035101821266902
  0.36961943835357747  0.37961380906303899  0.39110441255858114  0.40305900961258245
  0.41600717948103350  0.43047682513641838  0.44100513068981018  0.44905478892053752
  0.45761312539534527  0.46697351574295631  0.47650971440567019  0.48578157229533409
  0.49357808831474820  0.50201389522869755  0.51277871450576951  0.52461940303308563
  0.53739170682188586  0.55034360181597286  0.56307869311165626  0.57554332833234279
  0.58706140727073464  0.59919234373826546  0.61130482867582692  0.62268054714001186
  0.63482804652766300  0.64708493710582038  0.65921047586966830  0.66987103297423101
  0.67830965719468639  0.68684630985851891  0.69610605676725035  0.70588494960660508
  0.71527415951000162  0.72382015812034972  0.73344646443354700  0.74656025715667729
  0.76190900727950872  0.77352749199624327  0.78355323963246559  0.79209523790420211
  0.79932496233907446  0.80623313120224915  0.81258979818263444  0.81862475642698740
  0.82554351219928601  0.83300590853972800  0.84167269722337767  0.84975918380637894
  0.85918296919933901  0.87372021730213656  0.88725247386251893  0.90127932843199809
  0.91398341060675803  0.92672332612488628  0.93905477283209615  0.95107513955215550
  0.96312431994646319  0.97493662631034550  0.98682580073273574  1.00000000000000000
   1.7315595887141722E-004  -1.0000000000000000     
 T T T T F F F F F F F F T T T T F F F F F F F F F F F F F F F F
  <DiscreteSampler_grid>
  grouped_processes
  1 # 1 for a reference and 2 for a running grid.
  10 # Attribute 'min_bin_probing_points' of the grid.
  1 # Attribute 'grid_mode' of the grid. 1=='default',2=='initialization'
  0.0000000000000000 # Attribute 'small_contrib_threshold' of the grid.
  0.5000000000000000 # Attribute 'damping_power' of the grid.
 # binID   n_entries weight   weight_sqr   abs_weight
    10   10   1.294299049986742E+008   1.675315388168435E+016   1.294299049986742E+008
  </DiscreteSampler_grid>
