 -0.00258674861622106  0.00870085338266726  0.01960221328429071  0.03056267018698485
  0.04160250086078687  0.05262954261276366  0.06358400436332531  0.07454860756387957
  0.08553691730251479  0.09649630443298483  0.10775843140918509  0.11801107454144119
  0.12728540948384809  0.13607221545208567  0.14496480669790232  0.15372491339340516
  0.16228085927376529  0.17076879865790368  0.17868578361810050  0.18881402247645346
  0.20678751310621715  0.22446045043646093  0.24201739149330734  0.25940358819744846
  0.27639975185384580  0.29309007614950860  0.30976713508222253  0.32634673732985259
  0.34241337636601127  0.35863622084604452  0.37505330954620203  0.39173304518410024
  0.40848377255888091  0.42518437709744117  0.44186164463423167  0.45851118342130659
  0.47506881040533727  0.49163047590369513  0.50837025726733831  0.52515754017749816
  0.54199253075477771  0.55847730670489093  0.57498407300739629  0.59178257618122920
  0.60849057994627109  0.62512964127659065  0.64171208347708297  0.65815798209596066
  0.67419902582766178  0.69024222101688393  0.70628709505965570  0.72257861879179131
  0.73883111074337815  0.75487165814094292  0.77104130384054081  0.78730170699884505
  0.80318060746582465  0.81901632982313033  0.83480369751119854  0.85032866655569683
  0.86575655624837033  0.88162693734148068  0.89750539038415844  0.91339953054884948
  0.92874363041606678  0.94378912169601736  0.95908181168043227  0.97225535517445194
  0.98120745337996296  0.98124313468351887  0.98137260445336927  0.98190337325800592
  0.98264871691418043  0.98338735243364916  0.98413238577001982  0.98488787040693793
  0.98564781430041637  0.98640661643644112  0.98715785875636519  0.98788953999237916
  0.98863151612324607  0.98938844625976263  0.99014411476212438  0.99090179902965603
  0.99165701420685648  0.99240647008492899  0.99315219165501245  0.99391369700562582
  0.99467350592744552  0.99543634834571726  0.99619754400066696  0.99695110098857609
  0.99771499145703202  0.99848316598902465  0.99924611115805828  1.00000000000000000
 -0.00408068639623794  0.01264810251981325  0.02722317522337733  0.04097664838514735
  0.05447708733016071  0.06742731355925158  0.07954073259029959  0.09256599497679234
  0.10582053159092109  0.11929415808547654  0.13275207445602977  0.14623012731015261
  0.16004363722794146  0.17323473796615652  0.18651272677044869  0.20046650947839179
  0.21557290068398341  0.23214904497742675  0.24802708786381378  0.25952141111349047
  0.27023132564326530  0.28074849562676524  0.29145296631342926  0.30238424527809543
  0.31547789222179889  0.33278386045983627  0.35091779426743896  0.35967351233330863
  0.36698885245442670  0.37486927811187976  0.38156037593644854  0.38782672508943672
  0.39441219387004733  0.40106195678082190  0.40781537517989747  0.41406923587728994
  0.42037304975945755  0.42764905894030880  0.43366854996001009  0.44082832169632036
  0.45171517407597689  0.46256250371196550  0.47265845841433018  0.48622337662741416
  0.50086532385605786  0.51452344049862475  0.52839852950368105  0.54297508330182775
  0.55774360955403768  0.57324979269341791  0.59129924820569280  0.60482741702363585
  0.61350430738358674  0.62121981363046486  0.62823076171350423  0.63493215267401626
  0.64061703859605257  0.64612972618424280  0.65189011318994217  0.65821495099847049
  0.66426969864731000  0.67150295129831294  0.67898565037902048  0.68599411749211159
  0.69357733610240302  0.70137195153618015  0.70883650808574783  0.71610189146332781
  0.72350097186132722  0.73104281830603934  0.73881541690985275  0.74668528330328354
  0.75426623187599728  0.76213295899901556  0.76982812004029733  0.77686988775469090
  0.78351271772278142  0.79036481963521477  0.79767383751959431  0.80529037824326188
  0.81198829784561766  0.81848613007619431  0.82516284441652588  0.83193297996835069
  0.84510856446425586  0.86129672665231904  0.87628983835881546  0.89100302302568390
  0.90538684423499738  0.92015103247220065  0.93518274438664772  0.94936735912136461
  0.96263840893531749  0.97542245467992450  0.98785577532793489  1.00000000000000000
   1.3486027217883389E-005  -1.0000000000000000     
 T T T T F F F F F F F F T T T T F F F F F F F F F F F F F F F F
  <DiscreteSampler_grid>
  grouped_processes
  1 # 1 for a reference and 2 for a running grid.
  10 # Attribute 'min_bin_probing_points' of the grid.
  1 # Attribute 'grid_mode' of the grid. 1=='default',2=='initialization'
  0.0000000000000000 # Attribute 'small_contrib_threshold' of the grid.
  0.5000000000000000 # Attribute 'damping_power' of the grid.
 # binID   n_entries weight   weight_sqr   abs_weight
    10   10   2.588300652912027E+007   6.699302592915111E+014   2.588300652912027E+007
  </DiscreteSampler_grid>
