 -0.01241593861333537  0.02058637127892909  0.05644083965589211  0.09606176176586119
  0.13249690970483544  0.16758464391466343  0.20042905622964083  0.23285289068726986
  0.26512189086643889  0.29923507720246434  0.33374047297638659  0.36907553997966336
  0.39488315080713232  0.41609047339278410  0.43768121962182260  0.44140410333668950
  0.44537577556770436  0.45305961463009997  0.46033098484977314  0.46750539193185559
  0.47462579864661236  0.48176643290899857  0.48893682732312355  0.49608255743853552
  0.50321024826560734  0.51033789801461160  0.51746831331341270  0.52458213651612495
  0.53168422417209726  0.53880010855494853  0.54595912982254946  0.55314255618551489
  0.56032985545781899  0.56750461052722490  0.57467359115216265  0.58183524369135675
  0.58899478418278683  0.59614478430274365  0.60330519592609888  0.61047650511552809
  0.61761592831330259  0.62470895717559638  0.63177921156342409  0.63887041945136258
  0.64599197304932732  0.65314278699811779  0.66028075197123615  0.66745632983187930
  0.67462808640196492  0.68178437350392995  0.68892355363881896  0.69604942743894416
  0.70314827795699730  0.71021287003523270  0.71725373543833126  0.72428842483636324
  0.73133312712518217  0.73838232142583093  0.74542032152940130  0.75243226041215650
  0.75946286148556885  0.76646932600566342  0.77349150279033929  0.78048018646176709
  0.78745096340834064  0.79440849239348910  0.80136584610571204  0.80831617964793379
  0.81531478354764408  0.82227568675957685  0.82924040067475935  0.83613469111424521
  0.84304345402172132  0.84994627401022038  0.85686442429914156  0.86378573032658157
  0.87071338948476062  0.87759729240423001  0.88448442112776815  0.89136768289961743
  0.89824761715969414  0.90508745104563593  0.91191315599470368  0.91873954005168723
  0.92556667233889511  0.93237581009391957  0.93917147691220570  0.94598645035002260
  0.95278411245862549  0.95958996285221942  0.96636225008727328  0.97311127703363109
  0.97982736818288252  0.98652501071261778  0.99324202835305797  1.00000000000000000
 -0.00247725491617325  0.00965826110363265  0.01943297376680617  0.03008625638345948
  0.04016382302049736  0.04972819277758070  0.05932909432899162  0.06988606926875282
  0.08145877515370266  0.09238046779315065  0.10269169418773325  0.11218257187917514
  0.12157373550585482  0.13111079057492570  0.14121440032114063  0.15194899981655535
  0.16377925072902114  0.17566238833549910  0.18728517056994454  0.19842337780498592
  0.20959185875599740  0.21981816840392898  0.23019711032020918  0.23935185365642031
  0.24913716084036019  0.25813706617907695  0.26685160937736963  0.27573620893421147
  0.28476357302507577  0.29432380150705334  0.30452730891366320  0.31489501491906047
  0.32537653699813118  0.33591352685601716  0.34629816401543895  0.35684471293499970
  0.36726567692974360  0.37829526430522770  0.38966642065489671  0.40178999162667772
  0.41442084243617877  0.42702397559815020  0.43920874788386444  0.45030148822609717
  0.46106631112117319  0.47081451911680272  0.48184833797736998  0.49266851985626919
  0.50333522734647840  0.51303122202333595  0.52346552220200604  0.53467157229168893
  0.54610483495413786  0.55701240168264254  0.56841841756181632  0.57991235270235864
  0.59138422987922712  0.60264121217117939  0.61349398606009120  0.62393761528482838
  0.63425154692186347  0.64438021793360878  0.65425832178611476  0.66425561611638073
  0.67500126062479948  0.68597802399065644  0.69639610229039750  0.70659184725739921
  0.71716821660346453  0.72794839218756524  0.73853735622391914  0.74970696381133384
  0.76128820835825217  0.77289936869803688  0.78441610935726658  0.79622926095533730
  0.80831041101328771  0.82015448175871930  0.83114719934424619  0.84098785363671369
  0.85049519123274198  0.86026665116257439  0.87007776449759178  0.87979490183958742
  0.88939494322316381  0.89942589313603338  0.90987841602441577  0.92009877801410500
  0.93011222859188858  0.94050626170787432  0.95115705507726445  0.96138980436317267
  0.97083784162821429  0.98034934986602584  0.99003024138973028  1.00000000000000000
   3.0339228075998170E-005  -1.0000000000000000     
 T T T T F F F F F F F F T T T T F F F F F F F F F F F F F F F F
  <DiscreteSampler_grid>
  grouped_processes
  1 # 1 for a reference and 2 for a running grid.
  10 # Attribute 'min_bin_probing_points' of the grid.
  1 # Attribute 'grid_mode' of the grid. 1=='default',2=='initialization'
  0.0000000000000000 # Attribute 'small_contrib_threshold' of the grid.
  0.5000000000000000 # Attribute 'damping_power' of the grid.
 # binID   n_entries weight   weight_sqr   abs_weight
    10   10   2.415932834762038E+007   5.970124614603838E+014   2.415932834762038E+007
  </DiscreteSampler_grid>
