 -0.00532495616917153  0.01223892027864023  0.02877545827157853  0.04480723603084415
  0.06117245831395223  0.07738592798647004  0.09353812715372159  0.10921850398643371
  0.12379486584951535  0.13785418348443434  0.15218462319040937  0.16654714977087726
  0.18076187918877362  0.19472607707373737  0.20954351654995776  0.22454347665902441
  0.23960004804650972  0.25467050069580915  0.26972363894260554  0.28472206062090977
  0.29969457139128303  0.31466791911789588  0.32963914910894065  0.34459176580519035
  0.35953730766499992  0.37448576890026236  0.38946388168222673  0.40438266701872738
  0.41921905793611952  0.43398613257740865  0.44878001002506573  0.46353043562412899
  0.47827397041479391  0.49302235713497178  0.50778547302297938  0.52264775443197220
  0.53750706773569401  0.55236198252913182  0.56722180949552115  0.58208170446810614
  0.59696348295335255  0.61186745456054104  0.62678876028641783  0.64168113090681689
  0.65657064541419852  0.67142873304532402  0.68624011150632291  0.70098960172484703
  0.71652072499257513  0.73230669816160709  0.74828942325913927  0.76470434661765918
  0.78111725645107277  0.79768913564658950  0.81305243462850618  0.82260909009533623
  0.82689390793684869  0.82923328400159235  0.83271737436554982  0.83713429679743756
  0.84146487666613257  0.84579584265706653  0.85012772717364304  0.85447039773990108
  0.85878217765370657  0.86309850764236329  0.86747713650128910  0.87188845882507082
  0.87632391387152109  0.88075607777090403  0.88518277633113718  0.88963526977408625
  0.89410091324239738  0.89856469911106140  0.90304139833902586  0.90752199908838049
  0.91202145106471244  0.91650766217637047  0.92100268596221779  0.92553223464391088
  0.93009775372841896  0.93463275583274330  0.93915121995251694  0.94369651832270740
  0.94832325409120144  0.95297850829160713  0.95762282111377306  0.96228708041689348
  0.96695818745825390  0.97164171511030406  0.97631303763125166  0.98100232671385168
  0.98571667768313787  0.99045320823046479  0.99523447380957764  1.00000000000000000
 -0.00329091628110574  0.01206560107297240  0.02332526364031988  0.03411493439437898
  0.04488511580043385  0.05553379887454521  0.06550263394310225  0.07488175708875200
  0.08478149551957541  0.09653901309944582  0.10959593569405184  0.12152859770993801
  0.13186687394877317  0.14130762821525492  0.15045114536541376  0.15979642893067666
  0.16906176277311402  0.17771039055604748  0.18606244900577215  0.19554506405352670
  0.20619391743323129  0.21767912582029336  0.23063245057393528  0.24310770222228781
  0.25546455086478204  0.26836809739790690  0.28095470158434926  0.29286194627273138
  0.30395689330381215  0.31424961140743723  0.32395779494319527  0.33360851161865934
  0.34371521975591030  0.35390388021024499  0.36409385620138518  0.37503499785947714
  0.38732786957792670  0.39941308504334949  0.41027151321607652  0.42091849632322925
  0.43168632200337853  0.44232744852508021  0.45274438515546478  0.46369120118897611
  0.47532296079004588  0.48708455682934126  0.49894661464362994  0.51077056534281295
  0.52272559562330401  0.53444983686703973  0.54610144456386922  0.55805666391211095
  0.56994141657747643  0.58169869833812382  0.59394941271044355  0.60486325692866594
  0.61369199891825743  0.62236607005457745  0.63115281783154409  0.64030839362791137
  0.64924670048198596  0.65767450392918847  0.66635025163400730  0.67648190475746894
  0.68678999868359603  0.69656320857050480  0.70665327414124923  0.71908843620054086
  0.73171937117090713  0.74180934933704135  0.75215724560071506  0.76313283870693160
  0.77428038618304418  0.78347894686336550  0.79226987006554406  0.80164741694252006
  0.81172286974429320  0.82158561659587792  0.83114826993275404  0.84075909257786641
  0.85057230671946171  0.86030049849600043  0.86994518353716699  0.87984885208121688
  0.88989710669426325  0.89977254653821503  0.90897578859818295  0.91825681576224061
  0.92790541316597286  0.93782708753720267  0.94727997331188618  0.95662521324693828
  0.96668377699353436  0.97799566487054534  0.98924053068467166  1.00000000000000000
   1.1853419023209735E-003  -1.0000000000000000     
 T T T T F F F F F F F F T T T T F F F F F F F F F F F F F F F F
  <DiscreteSampler_grid>
  grouped_processes
  1 # 1 for a reference and 2 for a running grid.
  10 # Attribute 'min_bin_probing_points' of the grid.
  1 # Attribute 'grid_mode' of the grid. 1=='default',2=='initialization'
  0.0000000000000000 # Attribute 'small_contrib_threshold' of the grid.
  0.5000000000000000 # Attribute 'damping_power' of the grid.
 # binID   n_entries weight   weight_sqr   abs_weight
    10   10   5.310890579764544E+009   2.821063387436134E+019   5.310890579764544E+009
  </DiscreteSampler_grid>
