 -0.00797136274516150  0.00211715496803029  0.01391651691660758  0.03617945251863960
  0.05860896056587534  0.08144122766601020  0.10373502930522291  0.12546996074144401
  0.14633929134870693  0.16698762689229957  0.18811031930264857  0.20944356707115888
  0.23098962495981482  0.25391022482561243  0.27695550239739192  0.29994285461364317
  0.32278266313880205  0.34557384359479709  0.36873644491055074  0.39191709193772750
  0.41512446183390789  0.43847308553255293  0.46194426037966874  0.48596496200772393
  0.50986636934851270  0.53364362270554244  0.55712920034188629  0.58045514956335209
  0.60326668125083616  0.62599470880730623  0.64862885712177021  0.67124006070259723
  0.69386001925693563  0.71767252053321928  0.74159706910100964  0.76593833863497529
  0.78704909202544771  0.80420659335002886  0.81508386478255845  0.82413453899215494
  0.82837000074953804  0.82920230253414617  0.83134790767866307  0.83459551625949335
  0.83783925587092534  0.84109268023269168  0.84433490306513437  0.84755459944759770
  0.85077988623211021  0.85399729011497805  0.85720822881735481  0.86046522058405306
  0.86368818506109335  0.86691959536405572  0.87013475077966773  0.87331035005097069
  0.87646702980074409  0.87964211674676218  0.88286040186766468  0.88608392912478162
  0.88929957576837826  0.89251466712392491  0.89571107757930446  0.89892035165274686
  0.90212345476056943  0.90529531096489857  0.90844790281197774  0.91160361223401609
  0.91479560040656238  0.91796236429922784  0.92112101967403215  0.92429233927958088
  0.92746015023738160  0.93061885310317527  0.93378842790806360  0.93695595504836759
  0.94012770713453297  0.94332235252511831  0.94651205178033615  0.94968035691197572
  0.95282388629987658  0.95594064946316026  0.95906319581778487  0.96223234626088183
  0.96545780440340867  0.96868418069238293  0.97187978152118848  0.97501215448740886
  0.97811401370174200  0.98118912085071286  0.98428459508494448  0.98742584970558467
  0.99056387890977626  0.99370189727164060  0.99685676060398976  1.00000000000000000
 -0.00274401375920590  0.01087005069580707  0.02277772179954343  0.03483258838347431
  0.04507504614252200  0.05379825100057969  0.06266570445902578  0.07225133948458241
  0.08220724323448181  0.09231208610770450  0.10290062898160765  0.11627306484443001
  0.12916033854694162  0.14110845642935108  0.15341345600394446  0.16677906277227475
  0.18054121798347197  0.19195014828852872  0.20104437409418460  0.21011682552556979
  0.21946169553276343  0.22872803805802494  0.23763894804344751  0.24595448679703419
  0.25758242080869748  0.26954058555414179  0.27908624674754301  0.28708971788618648
  0.29504289324607730  0.30345451800016326  0.31212250812932085  0.32137089221021570
  0.33071384536120713  0.34271222981887445  0.35567464760707374  0.36805379407207289
  0.37883723975090683  0.38822103166117050  0.39830639438484761  0.40813609710238241
  0.41910798563562968  0.43115885502208179  0.44260234616997018  0.45428405982854814
  0.46609312205857123  0.47792373369154800  0.49022213841174261  0.50166259118164180
  0.51367037375009150  0.52528518679477476  0.53776672553289961  0.55063923744319632
  0.56331792141503800  0.57517987821311556  0.58535372474463931  0.59308373476557807
  0.60097553406828497  0.60870732726810695  0.61678899867369807  0.62541915017162997
  0.63412203118046451  0.64255138436870796  0.65181147538925022  0.66209112308990459
  0.67297896921748224  0.68422726525059752  0.69347198624125672  0.70370543488907866
  0.71293713001396275  0.72189829501004910  0.73036651647166917  0.73737013920958916
  0.74420248795113431  0.75155960668304511  0.75979042945099962  0.76800908794654077
  0.77567237403084555  0.78275533911430029  0.78970693478490417  0.79849523773142828
  0.80806713656779483  0.81913273600781489  0.83219432399965576  0.84545009494570456
  0.85838447343635638  0.87080044692117198  0.88281866583102397  0.89424999695973995
  0.90592634299695263  0.91911528327636993  0.93308857951883506  0.94714927292767304
  0.96059388766833520  0.97372468624351105  0.98699869174094212  1.00000000000000000
   1.0301468171918422E-006  -1.0000000000000000     
 T T T T F F F F F F F F T T T T F F F F F F F F F F F F F F F F
  <DiscreteSampler_grid>
  grouped_processes
  1 # 1 for a reference and 2 for a running grid.
  10 # Attribute 'min_bin_probing_points' of the grid.
  1 # Attribute 'grid_mode' of the grid. 1=='default',2=='initialization'
  0.0000000000000000 # Attribute 'small_contrib_threshold' of the grid.
  0.5000000000000000 # Attribute 'damping_power' of the grid.
 # binID   n_entries weight   weight_sqr   abs_weight
    10   10   9.667992768008977E+005   9.367078168872385E+011   9.667992768008977E+005
  </DiscreteSampler_grid>
