 -0.00578219464768101 -0.00057233543454297  0.01098158212110971  0.03262366010360920
  0.05404070362695990  0.07523448223376800  0.09531292040449409  0.11406068883278354
  0.13162331106908090  0.14952954485246772  0.16731305689254347  0.18493138087486555
  0.20441087595959717  0.22401459315355199  0.24338894763770405  0.26271442775657211
  0.28199660984537706  0.30082047198317552  0.31963217088128609  0.33842714363425114
  0.35721279620250967  0.37594812229088292  0.39445797692665158  0.41288358507794820
  0.43123839291300836  0.44944520166475366  0.46759034709274322  0.48559248019323226
  0.50358953337896872  0.52158294333729971  0.53969078825320027  0.55771773474332764
  0.57552203553028092  0.59316759898486682  0.61072218761492925  0.62805467524113134
  0.64529966512938275  0.66234102866925337  0.67929091346227521  0.69617598927372348
  0.71305106083744474  0.72991781088002294  0.74675511169362474  0.76354393885470173
  0.78028327078149284  0.79694168040025515  0.81355393781675733  0.82985318913309836
  0.84671995156770086  0.86478870858158763  0.88298540425649086  0.90129141396611101
  0.91957970933304922  0.93349323402870910  0.93353656809280672  0.93384379877021162
  0.93438892838256693  0.93596369534411938  0.93764377805914967  0.93931976957076579
  0.94099739489959233  0.94266610151650909  0.94433022432292857  0.94599674865337280
  0.94767246084407153  0.94933947432477594  0.95100311651094882  0.95265877809371513
  0.95432708516444886  0.95599756069438691  0.95766593198272276  0.95933119109524534
  0.96099412872831669  0.96267140806364770  0.96437433465180311  0.96608703343056934
  0.96779074243994156  0.96947826556930117  0.97115885881924124  0.97285267653038376
  0.97455079447182502  0.97625539142692763  0.97795127921990721  0.97962101515251698
  0.98130698275953387  0.98300555181412197  0.98471068057174949  0.98640678414970817
  0.98811124458081490  0.98981507886254916  0.99151042523964361  0.99320421614022436
  0.99488827867592822  0.99657778002927211  0.99829265505875175  1.00000000000000000
 -0.00339674624841065  0.01155799087134689  0.02509654418735618  0.03812488019081353
  0.05137334371399044  0.06539195489249364  0.07869596762655832  0.08991684658147266
  0.09971801129274489  0.10945801521986032  0.11898908718558357  0.12839857661012147
  0.13753291745238244  0.14842167309746682  0.16182041930871086  0.17578222537013510
  0.18934704102025315  0.20281644730982440  0.21663937748393761  0.22993259636430713
  0.23941224897093533  0.24845439658715926  0.25810199467399453  0.26865859073853438
  0.27782531312095471  0.28571522418725614  0.29292315902926558  0.29978773613149279
  0.30739364964005589  0.31530259448349568  0.32283096734044575  0.33034877469414009
  0.33799777918720092  0.34518840395174927  0.35277494675149140  0.36128301564334575
  0.36984288710759566  0.37814496790126978  0.38614928306357510  0.39490692853895448
  0.40665608551352384  0.42087724459837145  0.43498539269105446  0.44960557346091651
  0.46237973728020859  0.47265280685631583  0.48339796520850858  0.49365257147239483
  0.50370086250483292  0.51338171306435465  0.52356623429355176  0.53500736976299723
  0.54595468144530568  0.55357795335434989  0.56182252255928988  0.57074904310129371
  0.58041128125434904  0.59013360643813251  0.59906086722831231  0.60824012398525484
  0.62261746044523747  0.63849216251281415  0.65050818585017012  0.66154315860899671
  0.67174082743711128  0.68218377159705290  0.69232893250405247  0.70278151778050080
  0.71508218322564832  0.72914248905292989  0.74347088547198281  0.75697577686492723
  0.76989014180827109  0.78259694588851803  0.79538179376447660  0.80850595895093913
  0.81963009181903179  0.82948256367055451  0.83904356777847711  0.84766056030736514
  0.85617362732925995  0.86358627147849809  0.87096103457166174  0.87897303799306614
  0.88741748430052225  0.89582881291376915  0.90388448563106905  0.91186219108091437
  0.92033324998400234  0.93006548414174539  0.93945103368503258  0.94839630883379655
  0.95759954350256848  0.96933943635776043  0.98396161723252484  1.00000000000000000
   5.6836761819763480E-006  -1.0000000000000000     
 T T T T F F F F F F F F T T T T F F F F F F F F F F F F F F F F
  <DiscreteSampler_grid>
  grouped_processes
  1 # 1 for a reference and 2 for a running grid.
  10 # Attribute 'min_bin_probing_points' of the grid.
  1 # Attribute 'grid_mode' of the grid. 1=='default',2=='initialization'
  0.0000000000000000 # Attribute 'small_contrib_threshold' of the grid.
  0.5000000000000000 # Attribute 'damping_power' of the grid.
 # binID   n_entries weight   weight_sqr   abs_weight
    10   10   2.590206571736957E+007   6.709579709387504E+014   2.590206571736957E+007
  </DiscreteSampler_grid>
