 -0.00364697747692418  0.01021290848952975  0.02448285270121376  0.03976787897860320
  0.05514437965062260  0.07040393001587643  0.08232423789681967  0.09445456184026151
  0.10673843589823517  0.11900179883341631  0.13137447223440871  0.14391128756506663
  0.15678314098185578  0.16963533176609602  0.18244454594717849  0.19518788006706358
  0.20833313984881868  0.22145645453920026  0.23449873193394144  0.24746581359907183
  0.26043435028676587  0.27341746061867916  0.28688122309747993  0.30046598624784454
  0.31409314901269547  0.32772180620601632  0.34143678018007989  0.35555009524800196
  0.36947575225427393  0.38328862077491921  0.39726428029087396  0.41090130897912602
  0.42412843689020002  0.43759795414589941  0.45111624804838446  0.46466065193814432
  0.47811066398109148  0.49146514549469578  0.50462584479733463  0.51781488917779583
  0.53097179572195741  0.54394855912446938  0.55681730727055789  0.56969307693919091
  0.58285014947400182  0.59590762012170162  0.60900148982098901  0.62235292342556758
  0.63544492970677136  0.64847713017541631  0.66159284397892459  0.67502488982784969
  0.68865342651440520  0.70259006487398890  0.71660237369546320  0.73069699305382940
  0.74501310755013750  0.75955366104088751  0.77417585557882063  0.78850618279387252
  0.80275433097172344  0.81693279982861466  0.83075460244585642  0.84458892777809891
  0.85845138775230700  0.87249978474531653  0.88659996925168305  0.90074087490733934
  0.91490384102226208  0.92898736815062743  0.94282750104414259  0.95603892704642468
  0.96928989120713638  0.98342707597054069  0.99140247725266339  0.99367983273512384
  0.99371559819626765  0.99386379351440413  0.99420364682562101  0.99454449392894739
  0.99488537541773003  0.99521924624574187  0.99555744443263494  0.99590592821885882
  0.99624678778291254  0.99658939721279083  0.99693624342348897  0.99727730152709904
  0.99761068009541454  0.99794427767236304  0.99828763587752589  0.99863393698329583
  0.99897534738800498  0.99931379297736522  0.99965834298164058  1.00000000000000000
 -0.00366137508996992  0.01442513354900623  0.02338471949709420  0.02956936710034448
  0.03702235144989065  0.04450950341276098  0.05173076088485976  0.05882302658293503
  0.06567176931595156  0.07222746737743360  0.07790835290334140  0.08405918470710051
  0.09145646197714875  0.09901575014899074  0.10659736000921209  0.11428236260970029
  0.12069277473928051  0.13162128253988728  0.14643957411241462  0.16149554032418939
  0.17614320875827086  0.19032336400919850  0.20400194144787553  0.21724957162939401
  0.23058532268725618  0.24421304387412532  0.25793624873635607  0.27217631501404449
  0.28703847603318688  0.30176618439141056  0.31474944481051509  0.32291408298875146
  0.33179266932759072  0.34037045818371681  0.34825330948117239  0.35637142768629448
  0.36431016038828756  0.37216573268141917  0.38317932541798733  0.40114226439583656
  0.41901122159266380  0.43296422345231461  0.44248292429525482  0.44980069269664646
  0.45740370357542504  0.46507106468568959  0.47295490319000472  0.48074678178665714
  0.48800286390099540  0.49467605809745185  0.50395989996599655  0.51715749432886871
  0.53189306018692795  0.54630922407727844  0.56014968154953237  0.57350955742319376
  0.58724895302873836  0.60164602339481699  0.61625732121175780  0.63078528812280199
  0.64579933122607736  0.66076001349325419  0.66967065785911917  0.67673274824085983
  0.68415337300657397  0.69190721212454431  0.70022501648486024  0.70808734963275932
  0.71586065271701593  0.72297411318627003  0.73294456692426857  0.74719472414707877
  0.76346443905061112  0.77449680089348871  0.78090441833741953  0.78843601538745112
  0.79491694572491123  0.80090247320117491  0.80676235626559822  0.81262422815799096
  0.81884785589380860  0.82488022626498614  0.83075614968278289  0.83722822606424130
  0.84425373120433278  0.85039057705577425  0.86244183331330848  0.87829827139108418
  0.89473296059931540  0.91038987341763877  0.92507445484498318  0.93974864249671564
  0.95412461453020803  0.96852785902772287  0.98360106804837599  1.00000000000000000
   1.5852210222052227E-004  -1.0000000000000000     
 T T T T F F F F F F F F T T T T F F F F F F F F F F F F F F F F
  <DiscreteSampler_grid>
  grouped_processes
  1 # 1 for a reference and 2 for a running grid.
  10 # Attribute 'min_bin_probing_points' of the grid.
  1 # Attribute 'grid_mode' of the grid. 1=='default',2=='initialization'
  0.0000000000000000 # Attribute 'small_contrib_threshold' of the grid.
  0.5000000000000000 # Attribute 'damping_power' of the grid.
 # binID   n_entries weight   weight_sqr   abs_weight
    10   10   4.848355602808312E+008   2.350655205556830E+017   4.848355602808312E+008
  </DiscreteSampler_grid>
