 -0.00444386061496723  0.01791302037793147  0.05887423774534536  0.08761873055885754
  0.11001284940234712  0.12883700598025255  0.14653427888654683  0.16326896200351554
  0.17886943452531137  0.19324696762708132  0.20715760944542874  0.22081654532008779
  0.23420997037559010  0.24723706870860301  0.25964102682951029  0.27150861534013404
  0.28316509837315823  0.29469329643605591  0.30614537689049298  0.31750700044386176
  0.32867624490076186  0.33964966074073460  0.35043312335327431  0.36104443925819585
  0.37156716822796909  0.38199488755987698  0.39238438033198625  0.40276964310449154
  0.41307195827969101  0.42335176630015309  0.43356491852488277  0.44371896258163596
  0.45388884454815664  0.46403025993142177  0.47413957889098501  0.48421263754724564
  0.49424281510403939  0.50428598832229732  0.51436356749597745  0.52446498399569408
  0.53457399552334139  0.54463443014292534  0.55466533492688697  0.56469946137694316
  0.57476230030822517  0.58486036552969789  0.59518098053879143  0.60560455730932827
  0.61607872120409357  0.62665140837477351  0.63722808003946374  0.64781137957759594
  0.65847781680547901  0.66940236610153925  0.68039822162810504  0.69173964115364750
  0.70329800663741993  0.71491239073592061  0.72670918808624585  0.73871729150969001
  0.75089715798785572  0.76339678364475139  0.77673185538104272  0.79051630941149043
  0.80539066709856988  0.81849996658745483  0.82626800758521657  0.82865933907428135
  0.83081670297052701  0.83482929280992269  0.83900781099089283  0.84322625847123267
  0.84748946562628680  0.85182379183412271  0.85627087772435806  0.86085001482982071
  0.86550304255546040  0.87021392946637521  0.87497149239520189  0.87983289039280921
  0.88485829461657239  0.88997439953037216  0.89524506137482129  0.90069377463532330
  0.90629901874823648  0.91205647665125866  0.91806859977819999  0.92438860702315351
  0.93092678956814645  0.93789896114938587  0.94527488529237824  0.95320647752907639
  0.96187945128431251  0.97184932420977654  0.98388782519374574  1.00000000000000000
 -0.00464926103817241  0.01533711166869745  0.02775631558252444  0.03867066746242774
  0.04908156309630270  0.05923003789133781  0.06923859774009430  0.08006372117786749
  0.09261833498222281  0.10621301979523930  0.11958105869053032  0.13132252171056802
  0.14100650726946462  0.14983776646278557  0.15858007022878023  0.16785192964953269
  0.17736193610559631  0.18669214505093387  0.19571575386051704  0.20531897213514261
  0.21670596149243102  0.22941866235028530  0.24260335663887106  0.25581860325110262
  0.26893252826037745  0.28191753263557678  0.29421701878272122  0.30371031300066442
  0.31330309343180074  0.32244693315366640  0.33172016656012654  0.34107117804320070
  0.35106480916133925  0.36211904028124492  0.37450158449113979  0.38859070410890878
  0.40036341486141946  0.41052152796591163  0.42076223679837016  0.43066217969052301
  0.44041781079070075  0.44976621186583338  0.45990926264896803  0.47214856936290978
  0.48494465983076712  0.49738278215919218  0.50936957846799313  0.52100064324620843
  0.53269787073586350  0.54473058946430597  0.55711073718602511  0.56972656715122250
  0.58246031179016888  0.59512863662160775  0.60679827844347323  0.61563681375246015
  0.62439211903667124  0.63359915282636281  0.64307567569571789  0.65228996829252750
  0.66105819194602289  0.66989409504663311  0.67949192286715576  0.68960943492810645
  0.69928683503576727  0.70940531245284588  0.72118349694578243  0.73130802982885579
  0.74069182771688336  0.75033871679722186  0.75997940887431559  0.76953442859144860
  0.77889440729928416  0.78795562843932010  0.79684913608365415  0.80605920852540847
  0.81499564297335958  0.82366115834616738  0.83270612694462409  0.84207357141734340
  0.85134369071310478  0.86077091549040752  0.87045991342466300  0.88045365001390008
  0.89047223396536979  0.89995355982736047  0.90863159795493897  0.91726024952801066
  0.92618033311986658  0.93546259807967214  0.94467389163817983  0.95411619283381832
  0.96423313955807288  0.97636593955323514  0.98806869702179934  1.00000000000000000
   6.9925948467701993E-005  -1.0000000000000000     
 T T T T F F F F F F F F T T T T F F F F F F F F F F F F F F F F
  <DiscreteSampler_grid>
  grouped_processes
  1 # 1 for a reference and 2 for a running grid.
  10 # Attribute 'min_bin_probing_points' of the grid.
  1 # Attribute 'grid_mode' of the grid. 1=='default',2=='initialization'
  0.0000000000000000 # Attribute 'small_contrib_threshold' of the grid.
  0.5000000000000000 # Attribute 'damping_power' of the grid.
 # binID   n_entries weight   weight_sqr   abs_weight
    10   10   1.763130952170840E+008   3.323508010796482E+016   1.763130952170840E+008
  </DiscreteSampler_grid>
