 -0.00649590344952286  0.01674677110561903  0.03540286869730595  0.05409664702070742
  0.07274584137030488  0.09131925419120042  0.10783537927236397  0.12306961573293562
  0.13880109420692993  0.15452405300061359  0.17010901770062656  0.18623809239591316
  0.20270399711370027  0.21985534822024633  0.23703207704177021  0.25410545516774713
  0.27120900179878227  0.28834594559090693  0.30542136353065263  0.32247711449244643
  0.33955290328599386  0.35664270358853872  0.37376359597114295  0.39096288818693042
  0.40821557207433928  0.42558332385551639  0.44296580193921253  0.46034886786306045
  0.47773932826197862  0.49513723386894265  0.51249569307646603  0.52984581164711975
  0.54721175388397769  0.56471421863986493  0.58243075342930561  0.60026281461386755
  0.61814638623570939  0.63613349844277189  0.65425972901008678  0.67267634989174407
  0.69129155613111470  0.71001355389379794  0.72861686073183374  0.74766547398797356
  0.76772255662161515  0.78833298050533884  0.80929329419633877  0.83181431839631892
  0.85068777474603241  0.86151118073815924  0.87457082254602758  0.87845439727073871
  0.87912115862092710  0.88015034918978685  0.88274348064798247  0.88545088535382255
  0.88814830473377626  0.89086674052669335  0.89360331730189702  0.89634062850950447
  0.89907837951707015  0.90181965460795255  0.90457038723599459  0.90733183235736981
  0.91010161343606155  0.91286945271973707  0.91565555727070624  0.91846148135464845
  0.92128508510803042  0.92412370671241084  0.92695731027134609  0.92978814304878921
  0.93262731308997826  0.93546029889520488  0.93829954897273271  0.94114847182164896
  0.94399991503979508  0.94685843438476125  0.94973478272788092  0.95262865523949547
  0.95552979986888842  0.95844712274087440  0.96136358291508406  0.96427331718044740
  0.96719350667930371  0.97014938466251199  0.97311114155345113  0.97607207917274064
  0.97904094675128750  0.98200682897378422  0.98499244825834087  0.98799373969362625
  0.99099444793742675  0.99399240688427615  0.99700100992400809  1.00000000000000000
 -0.00375644587176214  0.01156462261115786  0.02416006810694064  0.03495396245103529
  0.04567833587448838  0.05697550083076539  0.06795810500024353  0.07826027824151384
  0.08858292202097523  0.09938563483068144  0.11068297335494454  0.12360475883601146
  0.13753661281818330  0.14994509908462236  0.15966956050879794  0.16891084739201881
  0.17818468889116179  0.18746964359668974  0.19652449028277896  0.20675772138314918
  0.21919771475246616  0.23255994970228000  0.24513618503926546  0.25659776328879957
  0.26784687196295215  0.27874794237564104  0.29003728948885732  0.30102859344460514
  0.31217048394401431  0.32317729360241781  0.33350057040700992  0.34347682315367839
  0.35294319903732341  0.36678181480996169  0.38102790726801533  0.39543399959255687
  0.41022189170007217  0.42048243350674364  0.42910650808734496  0.43829427269074711
  0.44676653000027111  0.45526083840709219  0.46407157733603888  0.47297513556693749
  0.48301335180318777  0.49489260742551910  0.50687826006067038  0.51795433472406704
  0.52880640194464701  0.53919991776280618  0.54909579425576749  0.55880918738055552
  0.56830926029165452  0.57783377366219013  0.58648289460182490  0.59518186981377874
  0.60395712249016942  0.61350770982201752  0.62390682944420095  0.63487234616822386
  0.64526193967697865  0.65493464929173195  0.66464254888065943  0.67487255705872884
  0.68512602663324207  0.69609509552150761  0.70780463033539898  0.71955040297448691
  0.73052216419351501  0.74095209439178489  0.75165286909341589  0.76299382567686280
  0.77427156758166826  0.78488139693653591  0.79520458189763210  0.80595347893548785
  0.81680705059914216  0.82750093634093946  0.83714667052677982  0.84652583224979505
  0.85585750395051630  0.86573016847783835  0.87530291731679977  0.88488125020678132
  0.89394673562197235  0.90360259600664594  0.91328976997621480  0.92262003272246595
  0.93195225667277648  0.94147921072482998  0.95063030656566105  0.96016787000173176
  0.96972262194741043  0.97979783156042166  0.98997506359530751  1.00000000000000000
   7.6667368850583695E-006  -1.0000000000000000     
 T T T T F F F F F F F F T T T T F F F F F F F F F F F F F F F F
  <DiscreteSampler_grid>
  grouped_processes
  1 # 1 for a reference and 2 for a running grid.
  10 # Attribute 'min_bin_probing_points' of the grid.
  1 # Attribute 'grid_mode' of the grid. 1=='default',2=='initialization'
  0.0000000000000000 # Attribute 'small_contrib_threshold' of the grid.
  0.5000000000000000 # Attribute 'damping_power' of the grid.
 # binID   n_entries weight   weight_sqr   abs_weight
    10   10   1.834648989846121E+007   3.370960295430400E+014   1.834648989846121E+007
  </DiscreteSampler_grid>
