 -0.00581527096109219  0.00041465646149772  0.01070213030961993  0.02847667116897873
  0.04643567243552189  0.06439771503082395  0.08149109312161920  0.09776652701249683
  0.11318898105949796  0.12897585465992029  0.14469725265694477  0.16030251960902409
  0.17718102251313492  0.19412028203993012  0.21092479064546363  0.22759050874405445
  0.24412023566726188  0.26033827782133384  0.27645984203553120  0.29254212509308020
  0.30869013232744663  0.32458067173705624  0.34022725702724538  0.35584344530934009
  0.37148083614257948  0.38715949414405215  0.40288875028226334  0.41866573784981104
  0.43455626838653921  0.45049240557362297  0.46644981743272063  0.48240233741477118
  0.49840753728483472  0.51445447145292544  0.53035684833134733  0.54616575156206837
  0.56181678104582189  0.57774655512703599  0.59376343171650792  0.60958676163237502
  0.62547782877883984  0.64146247507091825  0.65713493940397494  0.67272309667890262
  0.68835925770859074  0.70408392237146666  0.71989215250782623  0.73510679192234141
  0.75021189115002629  0.76520697725557540  0.78015013459791827  0.79503915724957086
  0.80969388730051706  0.82410709968528961  0.83830884496135127  0.85261831441210512
  0.86689441202140871  0.88110471278790670  0.89658188336451827  0.91241127528263921
  0.92830690276259775  0.94483896293741165  0.96197428358056225  0.96942780867121103
  0.97327457225221070  0.97508262983102800  0.97520457854883191  0.97554723916589170
  0.97641391694346102  0.97729491519641520  0.97816666835340393  0.97904091667140325
  0.97991472914699240  0.98079187678606616  0.98166054407003467  0.98251754708879424
  0.98339122071442731  0.98427974844877730  0.98516630210885336  0.98603519140948304
  0.98689006435180315  0.98775534601548021  0.98861671041081167  0.98949606365361864
  0.99036915603515163  0.99123630715600464  0.99210541851653533  0.99297211965890742
  0.99384562588205339  0.99472409346470791  0.99560345657994120  0.99647603886958158
  0.99736374399734551  0.99825380573699252  0.99912810947596520  1.00000000000000000
 -0.00229536828528486  0.00918392864491203  0.01853958555584764  0.02819592464586721
  0.03737572859846398  0.04642780523015754  0.05547046048356706  0.06690596668292353
  0.08542483632539287  0.09496671757655664  0.10455146422015281  0.11346829824742087
  0.12209892234240199  0.13102844615771436  0.13945869552732401  0.14751880681770232
  0.16425657266927160  0.18097351442528126  0.19795424441533022  0.21314046963664321
  0.22537653738488705  0.23479045053541114  0.24269856240979681  0.25031903647505821
  0.25767157083123704  0.26559164950529096  0.27387331920982860  0.28137398045140499
  0.28879812462985666  0.29655253869167586  0.30455677376484286  0.31216272818400742
  0.32097677771643091  0.33120645465684545  0.34216486608462693  0.35309082644973261
  0.36300522066348034  0.37239665321538928  0.38187436202558006  0.39192094483533674
  0.40477378328460267  0.41969360970707242  0.43479684634400440  0.44922069597839515
  0.46229923206113732  0.47017657950704705  0.48080502895248461  0.49112064886802487
  0.50083877021502221  0.50910066509659191  0.51749199328086093  0.52731512220167842
  0.53827644393721585  0.54854775949425261  0.55822312215434511  0.57008585408288781
  0.58566878964903635  0.60133120874215273  0.61184471357655612  0.62123546408156738
  0.63058330493422776  0.63985870129982014  0.64896060743479478  0.65814536569020277
  0.66812022708158414  0.67924347740774471  0.68939234201264910  0.69918213267152673
  0.70932161426710083  0.72040918699718415  0.73184643275782835  0.74303329910984095
  0.75568814628036785  0.77015167101869908  0.78490364859245398  0.79965582622967635
  0.81458405529928790  0.82892675625678147  0.83972672545704641  0.84719292342970953
  0.85598305417133069  0.86522797868225010  0.87451805884411726  0.88305939417601309
  0.89064938981285058  0.89922161376376120  0.90899585094940105  0.91923920366453626
  0.92814583544957208  0.93913612829838933  0.95269965223185116  0.96392796555722138
  0.97391808116467915  0.98345949511398612  0.99201516534221956  1.00000000000000000
   1.3851149490576495E-005  -1.0000000000000000     
 T T T T F F F F F F F F T T T T F F F F F F F F F F F F F F F F
  <DiscreteSampler_grid>
  grouped_processes
  1 # 1 for a reference and 2 for a running grid.
  10 # Attribute 'min_bin_probing_points' of the grid.
  1 # Attribute 'grid_mode' of the grid. 1=='default',2=='initialization'
  0.0000000000000000 # Attribute 'small_contrib_threshold' of the grid.
  0.5000000000000000 # Attribute 'damping_power' of the grid.
 # binID   n_entries weight   weight_sqr   abs_weight
    10   10   2.506032679824908E+007   6.280213948969138E+014   2.506032679824908E+007
  </DiscreteSampler_grid>
