  0.00840364539270608  0.01574775212540034  0.02602938468768096  0.03741223373264772
  0.04871394384614123  0.05988354060380316  0.07047938932367379  0.08107692319826125
  0.09219958759423295  0.10414073382059412  0.11632925944433636  0.12661737821688226
  0.13512087609763404  0.14360322299247419  0.15209975752075922  0.16084573575302386
  0.16941294112664743  0.17828272999169092  0.18724585687117071  0.19759295425048742
  0.20751051945663659  0.21735997214096150  0.22746138663833348  0.23705264405652365
  0.24636500267535799  0.25567016128098669  0.26666349744474827  0.27757809645693410
  0.28901012372501145  0.30087474871376946  0.31276934500181136  0.32349608076550918
  0.33369353904276844  0.34325917857589361  0.35420065734575695  0.36610786127077038
  0.37777276845191665  0.38851070242159991  0.39820725852007566  0.40604080695527833
  0.41431007281608806  0.42233007897680885  0.43047392550365982  0.43892602870862829
  0.44784071781498203  0.45727670119362251  0.46855511653942672  0.48072285114882185
  0.49157192689934875  0.50224357919045470  0.51100016678089288  0.52142552203061066
  0.53138414651113952  0.54200967775141928  0.55289572066938675  0.56394165228722370
  0.57502250737061567  0.58527499075939771  0.59535376980172483  0.60594872987240855
  0.61628022379080694  0.62787386217722896  0.64021509806709154  0.65392549044661719
  0.66714388365113608  0.68008739312185218  0.69238986137721759  0.70306298360854258
  0.71266615952722423  0.72218244872333170  0.73174415517169256  0.74248541001433965
  0.75355930177478525  0.76501546295728362  0.77696759499565504  0.78803316898953790
  0.79739263184117293  0.80563879862217180  0.81487332966463011  0.82486558552497780
  0.83485883287351936  0.84474322052955020  0.85549136390090696  0.86769075538347806
  0.87927512829403009  0.88936970971294693  0.89912290455366528  0.90932221724283524
  0.92087755890312217  0.93300430521411337  0.94474098032144282  0.95458406092001258
  0.96427841029867345  0.97450637302687593  0.98654214819341535  1.00000000000000000
  0.00769165872945336  0.01629821481366232  0.02549341224542232  0.03489291565773452
  0.04391584303250001  0.05237526403401145  0.06115578637340948  0.06919109087286433
  0.07705249776219684  0.08507921252541277  0.09397125947631982  0.10347482071208756
  0.11385816257725220  0.12484096406068708  0.13464628968945910  0.14519313295977052
  0.15560980667545862  0.16614556571226655  0.17574183316410466  0.18475067781310259
  0.19440728786900624  0.20564423870991114  0.21650954513711870  0.22662373026520868
  0.23707335587994843  0.24833995713624382  0.26110807002069802  0.27400060376246410
  0.28619260661296314  0.29795106708682395  0.30911242652718318  0.32091930085121395
  0.33265429686117032  0.34584651470946548  0.35882583814147223  0.37203670588302928
  0.38458584974906201  0.39740221200652109  0.40944836467967388  0.41944192539073039
  0.42773093643368298  0.43649260819155750  0.44546356993635328  0.45423219444023560
  0.46299761118047000  0.47241303716414584  0.48269273804130236  0.49433119708609852
  0.50585529926717032  0.51776997677332304  0.53030430592645705  0.54282028475999966
  0.55525280776809793  0.56661449699141386  0.57693071292521836  0.58681441191130690
  0.59652868869490938  0.60737727651321138  0.61847825412282864  0.62942879934490081
  0.64027911471810772  0.65128297525602086  0.66213006671757080  0.67219061423340731
  0.68234792368163377  0.69292999441436987  0.70455065433090058  0.71612261051567105
  0.72761424734563773  0.73918520892510031  0.75120160548831683  0.76234711231849361
  0.77280432257672482  0.78331084560338338  0.79373589338515260  0.80390313627435461
  0.81416452625636415  0.82387258152143450  0.83344487961894931  0.84231079566763856
  0.85229632108190745  0.86312863448347654  0.87472695331524675  0.88641291306545222
  0.89659340125811726  0.90539156085317318  0.91434211715833913  0.92364773724459515
  0.93249093101227554  0.94114557829744960  0.95004527196004418  0.96031664781262005
  0.97132464223022796  0.98158183324285131  0.99234713155431997  1.00000000000000000
 -0.00204473591240967 -0.00013329575574448  0.00177814440092071  0.00368958455758591
  0.00560102471425110  0.00902298949726253  0.01282309262477966  0.01662319575229679
  0.02426429710814592  0.03727022070331484  0.04971069302038075  0.06408379790693072
  0.08377496731254276  0.10681056619471779  0.12907084518976061  0.15046779221031137
  0.17208512094736553  0.20135432398487965  0.23114629095305514  0.26128416831800672
  0.29063243838936520  0.31963878247779959  0.34818227251930806  0.37686766803130178
  0.40520096939963374  0.43252675798512991  0.45965036531383718  0.48691708061022887
  0.51535370956436855  0.54471412863893376  0.57470279754052567  0.60748009525686419
  0.62456812054057753  0.62630950341589409  0.62864919130917618  0.63302833733116026
  0.63903317031489937  0.64486724473577695  0.65081411316703852  0.65678138702228106
  0.66262125414576056  0.66838064211571713  0.67415408612218053  0.67988888442024220
  0.68559295656687513  0.69139576844230799  0.69734635952790869  0.70339112395517323
  0.70941608099575382  0.71548539726833060  0.72152338129200178  0.72753080922377955
  0.73347601997823519  0.73929851916558076  0.74497811083115251  0.75078720044958180
  0.75661801365993420  0.76249836858404318  0.76861849220199530  0.77498791434974434
  0.78128305579370250  0.78750289253787542  0.79367093898955143  0.79980761785176913
  0.80597179636057104  0.81210312708320931  0.81813900536713680  0.82432774833734124
  0.83056627437784136  0.83667297390937023  0.84268395233337068  0.84870672957366644
  0.85498312236178398  0.86126961404898206  0.86753250132653126  0.87368135851980244
  0.87970432435898593  0.88577682335547725  0.89212847639403414  0.89844451186397567
  0.90471934312428137  0.91103478801201165  0.91740252206345818  0.92379914427527154
  0.93028973222977285  0.93664605268850465  0.94301615842535114  0.94937345326485445
  0.95571898276949163  0.96202939574941360  0.96823569642096019  0.97446727175521830
  0.98073025622737353  0.98702913875858089  0.99346788650179996  1.00000000000000000
 -0.00163263499871788  0.00834395928962154  0.01811616384670655  0.02764586463141071
  0.03905891135266880  0.05067526887561907  0.06227935675248710  0.07355605902385340
  0.08478783818365412  0.09657791067000547  0.10726104956157738  0.11634007140086096
  0.12544219654645677  0.13351058246594147  0.14127901000777526  0.14920993353338344
  0.15831232920025112  0.16764801968278453  0.17851910587249425  0.18921039866691264
  0.19941853776307397  0.20957981836537620  0.21959122336189998  0.22966504543962468
  0.23984873668427203  0.25037280431637926  0.26218463859821645  0.27428695782640189
  0.28537291320200830  0.29489574404313751  0.30354049681973261  0.31165112399300371
  0.32019468409509066  0.32911445448346616  0.33938136531116631  0.35065951963087943
  0.36242834200384555  0.37503341587850891  0.38805463607559637  0.40094732590933874
  0.41287215204147060  0.42430422389445555  0.43494169927048953  0.44393081881745544
  0.45193547614551527  0.45950597102196733  0.46747139629066553  0.47681822569100540
  0.48741055963130353  0.49909891203495510  0.51206882763581130  0.52513206190081263
  0.53673709703714267  0.54742090926429454  0.55768892068544296  0.56650738497023545
  0.57450732909931579  0.58295847570539783  0.59190213344514719  0.60033393291617732
  0.60883650571681702  0.61767255028577062  0.62706216979762663  0.63889751017745966
  0.65132967755518445  0.66328449850415405  0.67510781609100345  0.68630597334098864
  0.69731056931441238  0.70734083398626846  0.71712882906766373  0.72752028130516055
  0.73808611762200238  0.74968619770760703  0.76157003722497818  0.77399683945414122
  0.78600660483268725  0.79761587391704769  0.80893467470048686  0.82035330354336011
  0.83180346505543601  0.84332050415535720  0.85429533282277836  0.86457087587261250
  0.87485989179029400  0.88558613314670975  0.89710034518083603  0.90958140729627912
  0.92079028346336345  0.93165420449111713  0.94241252784447271  0.95326191487706202
  0.96450714925850001  0.97598404960831375  0.98766318339372783  1.00000000000000000
 -0.00261263732547761  0.00918807991005038  0.01957386009834718  0.02975408949077080
  0.03986269407875234  0.05005063938739061  0.06038718025743339  0.07067382036085088
  0.08073570158549703  0.08927467733446186  0.09764805384657378  0.10575391032589913
  0.11305503206461426  0.12019823676896327  0.12731483245357444  0.13471688703802004
  0.14212615022720015  0.14967972265758417  0.15788287577442892  0.16542215445052344
  0.17656435109300347  0.18664948152102173  0.19648638813283717  0.20661881088801418
  0.21733534082088973  0.22869149812918840  0.24049579091554985  0.25192959692005112
  0.26265080978923333  0.27310892326542258  0.28355077404485274  0.29447799458896262
  0.30575272979879936  0.31677954751347009  0.32831077751305732  0.34012098703840721
  0.35219061619277570  0.36484622681178286  0.37694472609694207  0.38879422529695540
  0.39991762203583087  0.41217892646668342  0.42348501707823671  0.43390172704304492
  0.44414449417680774  0.45475813381356078  0.46606255279879716  0.47791280330676067
  0.48936850392003933  0.50031243209834475  0.51103211358749612  0.52193855687463586
  0.53240483151770601  0.54238733117515003  0.55204725274516564  0.56179818155621597
  0.57219881034761144  0.58338469200896503  0.59524462246014398  0.60704599260195768
  0.61943830510344688  0.63203624015255788  0.64506929016957493  0.65780015884072196
  0.66867609426479513  0.67680539464612355  0.68440268174649554  0.69198733041038674
  0.70063977696629198  0.70965936361741278  0.71862924468050360  0.72743912984407633
  0.73762080902916716  0.74867637587785330  0.76248511030800492  0.77518227891662050
  0.78603852763379878  0.79614734413834298  0.80550530966544842  0.81460435804891373
  0.82428259146080318  0.83481222189019333  0.84685699719075003  0.85941770611547641
  0.87209004977417803  0.88417773210369921  0.89657692542359435  0.90846258506632005
  0.92006872693248076  0.93050941977706825  0.94094336250882304  0.95147887131263442
  0.96355012500665727  0.97536242261902173  0.98769184487986217  1.00000000000000000
 -0.00274330005502790  0.01112614971595077  0.02227978992717910  0.03336358095741497
  0.04490340557367832  0.05702748275452347  0.06852758453660163  0.07888673867816075
  0.08860301520704222  0.09856181616350623  0.10912529504998589  0.12095842035836660
  0.13323829292764264  0.14516578989565920  0.15669862412891838  0.16769478315498196
  0.17872709689893923  0.18945687216050536  0.20064483595121196  0.21104944260767838
  0.22038758930642913  0.22976818711258409  0.23839107695776671  0.24657445173215797
  0.25443483176200643  0.26190121398023003  0.26923363074560347  0.27721135367978034
  0.28655649868287714  0.29705921473936919  0.30870090847263754  0.32048776121974726
  0.33182094291796127  0.34341891198833630  0.35514509844709558  0.36696067781512171
  0.37956332826122441  0.39207428622991658  0.40541030392259220  0.41769186585938145
  0.42466709240733413  0.43020618770104274  0.43563600577658407  0.44196116810185915
  0.44982401850259879  0.45762008051098291  0.46612017037204445  0.47471276395540185
  0.48535009158686693  0.49881093743942201  0.51268159418261006  0.52574116896937828
  0.53777725910673024  0.54946668586082825  0.56060723799371603  0.57232282988005934
  0.58278928966940569  0.59253844380861209  0.60238192102082333  0.61166182834407679
  0.62237736306663782  0.63402150991868489  0.64616310746611216  0.65828937756010353
  0.67009534690020522  0.68230174797506193  0.69509322748683200  0.70767252993116492
  0.72041011430411483  0.73269870427578765  0.74442113685561739  0.75605668339941368
  0.76785221486492627  0.78003939204723149  0.79114087273764588  0.80104433549248333
  0.81073052497147513  0.82059285283448091  0.83106728899526461  0.84271486537490170
  0.85506092067378447  0.86689133925896178  0.87752223274114272  0.88729186693394591
  0.89678382064215090  0.90621065887713348  0.91536196884655530  0.92448018253819464
  0.93415823284532928  0.94316153179163109  0.95328057785793485  0.96317333398516836
  0.97270301345096166  0.98169144826233989  0.99056445458677245  1.00000000000000000
 -0.00282312922410377  0.01321417473035281  0.02691661435364107  0.04054926567875226
  0.05390794659304352  0.06647650053227991  0.07890663929826343  0.08955259910439980
  0.10056638586422584  0.11159254319307850  0.12269304555374533  0.13312085286962130
  0.14344958431734142  0.15541709526077177  0.16855823557279395  0.18135264307765778
  0.19538432906272599  0.21065310351792185  0.22440733815079544  0.23719722991098505
  0.25024944249749242  0.26452540597407526  0.28014657996525399  0.29589764589611905
  0.31096175386182767  0.32572164377393054  0.33913199639407599  0.35073274066137355
  0.36128655448841868  0.37107052835495008  0.38086336785616698  0.39099677344410860
  0.40286644818185757  0.41533822598809966  0.42777137345758104  0.43999304915070114
  0.45159248310884753  0.46286010287251039  0.47371241493296473  0.48457402679222500
  0.49527079159646803  0.50572210285900432  0.51714045005064346  0.52913587179953470
  0.54112868378273360  0.55030016677577298  0.55906432981946530  0.56638977649727540
  0.57322919621942459  0.58192924638374133  0.59047893098750714  0.59808523145940162
  0.60547137167521792  0.61226939688334081  0.61989784419780591  0.62798909943946146
  0.63690858123350047  0.64541492116170962  0.65384150483767167  0.66310253269846464
  0.67416039487539003  0.68622665867193244  0.69714465144709437  0.70709338516342468
  0.71668599411894407  0.72603393436081876  0.73524092198967095  0.74495951558081663
  0.75486906235380891  0.76521757799035850  0.77627204353614221  0.78640101605622736
  0.79613435500923013  0.80568426546184557  0.81516758466414918  0.82493547854159721
  0.83498469452398039  0.84507402735817727  0.85515693590864994  0.86526817436836367
  0.87513346471884024  0.88428708307225812  0.89214858031411381  0.89967342998331201
  0.90705466847884897  0.91476482994831054  0.92400146129682015  0.93332174097792875
  0.94274737605457426  0.95196468871202189  0.96038495265709956  0.96944792957275805
  0.97772877179760675  0.98553068217164996  0.99288682207569057  1.00000000000000000
 -0.00271885549551177  0.00981002286685477  0.02065647339135476  0.03031913982710911
  0.04080755854390076  0.05130890842598170  0.06122600246031511  0.07083437754792149
  0.08004357677212337  0.08988679436975415  0.10072815366122199  0.11182176682738271
  0.12295415412760356  0.13463903510641068  0.14647918324093351  0.15767716655284547
  0.16787156946822593  0.17764074629442142  0.18724197578729929  0.19626254252975661
  0.20514870732858700  0.21443079526686104  0.22357902177396363  0.23248186455082087
  0.24130021516254679  0.25084743552246563  0.26197297125094066  0.27409508747590883
  0.28582936163934508  0.29712262666325723  0.30767741578082869  0.31863898259743340
  0.33025707021059203  0.34305210031577460  0.35564459669696996  0.36875439237132512
  0.38062693884170473  0.39064574054446149  0.40044291973418145  0.40948305925050182
  0.41879995027894390  0.42776131276873997  0.43681673336484672  0.44840122227909918
  0.46020822591832272  0.47153605265597043  0.48229319161621170  0.49191258804635796
  0.50150241765862225  0.51158394750916547  0.52292845249163222  0.53621876106355304
  0.54899889763796739  0.56128778684941449  0.57367170460328787  0.58604446788814779
  0.59640570701210704  0.60589592257570757  0.61533850555423830  0.62551444194589478
  0.63692930004305182  0.64794653009635372  0.65808431594846151  0.66754840643094127
  0.67609342656154814  0.68601058271135928  0.69644603164812990  0.70564944004932473
  0.71407213090815491  0.72282460164642426  0.73401488029449424  0.74716114986571946
  0.75970211515281993  0.77174739534425596  0.78388644057682277  0.79525741922670334
  0.80602987256468828  0.81607581326629686  0.82620555981507104  0.83616685006424407
  0.84718924118334482  0.85744714939900568  0.86791586575927171  0.87823189078800101
  0.88938964450097913  0.90036794812666898  0.91080571395352883  0.92077072215329125
  0.93100170897619905  0.94129909696727188  0.95239186572762058  0.96234708354512344
  0.97182538575882316  0.98112506358283103  0.99028586934441676  1.00000000000000000
   1.3909162216909068E-005  -1.0000000000000000     
 T T T T T T T T T T T T T T T T T T T T T T T T T T T T T T T T T T T T F F F F F F F F F F F F F F F F F F F F F F F F F F F F F F F F F F F F F F F F F F F F F F F F F F F F F F F F F F F F F F F F F F F F F F F F T T T T T T T T T T T T T T T T T T T T T T T T T T T T T T T T T T T T F F F F F F F F F F F F F F F F F F F F F F F F F F F F F F F F F F F F F F F F F F F F F F F F F F F F F F F F F F F F F F F F F F F F F F F F F F F F F F F F F F F F F F F F F F F F F F F F F F F F F F F F F F F F F F F F F F F F F F F F F F F F F F F F F F F F F F F F F F F F F F F F
  <DiscreteSampler_grid>
  grouped_processes
  1 # 1 for a reference and 2 for a running grid.
  10 # Attribute 'min_bin_probing_points' of the grid.
  1 # Attribute 'grid_mode' of the grid. 1=='default',2=='initialization'
  0.0000000000000000 # Attribute 'small_contrib_threshold' of the grid.
  0.5000000000000000 # Attribute 'damping_power' of the grid.
 # binID   n_entries weight   weight_sqr   abs_weight
    10   10   2.028165470287479E+005   1.209716223265214E+011   2.028165470287479E+005
  </DiscreteSampler_grid>
