 -0.00606700530526474  0.00140117118226557  0.01152848042813336  0.02908955328593112
  0.04680391449509996  0.06466142996627630  0.08075015268099413  0.09603805480510347
  0.10948298121230181  0.12316429242383883  0.13694379963173642  0.15046581131059442
  0.16469942734686344  0.17943051308774441  0.19572348999727199  0.21193075140628548
  0.22801395447254552  0.24401296926262625  0.26000593138922740  0.27616060866294795
  0.29240257815818882  0.30874722673262839  0.32517624255986971  0.34157215545104330
  0.35778270101265430  0.37394958995512095  0.39008654291262179  0.40626739940368067
  0.42233069118847177  0.43816464894273577  0.45396258133773654  0.46974688267479142
  0.48556215392352858  0.50151712790874625  0.51767220231653222  0.53386123153590459
  0.55005110161381032  0.56619789609655458  0.58237004548224591  0.59856444457488556
  0.61488286972341888  0.63120390072700849  0.64749380764205533  0.66373520390289298
  0.67994909282374227  0.69623705573413264  0.71251289899793446  0.72876476643889831
  0.74506707376918235  0.76140006670041405  0.77791098274428294  0.79446608643345173
  0.81108720607063822  0.82788870785548285  0.84483003250005806  0.86238801313978342
  0.87997072276758681  0.89758318247768165  0.91379734967168091  0.92907711192744336
  0.94210649769540566  0.95548936880870994  0.96293212282415908  0.96302673305013031
  0.96328671004466526  0.96420822013291063  0.96540619140499362  0.96658117032996971
  0.96774622608979866  0.96892501989520285  0.97011809044436959  0.97130493309005927
  0.97248932516124575  0.97367271239784858  0.97485729666610643  0.97604771636366439
  0.97723337783398911  0.97841828936651754  0.97960412748268810  0.98079282529211020
  0.98198475394408158  0.98316786678010859  0.98435580534364664  0.98556625329561720
  0.98676663136368836  0.98796007164366184  0.98916260240393461  0.99035532388859826
  0.99156044961440082  0.99276550635322658  0.99397194495704611  0.99516876990668379
  0.99635814568162606  0.99757058706577051  0.99878463286131547  1.00000000000000000
 -0.00193304730053128  0.00810303476474549  0.01675540733243591  0.02530506965338043
  0.03337340096265735  0.04183813343635005  0.05008845927584980  0.05833059517792665
  0.06678455758624016  0.07552187094075025  0.08440116519682507  0.09357239320759660
  0.10302369130376537  0.11265682942187727  0.12276591977454603  0.13286524417931048
  0.14339301567639473  0.15614319140285068  0.17160046949485491  0.18693973161771732
  0.19652837903563186  0.20542103742886436  0.21438139664194986  0.22347443260318037
  0.23257097801099866  0.24108017147803298  0.25019051704579776  0.26054205598897573
  0.27027125808604086  0.27800723850017101  0.28498477608524136  0.29268598580245925
  0.30114402491520692  0.30887061740503446  0.31674586226442525  0.32459368997702404
  0.33238171153510293  0.34118502588474531  0.35005287538594210  0.36103223318766364
  0.37537975604169083  0.38988818497181266  0.40409797950996390  0.41827044703212951
  0.43339288041838231  0.44931069558165987  0.46585383661589153  0.48297101993943325
  0.49708913120415044  0.50734231967638954  0.51611241267116981  0.52497930557062777
  0.53391411334311090  0.54301433505204810  0.55195034029609324  0.56152372421403740
  0.57270220504892977  0.58883642789851176  0.60152250527791751  0.61235053874228040
  0.62217770068962541  0.63140708259630485  0.64016412737108619  0.64897256739589959
  0.65805900914259952  0.66860273428912798  0.67919430392987545  0.68960051471482653
  0.70394018325998420  0.71877546004131998  0.73378019047645304  0.74848265496371202
  0.76321270689188625  0.77470351927214898  0.78183004962079095  0.79050489462810869
  0.79930992783012256  0.80838637931344559  0.81753394712580618  0.82732625718866992
  0.83818652349240785  0.85000961065697644  0.86026217324239540  0.86980073188171791
  0.87870226921539329  0.88748863091448993  0.89650474953398562  0.90669772767957979
  0.91949044208546582  0.93500013029986773  0.95044183661924864  0.96262048223309937
  0.97225194955177463  0.98177236388325151  0.99091859167304175  1.00000000000000000
   1.7776860372899122E-004  -1.0000000000000000     
 T T T T F F F F F F F F T T T T F F F F F F F F F F F F F F F F
  <DiscreteSampler_grid>
  grouped_processes
  1 # 1 for a reference and 2 for a running grid.
  10 # Attribute 'min_bin_probing_points' of the grid.
  1 # Attribute 'grid_mode' of the grid. 1=='default',2=='initialization'
  0.0000000000000000 # Attribute 'small_contrib_threshold' of the grid.
  0.5000000000000000 # Attribute 'damping_power' of the grid.
 # binID   n_entries weight   weight_sqr   abs_weight
    10   10   7.581567327104912E+008   5.748026523334424E+017   7.581567327104912E+008
  </DiscreteSampler_grid>
