 -0.00585446892510631  0.01107392747196369  0.02892590911153963  0.04872276157229606
  0.06878634888477882  0.08900519303078609  0.10473489739373459  0.12039746754269744
  0.13612128986910760  0.15188329127078651  0.16759064280062572  0.18314494487206859
  0.20085999026782825  0.21954342086213474  0.23786928155427814  0.25626830781946863
  0.27478930358698761  0.29272307936446840  0.31042852456748615  0.32803408887750707
  0.34560234114609889  0.36310795804141338  0.38064967765985058  0.39820900703489975
  0.41582824298869558  0.43342310213086888  0.45097290683895497  0.46821760138609730
  0.48531971379126065  0.50239529912176617  0.51952445564185445  0.53675831661586682
  0.55397856678748958  0.57119385574482529  0.58850449465543531  0.60574655143268774
  0.62285455848827087  0.64005072450662226  0.65729568734912902  0.67457454778095871
  0.69186513176685804  0.70919067326613183  0.72654845155231140  0.74393909068213970
  0.76142572958405808  0.77892677913568231  0.79624258195696651  0.81364460441916964
  0.83121778269590729  0.84967048245802712  0.86876996219524016  0.88870624733516845
  0.90847041580468391  0.92109524128553555  0.92876727932227576  0.93249769838675145
  0.93373128078480849  0.93413793914857146  0.93554202918383811  0.93729057316799502
  0.93902115498916106  0.94073706414380875  0.94244619025607013  0.94415334923765759
  0.94586345633474844  0.94759310629571136  0.94931337772153890  0.95105941975974972
  0.95282001414096185  0.95457093965451223  0.95632225726215703  0.95809828587105250
  0.95986463129500776  0.96159325881355107  0.96333603430601056  0.96509545226575677
  0.96684194958052139  0.96859633965576641  0.97035981146589634  0.97210172276974260
  0.97382612823019521  0.97554900199800332  0.97726747179892381  0.97901452727165039
  0.98076419685991201  0.98250078079285941  0.98424125423622455  0.98598611976502837
  0.98774039645006406  0.98948948875771803  0.99119656143936463  0.99292852158510814
  0.99470328425026322  0.99648654629150057  0.99824277211586854  1.00000000000000000
 -0.00146057320939722  0.00717346341257729  0.01449557246560529  0.02233925193130914
  0.03072655024661409  0.03914030580686181  0.04896968107365025  0.05854367515083343
  0.06770283607067790  0.07670557053695315  0.08586878684096694  0.09371417217418049
  0.10226189364562685  0.11094953910290810  0.11822267801506205  0.12571735288434227
  0.13449512147693352  0.14359764622923296  0.15453878610004851  0.16879089497806529
  0.18268981643942150  0.19418884091254279  0.20315031888331553  0.21279069413452839
  0.22258181998913915  0.23164990242061187  0.23956084672752237  0.24772320837656778
  0.25670663346589340  0.26643374268079334  0.27538126364347976  0.28362497019219030
  0.29173574287200449  0.30145458030821787  0.31195313113320339  0.32306508473321793
  0.33438191756459351  0.34487244601479944  0.35463669881795473  0.36396319528033749
  0.37250636371413864  0.38606326069483843  0.40073064069525072  0.41499961688473752
  0.42870088875710483  0.44188980232197811  0.45502726656599679  0.46846185574485710
  0.47974527220964436  0.48944751315516416  0.49928598067046803  0.51001370729701689
  0.51985622668055875  0.53014740652758663  0.54071794787073124  0.55229815863533716
  0.56447980016369437  0.57591623790412183  0.58527130131240857  0.59424853630877217
  0.60357346380180676  0.61241408664203045  0.62066661678193669  0.62894625851687413
  0.63694801400433554  0.64588817533297282  0.65553695338409679  0.66465611151594406
  0.67597537982412248  0.68897227538642025  0.70267548005053848  0.71693556586994944
  0.73058839454437063  0.74404119590237872  0.75788184128682790  0.77261519894225850
  0.78874089649021595  0.80535320999781357  0.81724944553659595  0.82618918309367062
  0.83493701686376731  0.84398266014102008  0.85284926194155719  0.86169512674270621
  0.87131834495645522  0.88308150078711434  0.89639944449307862  0.90933267997029155
  0.92128976329411949  0.93409607148031204  0.94793567821563174  0.96135722636521359
  0.97183168303283640  0.98118868166389206  0.99026584292375475  1.00000000000000000
   1.4964255096602542E-004  -1.0000000000000000     
 T T T T F F F F F F F F T T T T F F F F F F F F F F F F F F F F
  <DiscreteSampler_grid>
  grouped_processes
  1 # 1 for a reference and 2 for a running grid.
  10 # Attribute 'min_bin_probing_points' of the grid.
  1 # Attribute 'grid_mode' of the grid. 1=='default',2=='initialization'
  0.0000000000000000 # Attribute 'small_contrib_threshold' of the grid.
  0.5000000000000000 # Attribute 'damping_power' of the grid.
 # binID   n_entries weight   weight_sqr   abs_weight
    10   10   1.594901700394842E+008   2.543716959553445E+016   1.594901700394842E+008
  </DiscreteSampler_grid>
