  0.05557555540683482  0.07641084851315426  0.08867501922012695  0.09856342358941897
  0.10588663387920916  0.11263505254926931  0.11875375431360058  0.12410039715139798
  0.12912425630443888  0.13397826769872084  0.13879690845594617  0.14366094170902977
  0.14750036205113454  0.15067351593828324  0.15377289237893232  0.15669396719866288
  0.15926806403228214  0.16165944038855865  0.16444849318200414  0.16715651584885238
  0.17000757083546944  0.17284776524201259  0.17507894148885678  0.17728223881391114
  0.17948276221980256  0.18162465169525410  0.18368555635397305  0.18564557256320474
  0.18742568570458962  0.18910393971757872  0.19077303150874275  0.19223226024962534
  0.19364092778941658  0.19502960796931343  0.19636332097720893  0.19760263231088818
  0.19871033787825018  0.19984458186064682  0.20096124052403208  0.20198729034569035
  0.20294281164524794  0.20384523460585341  0.20471865161282293  0.20560953420909070
  0.20650163586260059  0.20734045875343030  0.20814205330136337  0.20890566079316689
  0.20963457868480009  0.21037837784926725  0.21114816596828306  0.21188667743458717
  0.21258034776225332  0.21323918418114052  0.21385159925006433  0.21437983644944467
  0.21489880727404201  0.21541013259978989  0.21589996318618523  0.21640780164040918
  0.21698898151213200  0.21768017938159417  0.21864562764070522  0.21992279857864780
  0.25589873589758599  0.25821317086594808  0.25955069326108993  0.26070991150843931
  0.26178054361306446  0.26282585797182301  0.26387992498413265  0.26491077351132669
  0.26590931180384975  0.26696902626406976  0.26807507860256857  0.26921929490080371
  0.27040780500047301  0.27166073568485105  0.27288253294364140  0.27416324051123192
  0.27564415720824159  0.27731872658982371  0.27919351110680773  0.28115589517007461
  0.28311349026202670  0.28527812811081865  0.28777101550879586  0.29071672442280189
  0.29491615865283383  0.30276740578799155  0.31206279439087026  0.32590123508229396
  0.34796846944693827  0.39325967869485529  0.60016636306555060  1.00000000000000000
  0.05496084845953896  0.07918953685219629  0.09256558250507275  0.10320679563284216
  0.11274269968342085  0.12098834356616400  0.12836047566596290  0.13482194428966982
  0.14027126887602562  0.14502515411732156  0.14931182341286248  0.15345423684290918
  0.15748039603693856  0.16130140757982125  0.16481216335973042  0.16823729413716165
  0.17148374025449248  0.17405766112858992  0.17606994614615154  0.17803511375788331
  0.17990027019120172  0.18159157702478276  0.18328122836202837  0.18492351196351478
  0.18657857793697669  0.18820672778069580  0.18987134808660505  0.19158896021178365
  0.19332169375286290  0.19496607946218619  0.19642428948701676  0.19780908207901468
  0.19909876571419108  0.20032976909547701  0.20154672469330659  0.20277924630859828
  0.20402014882713562  0.20510076624734294  0.20611399988247356  0.20709674555909352
  0.20803138811105287  0.20890150077041383  0.20979400406418791  0.21057567219043061
  0.21130699840589398  0.21200431237574296  0.21267011450504783  0.21326147888776320
  0.21384117132756969  0.21441481157972000  0.21497426225470381  0.21550989934235537
  0.21601782571796918  0.21649874300888455  0.21700077579289717  0.21761847303704746
  0.21834833897990003  0.21927911853904403  0.25844432848842175  0.25930617383030624
  0.26002167591044190  0.26068268215958612  0.26128839394753961  0.26194301144048143
  0.26263619271578992  0.26339948009549474  0.26431739676802657  0.26528122197349180
  0.26623782632731380  0.26720958062722278  0.26817647911920134  0.26915549486427776
  0.27017185685265632  0.27126365296148081  0.27238769531333556  0.27363490581441646
  0.27508176904712101  0.27672504850484786  0.27855075531674844  0.28053452095633363
  0.28281358167834397  0.28533311335822653  0.28820089643141700  0.29142248455232922
  0.29492064231398457  0.29895895298706709  0.30398744085085877  0.31044011128189658
  0.31847376903801117  0.32857142971601988  0.34229439810914442  0.36261795955372556
  0.39380875866047832  0.45227201160944752  0.53740841595751965  1.00000000000000000
 -0.00845049949020254  0.00958656240876360  0.02898706168723346  0.05373583730518827
  0.07558347162144062  0.09428951279237439  0.11290454526519572  0.13168575878593936
  0.15151104686636482  0.17273047613974660  0.19584340335901412  0.19837986268505436
  0.20097355297775252  0.20656651637965351  0.21397753158660371  0.22255130401526979
  0.23100552774238442  0.23940907300449996  0.24761550474268632  0.25641885614357413
  0.26512580168403949  0.27330682596695122  0.28143960741754531  0.28847625017763961
  0.29338387648101349  0.29834201785310799  0.30307001344112711  0.30879365209922960
  0.31541221222928539  0.32372155034990957  0.33350169403654467  0.34340247415452912
  0.35136948339165824  0.35792138691016678  0.36475976228301499  0.37242442343161530
  0.38121814441171098  0.39088148852151339  0.40107979516165981  0.40932580395980128
  0.41611652947357325  0.42249915620736794  0.42973379780379367  0.43938184818351828
  0.44703542295210208  0.45413412533373998  0.46127153337892496  0.46932983819134944
  0.47907973271133447  0.48905139086024624  0.49789479951311510  0.50618623499758686
  0.51439648874737154  0.52319893097025194  0.53213056950716697  0.54037801955395104
  0.55036503538048565  0.55808858302589892  0.56626886059979498  0.57445936321914814
  0.58461527224615217  0.59696840899015757  0.60896767924159589  0.62011527282038392
  0.63194549085754614  0.64342374603066332  0.65431890308654028  0.66451302089819231
  0.67381407061700072  0.68329221703833432  0.69348661516649657  0.70473635091434794
  0.71580867515999280  0.72533139943393909  0.73457992312906950  0.74345978264189394
  0.75234413399648536  0.76150368960182258  0.77177940796180877  0.78182949083409414
  0.79233103746467703  0.80357327441151871  0.81556019352457287  0.82914318889854433
  0.84361720249462369  0.85835981091228419  0.87352875769743166  0.88850858682819533
  0.90282211885940011  0.91668597146647879  0.93058997969410073  0.94465697910294844
  0.95858839281732955  0.97191769763635005  0.98538383163360022  1.00000000000000000
 -0.00313063607229746  0.01142302083574089  0.02477420410209375  0.03809101087703803
  0.05108426228446871  0.06343695944720398  0.07491365502017007  0.08567091249187170
  0.09618419053151819  0.10626223122840887  0.11510296720334887  0.12320609111436077
  0.13098498671808020  0.13986962081652043  0.15018411455432668  0.16013122494564580
  0.16958090175723850  0.17892304341094087  0.18823086096823136  0.19818047830442692
  0.20823224506788415  0.21853084644286183  0.22928250223914867  0.24104231757280756
  0.25279533544310184  0.26386953773953364  0.27409266202595572  0.28372094999916658
  0.29396888300854007  0.30463691755693456  0.31686123578133646  0.32914062613258094
  0.34193586075549343  0.35640173740765374  0.37123815175142472  0.38579368532001540
  0.39868113556216428  0.40952821894177183  0.42087127300788835  0.43187290043765619
  0.44307492156357731  0.45342576838876081  0.46455241307842227  0.47615035333922057
  0.48580818545279447  0.49487667803317203  0.50433575357046612  0.51389680000940541
  0.52276564625243305  0.53048167065230289  0.53817048995863959  0.54670135560289923
  0.55681395508822706  0.56672115590578254  0.57496143032175928  0.58279962815313457
  0.59072976158127677  0.59954217503669893  0.60860044455794204  0.61766036514485334
  0.62660785509609263  0.63643873245095717  0.64610801325105260  0.65530723258507972
  0.66369737243790583  0.67102164914110340  0.67855593702955586  0.68579666010186291
  0.69288347355612401  0.70146650823473422  0.71321679413709349  0.72893901823986529
  0.74234759680507523  0.75373757562606158  0.76503081270983064  0.77424744179441862
  0.78299932728223898  0.79219375693891603  0.80158981378557126  0.81095102862144719
  0.81952157349144694  0.82782172834318468  0.83841036356809628  0.85197773352186712
  0.86549606566220660  0.87856472692273013  0.89136533069125201  0.90334719743099701
  0.91433092263951354  0.92433817107074678  0.93393384621305564  0.94383116845671511
  0.95486149257607134  0.96870849170742579  0.98511182661913588  1.00000000000000000
 -0.00409257724781696  0.01669715734762443  0.03003579363707600  0.04192620762324700
  0.05284756250678952  0.06230585331229109  0.07203988575855050  0.08210498745954700
  0.09263824344768710  0.10386516119252651  0.11511059447861138  0.12629980129173185
  0.13743721607684037  0.14950105065985725  0.16385871540988664  0.17871884848991126
  0.19186193980984953  0.20352207014082893  0.21414460886669545  0.22364468642190205
  0.23470264368488741  0.24560782913052409  0.25597453323077057  0.26576731810548304
  0.27678800100532108  0.28911112544778134  0.30184618869049634  0.31451635626471314
  0.32743151773385598  0.34119403765928003  0.35562190437191465  0.37034573198729864
  0.38598471026828268  0.40032330574181846  0.41071964406198008  0.42196697629831986
  0.43230002498843006  0.44187827137888058  0.45086093651365877  0.46062949559558908
  0.47491589276868951  0.48515023477560670  0.49451104491043457  0.50443231166293478
  0.51355517329233924  0.52230226323662843  0.53073953114932004  0.54027705653574609
  0.55254824305802586  0.56472093133504664  0.57605835483142231  0.58722600273708248
  0.59853018010541903  0.61021428377602838  0.62201257209535055  0.63371447797734082
  0.64319269853581229  0.65270531159931922  0.66184977757420171  0.66925775896352524
  0.67589855197518078  0.68304038643248288  0.69072957726043249  0.69900033535475525
  0.70732902167043288  0.71513582440788204  0.72264469125265507  0.73078038580701521
  0.74106229324388939  0.75105816769350831  0.76028774606902005  0.77003606476207087
  0.77920127419979390  0.78829738726473020  0.79742652785197665  0.80588104356453105
  0.81344844229226121  0.82133052457937805  0.82975876155162542  0.84023398406478256
  0.85137073315298339  0.86060001916840323  0.86877475818851291  0.87721817816822922
  0.88691916439599350  0.89690638158878588  0.90670562212060690  0.91599309378837768
  0.92684927968064201  0.93859228277513840  0.94969318430231064  0.96002599626743346
  0.96935488314804230  0.97856694307423919  0.98881358632018279  1.00000000000000000
 -0.00303787979901853  0.01016481321956513  0.02201186865432075  0.03366250044945136
  0.04451259597626671  0.05474441145500750  0.06524819805933200  0.07553509888629574
  0.08555375491249813  0.09525208301556130  0.10570494939590987  0.11719987334966812
  0.12888932067900169  0.14084017177205521  0.15234588317018258  0.16639159454401478
  0.17972532544114758  0.19186666611082875  0.20373498188139200  0.21542688018241565
  0.22838573400526435  0.24273914579251693  0.25775364824367353  0.27020814140993321
  0.27906672177738978  0.28766925113335801  0.29664237877013061  0.30651827057845749
  0.31673783603305555  0.32707114889850097  0.33782375642449552  0.34878710333559909
  0.36051530948264721  0.37259205022485403  0.38280545581790743  0.39280932846900990
  0.40191823072886024  0.41098131470793675  0.42051454132623106  0.43025442924835089
  0.43956909836634767  0.45121631908184040  0.46183691910174629  0.47212823326283276
  0.48316036413608127  0.49439987855951706  0.50616047708717316  0.51853879345489695
  0.52816245117536731  0.53688959316238083  0.54525872812663723  0.55336167304519379
  0.56145887808632078  0.56931442958926559  0.57684539323173123  0.58503657823956745
  0.59347049134288532  0.60175418304249717  0.61099995057652323  0.62126686690152155
  0.63099904003663898  0.63929652550890881  0.64753532417431792  0.65576443327662670
  0.66476929039776345  0.67532123720669635  0.68582689549651166  0.69537806468441377
  0.70484646348380342  0.71414955252118251  0.72450824689397708  0.73557744379722734
  0.74623108469023181  0.75719651449386893  0.76806215147444734  0.77902254324833831
  0.78990068155966564  0.80218961683397327  0.81416428498695725  0.82490772484668329
  0.83557394313717359  0.84588650411000987  0.85583642193145637  0.86384994961924300
  0.87273119855536241  0.88125198708177133  0.88959160576079999  0.89844196560565659
  0.90727481809820920  0.91559614207305329  0.92834259459889545  0.94337695021345203
  0.95820417851623785  0.97246425550063020  0.98629960349031398  1.00000000000000000
 -0.00182292625351833  0.00726196390045210  0.01535472280701456  0.02351578206506942
  0.03109174478727367  0.03832866882049012  0.04526713458370406  0.05267058312436853
  0.06106581521496383  0.07041198553310299  0.08030401504313672  0.09065256457513306
  0.10161766665550709  0.11197547085599979  0.12179881227767331  0.13118960489357376
  0.14064671817207497  0.14939188178563673  0.15692337839677464  0.16436443287424335
  0.17202421078327504  0.18043691102453446  0.18885463021947649  0.19613184059155483
  0.20302102131807559  0.20966167727947937  0.21636616575097170  0.22345318364980479
  0.23111361279742451  0.23879452239684629  0.24659153585939908  0.25649419048417421
  0.26779546890898576  0.27788877868862233  0.28829619489871139  0.29897759661680851
  0.31082843888445411  0.32215326261949256  0.33413407778874682  0.34590757748562534
  0.35667871651242472  0.36764696068071295  0.37826555463862638  0.38905959408226942
  0.39951534061227711  0.40913337108092790  0.41830858512861741  0.42799531170980920
  0.43951371766900021  0.45262232067842056  0.46660799093992938  0.47969469488666133
  0.49052559685175101  0.50094541344694754  0.51204213664550802  0.52315159114292564
  0.53440615422109872  0.54660410917235625  0.55995894435417237  0.57372552635021501
  0.58805190529368023  0.60255561488250819  0.61762908833021357  0.63566294880039742
  0.64748630462419321  0.65617040475844068  0.66463090648043488  0.67317306936123844
  0.68118566343954334  0.68904820813253886  0.69612013115608662  0.70395226419084200
  0.71285415307832201  0.72320142412207844  0.73521337881004456  0.74866651221094893
  0.76124195853133292  0.77140221838541212  0.78200502647143089  0.79228957691202306
  0.80159445294586085  0.81090773791727766  0.82161714658557361  0.83233849193795972
  0.84325271003543634  0.85502087283244754  0.86839147973408082  0.88261720526724907
  0.89744292320514774  0.91331390085029385  0.92860504210604100  0.94289287799007826
  0.95662825094719650  0.96977584749503987  0.98367816350520565  1.00000000000000000
 -0.00197670052362267  0.00856532659015348  0.01888961622184776  0.02943683155567790
  0.03855953775977631  0.04772461250998320  0.05698345773057348  0.06653220164669642
  0.07551289426600960  0.08439910127032084  0.09416293554625635  0.10503312477672273
  0.11619297455279254  0.12786794784794220  0.14063958976539015  0.15314582076513189
  0.16520768964877866  0.17581018908905588  0.18545091052297619  0.19477689725515057
  0.20329112952674128  0.21158836220228688  0.21991459432709698  0.22798571630047401
  0.23550966870397105  0.24301297533306351  0.25077296905909890  0.25960650318366335
  0.26895735786482833  0.27849057735084021  0.28870256136785510  0.29965638548392071
  0.31144014221889632  0.32311323461251196  0.33507842100836055  0.34832197691741351
  0.36136330689843404  0.37351461703249805  0.38476694608105511  0.39585760638227752
  0.40621042764162518  0.41679017735662210  0.42596461802398161  0.43437162036216787
  0.44207326690624543  0.44907447279580859  0.45485880376244120  0.46099226640941121
  0.46825593208804583  0.47730012579609515  0.48856695155375696  0.50051354054608099
  0.51469373762444603  0.52893420595269347  0.54311149363215694  0.55757983503354058
  0.57214362586778145  0.58630355483580077  0.59954474596537044  0.61177051381175085
  0.62321049016350960  0.63409491998286871  0.64468208111640135  0.65540520148950865
  0.66606740098248485  0.67565151488280073  0.68490126080682190  0.69474715053244618
  0.70520346137207912  0.71430640477460627  0.72234855829730793  0.73023156469771533
  0.73803180455615180  0.74668085107211069  0.75616808974439786  0.76572652955391263
  0.77664803946816496  0.78864639925437852  0.79986739110556737  0.81049537783997250
  0.82169785588652811  0.83303242299783886  0.84247558001402045  0.85289086743323550
  0.86463235827154949  0.87551436665383364  0.88501196670169946  0.89482856260008625
  0.90735106654119102  0.92082118198353102  0.93427504901987191  0.94793756647456329
  0.96256246316460481  0.97540333650336819  0.98798250008804001  1.00000000000000000
   1.4995520217019622E-008  -1.0000000000000000     
 T T T T T T T T T T T T T T T T T T T T T T T T T T T T T T T T T T T T F F F F F F F F F F F F F F F F F F F F F F F F F F F F F F F F F F F F F F F F F F F F F F F F F F F F F F F F F F F F F F F F F F F F F F F F T T T T T T T T T T T T T T T T T T T T T T T T T T T T T T T T T T T T F F F F F F F F F F F F F F F F F F F F F F F F F F F F F F F F F F F F F F F F F F F F F F F F F F F F F F F F F F F F F F F F F F F F F F F F F F F F F F F F F F F F F F F F F F F F F F F F F F F F F F F F F F F F F F F F F F F F F F F F F F F F F F F F F F F F F F F F F F F F F F F F
  <DiscreteSampler_grid>
  grouped_processes
  1 # 1 for a reference and 2 for a running grid.
  10 # Attribute 'min_bin_probing_points' of the grid.
  1 # Attribute 'grid_mode' of the grid. 1=='default',2=='initialization'
  0.0000000000000000 # Attribute 'small_contrib_threshold' of the grid.
  0.5000000000000000 # Attribute 'damping_power' of the grid.
 # binID   n_entries weight   weight_sqr   abs_weight
    10   10   3.716349748633258E-002   6.489732205841249E-003   3.716349748633258E-002
  </DiscreteSampler_grid>
