 -0.00487300620612830  0.01194213609106163  0.03038201065573390  0.04947062188228742
  0.06848961653968660  0.08703157594981786  0.10565768258171658  0.12256013510307832
  0.13830291852433171  0.15437777914817147  0.17058708243956702  0.18630523516348296
  0.20212971565229973  0.21844849412470710  0.23532131397419570  0.25207188006350822
  0.26877791946905927  0.28539144239962588  0.30190555174185479  0.31832710911222373
  0.33453745134929902  0.35074720108528079  0.36691301410497290  0.38300386222419613
  0.39900461039490770  0.41492694499850014  0.43074789343054287  0.44647064245892876
  0.46212286837469185  0.47769195182306950  0.49314223607268215  0.50851237417235029
  0.52385304168253022  0.53893326775245132  0.55399769917397146  0.56900069976631606
  0.58391590747344535  0.59880931874013321  0.61369743137308796  0.62842695779423163
  0.64293670431750138  0.65735229017133989  0.67170575043995173  0.68601944459828890
  0.70026071492138608  0.71423050357441431  0.72836880105725521  0.74269541859677035
  0.75717473677929648  0.77159731960386801  0.78595945064055817  0.80049611937415832
  0.81533070731331192  0.83109190247744624  0.84271244233521203  0.85272387840408215
  0.86293886935043662  0.87263824962640268  0.87845308108632081  0.87942020514441410
  0.88229014265699002  0.88570023951447163  0.88905015677636090  0.89238914279546100
  0.89573455716524608  0.89908127129914228  0.90242266517519354  0.90576454478279655
  0.90909393507585534  0.91244688350109338  0.91584184018015058  0.91920568624300936
  0.92254361508445504  0.92590137596511435  0.92927883618903284  0.93264911906684145
  0.93602451937865006  0.93939792523480392  0.94278147041592097  0.94613943616095264
  0.94949995084475025  0.95287163984443479  0.95623309505711529  0.95959542267841536
  0.96296136078698147  0.96632697461589578  0.96968649572314580  0.97305507944818259
  0.97643657092691616  0.97981200455747719  0.98317710066596831  0.98652699215709494
  0.98986998927133307  0.99324653582561673  0.99661744328411495  1.00000000000000000
 -0.00201231621086659  0.00874723175847806  0.01717888801833376  0.02603899748525273
  0.03532730612154452  0.04490450108712808  0.05471970703420728  0.06456002274041608
  0.07459053823726267  0.08504577252754091  0.09587294031530115  0.10664449862829677
  0.11699614591175954  0.12769651248230623  0.13953587832514902  0.15165007392941635
  0.16344366657058076  0.17520673984063087  0.18761574980836385  0.20051198784197999
  0.21242812210754733  0.22200964095298523  0.23164499720108164  0.24062607187624857
  0.24985087740602557  0.25882422862456145  0.26735686098381489  0.27645706329699254
  0.28613123790991363  0.29609025437495684  0.30620913937890332  0.31614809361528229
  0.32627606782110091  0.33666107188310185  0.34737477643333814  0.35869220447218925
  0.37053052389556596  0.38255044281112743  0.39446018046813880  0.40654021289771214
  0.41961267475627462  0.43298752344449065  0.44631191453931862  0.45920480970874361
  0.46904473445109451  0.47841717085107854  0.48804663426567962  0.49810288472427033
  0.50899517555831386  0.51901437188257171  0.53147155400496993  0.54226290177093073
  0.55222337429677926  0.56211124652384903  0.57211554387498831  0.58310090145590621
  0.59304683373284006  0.60377696531999558  0.61381946413310784  0.62344669738329694
  0.63297475448005380  0.64248011727827392  0.65299736667375774  0.66395658893472542
  0.67553935444866464  0.68744799515446486  0.69939808822289540  0.71123998098299146
  0.72366003412622837  0.73405540467430386  0.74348953472229451  0.75305795964406452
  0.76282390961062130  0.77308109597779051  0.78309592052394883  0.79404679604149031
  0.80590918025652758  0.81768844810852492  0.82927280946091408  0.84084415206972030
  0.85251757328921307  0.86424690507602775  0.87546890541153566  0.88580886136597825
  0.89610231533702855  0.90650824385702944  0.91621399975498974  0.92498370612210357
  0.93346699568159208  0.94216759490761137  0.95138147033355558  0.96072369876358710
  0.96985315484122370  0.97893562826298586  0.98951555250784362  1.00000000000000000
   3.6232483948276587E-006  -1.0000000000000000     
 T T T T F F F F F F F F T T T T F F F F F F F F F F F F F F F F
  <DiscreteSampler_grid>
  grouped_processes
  1 # 1 for a reference and 2 for a running grid.
  10 # Attribute 'min_bin_probing_points' of the grid.
  1 # Attribute 'grid_mode' of the grid. 1=='default',2=='initialization'
  0.0000000000000000 # Attribute 'small_contrib_threshold' of the grid.
  0.5000000000000000 # Attribute 'damping_power' of the grid.
 # binID   n_entries weight   weight_sqr   abs_weight
    10   10   2.667741909718531E+007   7.118843605332595E+014   2.667741909718531E+007
  </DiscreteSampler_grid>
