 -0.00931066613833781  0.03754534124275435  0.07078113380848140  0.09592079743111630
  0.11505493508036767  0.13236809603412425  0.14892671311389383  0.16481511335278598
  0.18015107455823895  0.19445514435241526  0.20832102999580690  0.22180415401428222
  0.23486885132445084  0.24752317107830540  0.26006716723066342  0.27185676880130943
  0.28349264138298574  0.29507004495286188  0.30654642686435191  0.31789888891267409
  0.32919542290243209  0.34020175395103203  0.35091742343045562  0.36154731057807910
  0.37206127519888321  0.38255860570629124  0.39303805246724483  0.40347996613117743
  0.41383277692704140  0.42412862383120531  0.43436118240091304  0.44452897689797710
  0.45467738183709333  0.46476716368812576  0.47482334530380238  0.48485382773746000
  0.49483253422862478  0.50477866031636098  0.51468971420581289  0.52459292271990610
  0.53455992267274066  0.54459229868314751  0.55467858228927269  0.56478867622753748
  0.57488262411175306  0.58515014489604777  0.59544815516332339  0.60578339445786911
  0.61616239740172840  0.62660495422279527  0.63704945645916200  0.64752664916041103
  0.65802780209829459  0.66844701288558772  0.67987310277807100  0.69142908161388983
  0.70298858765175276  0.71464877501157953  0.72650551266884977  0.73848445941088103
  0.75077581908563484  0.76353922920882855  0.77657836395068025  0.79068271998765005
  0.80482022563209676  0.81844266303864122  0.82803213744507898  0.82878728995690809
  0.83112816702776549  0.83525000262747973  0.83945327236184653  0.84372987060390459
  0.84803220993269579  0.85235929486167283  0.85678604977087836  0.86132827620874020
  0.86590326876235379  0.87059869171425897  0.87537365111924548  0.88024163163946734
  0.88519530870791796  0.89028679475172667  0.89555387847018864  0.90095805114149152
  0.90662344597064493  0.91238634979155397  0.91833720976183264  0.92460455044057088
  0.93118748654920180  0.93812193679994493  0.94541428552163853  0.95340238744088435
  0.96208757082409191  0.97191665024512808  0.98373234906447460  1.00000000000000000
 -0.00200619385235806  0.00836643749834059  0.01757500670910426  0.02693926411495253
  0.03576471044724454  0.04447518658922073  0.05285518422328969  0.06134008393121069
  0.06999848231027150  0.07862685189239657  0.08784380006339522  0.09805695291763732
  0.10839578430251200  0.11893154097285361  0.13059543822460146  0.14304630517523961
  0.15570084859090688  0.16835194447401547  0.18075727781299925  0.19291985421763497
  0.20561142849376604  0.21938223672470505  0.23082129430416978  0.24023948967395936
  0.24917617483129434  0.25840264337341762  0.26820869471598618  0.27780855137406024
  0.28752097671081495  0.29638367154427214  0.30455450509951265  0.31288814558311390
  0.32161888876979361  0.33035272610434241  0.33949208018707716  0.34940644351367162
  0.36044551548697884  0.37207735256512842  0.38369855494567079  0.39490159149014703
  0.40598031481632296  0.41775878240290876  0.43005180465105636  0.44257482589007491
  0.45489747804033931  0.46690113589947568  0.47882476336883167  0.49141221766792331
  0.50240540044537718  0.51211633132150980  0.52170650510179251  0.53106904969168545
  0.54001973655978508  0.54928819045731558  0.55900402390488502  0.57055837621775574
  0.58560869225612344  0.60028328566828637  0.60991320266111937  0.61984451906863036
  0.62956090263654674  0.63923562169068737  0.64858458170259292  0.65783502441280339
  0.66725383402401395  0.67841830828522998  0.69099212251437181  0.70450254626048925
  0.71775761963602780  0.72979609409183455  0.74185167076384406  0.75427321742530429
  0.76655819185646812  0.77638786912920454  0.78527423438473476  0.79470448684571260
  0.80412926651825556  0.81347213366946991  0.82275201567557410  0.83196785489147407
  0.84226428973942202  0.85256161665667130  0.86213493231589400  0.87197159249828360
  0.88165935145873653  0.89087805063994907  0.90063713485310659  0.91146185923679535
  0.92427392529658858  0.93893699169576028  0.95237978801085832  0.96282357009173147
  0.97211282843661262  0.98191413290311735  0.99129358428558612  1.00000000000000000
   7.0032546370990778E-005  -1.0000000000000000     
 T T T T F F F F F F F F T T T T F F F F F F F F F F F F F F F F
  <DiscreteSampler_grid>
  grouped_processes
  1 # 1 for a reference and 2 for a running grid.
  10 # Attribute 'min_bin_probing_points' of the grid.
  1 # Attribute 'grid_mode' of the grid. 1=='default',2=='initialization'
  0.0000000000000000 # Attribute 'small_contrib_threshold' of the grid.
  0.5000000000000000 # Attribute 'damping_power' of the grid.
 # binID   n_entries weight   weight_sqr   abs_weight
    10   10   1.136061651633801E+008   1.682774237913344E+016   1.136061651633801E+008
  </DiscreteSampler_grid>
