 -0.00516953484583194  0.01022554981246555  0.02600936374781961  0.04246801782150507
  0.05930056435476914  0.07566858303020063  0.08848909417837003  0.10169338704536697
  0.11511545925469596  0.12843612381442276  0.14201308206692637  0.15598514350153780
  0.17120175602581020  0.18624942088676030  0.20120591057957329  0.21624822562238541
  0.23115351851176738  0.24592202672055283  0.26063537829577682  0.27533756896891021
  0.29002697937361671  0.30481868616600721  0.31967751176672760  0.33466688950866769
  0.34963611326202143  0.36454958778860391  0.37920732488094633  0.39373899827553677
  0.40818710489791760  0.42264535759180150  0.43715801342014837  0.45173441672701176
  0.46645069913459697  0.48117074361542705  0.49585879895967094  0.51050512099224887
  0.52512722648220844  0.53969970978235737  0.55425912123520715  0.56880891977640813
  0.58337849688810528  0.59791697303026525  0.61241299695342832  0.62694392806111321
  0.64149310808469262  0.65607469910090077  0.67022447045923839  0.68418208958116988
  0.69813278687658931  0.71208995531527353  0.72605247568283116  0.73997084339346386
  0.75384285618957003  0.76764819068631074  0.78140338518127339  0.79515097428621972
  0.80890930568863584  0.82264321231380699  0.83636493733672912  0.85010734514198460
  0.86377880341043223  0.87737038257710576  0.89212205751935059  0.90705500376117831
  0.92199593518811696  0.93737249367324460  0.95273124980273971  0.96275828032226818
  0.97292379289867570  0.98212467231340261  0.98741911349260891  0.98745610608997259
  0.98755829491279845  0.98805136647081193  0.98859707423171861  0.98914037827982715
  0.98968275195364952  0.99022242823155016  0.99076216268423489  0.99130928123269668
  0.99185626911939284  0.99240016785340845  0.99294428591221495  0.99348603083351905
  0.99402406685280831  0.99456967081139569  0.99511605154939242  0.99565832829550738
  0.99619694287282390  0.99674048038534735  0.99728595470994530  0.99783091174201277
  0.99837485287700367  0.99891873618526861  0.99946042938495450  1.00000000000000000
 -0.00464278544895321  0.01395129695049373  0.02787778977691441  0.03896422320427231
  0.04948544680226231  0.06032850258867019  0.07063824421942629  0.08055677925333422
  0.09063820025609816  0.10085915315686690  0.11148206492298178  0.12503222307542694
  0.14008165096147449  0.15264649109672795  0.16237209228687727  0.17182412803296243
  0.18123764287354088  0.19082263862259788  0.19957210186229915  0.21098740005429362
  0.22514487737770744  0.23814388229421410  0.24832018323642246  0.25950965309470864
  0.27094636803204897  0.28175280630471039  0.29246118481073968  0.30275133077785660
  0.31323963405713728  0.32435855923762819  0.33516435695374147  0.34500375360772151
  0.35505576891484264  0.36945253341335538  0.38608111151337482  0.40203361063033732
  0.41552863512818417  0.42523073535510497  0.43353158831416255  0.44262208618793564
  0.45120220068085476  0.45951528574941591  0.46810582634183989  0.47671051221697042
  0.48823046041249452  0.50026840904585734  0.51192725921051063  0.52293735698010424
  0.53392283067184498  0.54405366818626755  0.55369811219024412  0.56326819211427614
  0.57268044769478843  0.58227282170698635  0.59132077990218046  0.60010438212419925
  0.60902115445149285  0.61845159071594846  0.62879730302445591  0.63991032330873965
  0.65044086663142620  0.66027716444681583  0.67007473979013121  0.68022496217835327
  0.69056295841922222  0.70146078009344615  0.71242283896982339  0.72339592880191750
  0.73402435477879679  0.74428256280057392  0.75450986048862323  0.76511074471605178
  0.77630774368442357  0.78781839988660118  0.79889410808648886  0.80958439575004193
  0.82030253336049019  0.83096593970079391  0.84052681890401859  0.84902029125978029
  0.85778118668525782  0.86691974623424906  0.87613940633145548  0.88580162925195038
  0.89570146724492017  0.90599297800925938  0.91616256003699870  0.92591518730080979
  0.93562805886754996  0.94484454813710406  0.95389464684296743  0.96305982504373921
  0.97221909746460722  0.98163758573541748  0.99094086090378330  1.00000000000000000
   2.6963201865083423E-006  -1.0000000000000000     
 T T T T F F F F F F F F T T T T F F F F F F F F F F F F F F F F
  <DiscreteSampler_grid>
  grouped_processes
  1 # 1 for a reference and 2 for a running grid.
  10 # Attribute 'min_bin_probing_points' of the grid.
  1 # Attribute 'grid_mode' of the grid. 1=='default',2=='initialization'
  0.0000000000000000 # Attribute 'small_contrib_threshold' of the grid.
  0.5000000000000000 # Attribute 'damping_power' of the grid.
 # binID   n_entries weight   weight_sqr   abs_weight
    10   10   2.439500444481730E+007   5.951164840695610E+014   2.439500444481730E+007
  </DiscreteSampler_grid>
