 -0.00240413125800072  0.00383982402720771  0.01664111919300744  0.02962539690867187
  0.04220152371029810  0.05692818900829807  0.07611802168573781  0.09632244964332461
  0.11585399850192341  0.13467303075699830  0.15718861535908144  0.18295379449104127
  0.21296542020418857  0.24170779314744101  0.27009684131329958  0.29821398787032882
  0.32605944906480178  0.35357730614428134  0.38261762905335206  0.41154466925021749
  0.43334816057062026  0.44054289573070632  0.44303157380036817  0.45000014882835260
  0.45732106364130559  0.46446272817056400  0.47152851349733826  0.47857738119586574
  0.48569143170757184  0.49285739968005743  0.50004531111100115  0.50724707017265591
  0.51449848182124669  0.52179704885406708  0.52911208643694319  0.53641454871153904
  0.54370475588001621  0.55105635344196724  0.55845523672066488  0.56586901255276401
  0.57331264882394994  0.58080803103082834  0.58829770541380311  0.59576699576310777
  0.60324919788369269  0.61080513021283045  0.61836887745426172  0.62591724793066239
  0.63347659290117753  0.64108293394720595  0.64869282180849652  0.65630446032788381
  0.66395337543598798  0.67163070043313655  0.67930966232758239  0.68704879997203117
  0.69480432143003557  0.70254852907113285  0.71025470988860873  0.71793096476040585
  0.72563161345662941  0.73336132365993700  0.74112250352181686  0.74890774485492440
  0.75668821615238779  0.76447255484530896  0.77225752830422401  0.78003584446821539
  0.78782552314307186  0.79563356472272917  0.80344279732596735  0.81123864675909940
  0.81905834050872062  0.82690560101620336  0.83478501400237026  0.84266291392076043
  0.85050946893969237  0.85834751382864349  0.86621910725447027  0.87412042274063795
  0.88201215211225592  0.88987767565758957  0.89773106561220883  0.90557095305572166
  0.91342817334126414  0.92129029011330554  0.92920526125451197  0.93709357565621776
  0.94500453552943120  0.95288911575971036  0.96082330455185760  0.96874084189943188
  0.97659924293868616  0.98440045278489596  0.99217507238393510  1.00000000000000000
 -0.00257240029094480  0.00927621012025915  0.01974273873317187  0.03081228813156289
  0.04239444374015014  0.05451934444926173  0.06631894280195044  0.07790255391313805
  0.08918420027493629  0.10100385807242551  0.11320683444884447  0.12544632646022569
  0.13747653008812502  0.14887712649185164  0.15948320049103262  0.16972630530759550
  0.18027972986587931  0.19140364603532761  0.20270353233436164  0.21372873215144195
  0.22486806035048851  0.23651397813341044  0.24833056529027106  0.25986703960935237
  0.27075565888232145  0.28087598747844850  0.29084321599088825  0.30106461755073549
  0.31182765968498055  0.32297013446138284  0.33422217513034636  0.34550648691576291
  0.35630936916495676  0.36633663805816002  0.37543851696348740  0.38325548927238712
  0.39088179266753298  0.39933326069307118  0.40932422363207122  0.41962943405499914
  0.42993682507490777  0.44062974253980242  0.45212004337799166  0.46376242844401372
  0.47505474200762016  0.48599750097375999  0.49648875823801397  0.50669025828556968
  0.51693819151482889  0.52650630334680504  0.53550934062271227  0.54486526461167306
  0.55415838579669630  0.56476832256905007  0.57619458995418882  0.58707868741038149
  0.59797184924875824  0.60807282309251875  0.61746219762131616  0.62719972988421824
  0.63713304657429282  0.64712590722983498  0.65647467982017627  0.66531433738057111
  0.67428438111864153  0.68337933222528247  0.69339863446967187  0.70405870792857250
  0.71453326795092875  0.72480187187136136  0.73459600758822297  0.74456787794509882
  0.75441895572670881  0.76439391995571304  0.77411016785508335  0.78353493035453303
  0.79292698314085530  0.80240563170839452  0.81203421614111171  0.82144347522105221
  0.83040480975904574  0.84017532003074380  0.85134132840728272  0.86267357497956065
  0.87452447158123614  0.88650280213322941  0.89839295631250504  0.91033534917113390
  0.92186910650604315  0.93333095611562678  0.94418165669499687  0.95492256005590626
  0.96539907451091422  0.97647574087934685  0.98793076073062291  1.00000000000000000
   3.3481307515993071E-005  -1.0000000000000000     
 T T T T F F F F F F F F T T T T F F F F F F F F F F F F F F F F
  <DiscreteSampler_grid>
  grouped_processes
  1 # 1 for a reference and 2 for a running grid.
  10 # Attribute 'min_bin_probing_points' of the grid.
  1 # Attribute 'grid_mode' of the grid. 1=='default',2=='initialization'
  0.0000000000000000 # Attribute 'small_contrib_threshold' of the grid.
  0.5000000000000000 # Attribute 'damping_power' of the grid.
 # binID   n_entries weight   weight_sqr   abs_weight
    10   10   2.592689635420501E+007   6.784005383741414E+014   2.592689635420501E+007
  </DiscreteSampler_grid>
