 -0.00500786022583545  0.00627780413184455  0.01976597579431374  0.03713453203234839
  0.05480006278175983  0.07231076345852873  0.08752526508192067  0.10191882048143827
  0.11560735175423635  0.12950689600456580  0.14318420065949611  0.15674665850512981
  0.17219206251009939  0.18830343520425136  0.20520802734054275  0.22220634789197971
  0.23910682721619650  0.25564522557095565  0.27190799365459478  0.28800476296878164
  0.30394806847181005  0.31989451101478222  0.33584995844605431  0.35173409297023683
  0.36757207201326281  0.38326699492846850  0.39896110403059959  0.41465436034706399
  0.43004907511802359  0.44549852919286942  0.46123348205431475  0.47672157204265753
  0.49211489982792822  0.50784624122759747  0.52351198852891945  0.53909493963931676
  0.55475124457581015  0.57043573826441230  0.58616954982270508  0.60196122839473387
  0.61780934143797794  0.63369622245166102  0.64961258760310747  0.66562419461561695
  0.68163654759699799  0.69764951374407391  0.71378157019507493  0.72983898822268090
  0.74567649944515424  0.76130178870050458  0.77680887645546792  0.79228622039527519
  0.80773874271840163  0.82314920487807464  0.83923530327705265  0.85557404398496095
  0.87174220053525642  0.88793318753830597  0.90416182168088743  0.91945897384409636
  0.93443534008870865  0.95071521332349385  0.96284960386769913  0.96896918000426369
  0.96906140046153544  0.96928785894850211  0.97012694883655970  0.97114323934494284
  0.97216468729790617  0.97318698971610706  0.97419776401387181  0.97521545147905886
  0.97625331207500021  0.97731012859047339  0.97835429397868712  0.97940215662419694
  0.98045572096879574  0.98147930489473656  0.98251212322610615  0.98354527165404770
  0.98458201940899281  0.98562479937784642  0.98663972832048197  0.98765419987663161
  0.98868333941869191  0.98971287399456864  0.99074658188625275  0.99177010868899818
  0.99279667933704696  0.99382933173241261  0.99485384583689185  0.99585968296232286
  0.99688654087598505  0.99793030776240088  0.99896544008353572  1.00000000000000000
 -0.00144996713049610  0.00699728712537741  0.01404398288520654  0.02153117998821687
  0.02976692010789827  0.03845364523283876  0.04787258987149151  0.05703824195289008
  0.06600269174545104  0.07490942045804821  0.08397788272982204  0.09214776457492081
  0.10081980553896427  0.10952434409705125  0.11663354690683034  0.12396449794417809
  0.13232898722230738  0.14144482959447399  0.15259627920412439  0.16669650721869050
  0.18277019276937126  0.19342218618279156  0.20200030332825741  0.21097204059228528
  0.22064782146982995  0.23001145786012756  0.23817993506541318  0.24651796883878030
  0.25564790831540934  0.26504251222365688  0.27340241426532996  0.28117439724488569
  0.28915510167422442  0.29869484918122535  0.30888701615251241  0.31984567771425404
  0.33075230711081305  0.34015619576588524  0.34910234101562687  0.35790492850843680
  0.36680877924095423  0.37712962827478047  0.39066593518851911  0.40659942110839237
  0.42108703127426761  0.43530606181692633  0.44967130409298639  0.46475794607733317
  0.47935297543179878  0.48792073407588255  0.49767371182437881  0.50741054385903739
  0.51698414676170479  0.52736653138505818  0.53649621483383436  0.54514390922264200
  0.55768429048942580  0.56971672783446736  0.58195153578269465  0.59049867000877321
  0.59956010576875618  0.60870658747704143  0.61652817858956632  0.62472450027493243
  0.63312659843211916  0.64197827374631633  0.65114028370788113  0.65935749555629475
  0.66884209604157752  0.68209482800602361  0.69686374599734968  0.71178695244398005
  0.72603825073916251  0.74056779035025588  0.75550576704331684  0.77145336052722813
  0.78874463912778858  0.80548305611398607  0.81705923807263781  0.82565042792998389
  0.83438194274115396  0.84348992635899822  0.85231228998584518  0.86098340679958651
  0.86945202190637894  0.87968976300066193  0.89263538583126234  0.90629709788527812
  0.91880459957890293  0.93243070348185753  0.94761281400626385  0.96073926808194232
  0.97187163012832956  0.98189454581735236  0.99101320258188197  1.00000000000000000
   1.0423115186922245E-004  -1.0000000000000000     
 T T T T F F F F F F F F T T T T F F F F F F F F F F F F F F F F
  <DiscreteSampler_grid>
  grouped_processes
  1 # 1 for a reference and 2 for a running grid.
  10 # Attribute 'min_bin_probing_points' of the grid.
  1 # Attribute 'grid_mode' of the grid. 1=='default',2=='initialization'
  0.0000000000000000 # Attribute 'small_contrib_threshold' of the grid.
  0.5000000000000000 # Attribute 'damping_power' of the grid.
 # binID   n_entries weight   weight_sqr   abs_weight
    10   10   1.564135244809839E+008   2.446519904721046E+016   1.564135244809839E+008
  </DiscreteSampler_grid>
