 -0.00515077449227968 -0.00083036444089272  0.00795668871892302  0.02400788633631962
  0.04033793478685245  0.05667117406155442  0.07263641399610843  0.08730574413456460
  0.10127605382862345  0.11564856807454721  0.12991815592938108  0.14433607032713808
  0.15959052034803881  0.17497953603248589  0.19040932955801085  0.20579525944252611
  0.22089593408603037  0.23584271040334814  0.25061295453811377  0.26531491954722386
  0.27997869794282260  0.29462503448829891  0.30914433296101379  0.32357836252839539
  0.33818392451742407  0.35277715877298088  0.36737181192700957  0.38220783334829067
  0.39707363187495248  0.41196298468959791  0.42680236752111073  0.44174152354655771
  0.45676966203221031  0.47179256772601180  0.48673166384817479  0.50156830056375534
  0.51647315952362072  0.53142347137987511  0.54646063762230634  0.56156486237184622
  0.57669073431989848  0.59175067037995399  0.60667512453682249  0.62147974225942171
  0.63637339784571434  0.65124460701122733  0.66607564714001355  0.68039218808099688
  0.69461173216204963  0.70881570337881850  0.72299791015936277  0.73702145814984787
  0.75056550193104132  0.76413673548444228  0.77774396719312278  0.79145433486349559
  0.80530817476198679  0.81924541594847133  0.83326280759379145  0.84711994313551719
  0.86084736094457492  0.87422775472713610  0.88838826559702433  0.90320250846619732
  0.91807604386723796  0.93319245771037374  0.94884301536276261  0.96058451932079836
  0.97105145406778126  0.98125148860307909  0.98725820828733146  0.98744078952712799
  0.98753294735598351  0.98795945871280244  0.98850791937461058  0.98905694568446700
  0.98960300645064458  0.99015558204305842  0.99069557795647967  0.99123981321538757
  0.99179620064341911  0.99234995127394676  0.99288775105736549  0.99342865059828622
  0.99396795168980401  0.99451859671760767  0.99506635991156311  0.99561147255951032
  0.99615207719682985  0.99669988123091313  0.99724993156139174  0.99780000834535476
  0.99834844744100648  0.99890353184679492  0.99945334673926656  1.00000000000000000
 -0.00230718424909691  0.00921881593549055  0.01868919458784405  0.02846894630045491
  0.03763747365563883  0.04670432459594771  0.05563033196446780  0.06947983870826833
  0.08723990160304651  0.09620099059673987  0.10542046818830306  0.11413917074019822
  0.12284993500066724  0.13187271176569890  0.13962643991020249  0.15043739082349100
  0.16582807309334321  0.18352303304586656  0.20069517990206251  0.21538188061923602
  0.22674105107225906  0.23590788492354703  0.24340954237631532  0.25073861448528029
  0.25781212126171787  0.26517412645456911  0.27280722324970885  0.28016074737606073
  0.28747004108025676  0.29483864887149669  0.30281185393499355  0.31017055785256981
  0.31883222070086203  0.32934635624883152  0.34035199009492983  0.35123371493984468
  0.36113550646662496  0.37060940164697487  0.38010571802481308  0.39006632009217385
  0.40171599400508923  0.41650889057807172  0.43287573166886123  0.44811029616584286
  0.46201733862600874  0.46937684067116719  0.47962816109970097  0.48909633617663278
  0.49875134429843343  0.50696840272329025  0.51534611390479268  0.52461630350307475
  0.53549652391009606  0.54663907730419381  0.55594818992246076  0.56594480652693568
  0.58310819482837628  0.59911144801694061  0.61038592835229855  0.61983570593548887
  0.62902880278265150  0.63841092656804166  0.64765509826838752  0.65670314743805092
  0.66625934542779341  0.67676491275820627  0.68690124240761297  0.69656179396752538
  0.70653314520964916  0.71759390550173030  0.72908856136521150  0.73970961072619834
  0.75118500768183472  0.76488004321484071  0.78023757177408459  0.79634063257383303
  0.81238382162138767  0.82728492257363162  0.83914972182882253  0.84640568425609553
  0.85509133501039791  0.86422522032482452  0.87317200019928132  0.88136711805545764
  0.88897112674528755  0.89717284353818461  0.90702200472857797  0.91733082715071657
  0.92660001812728254  0.93707899765790659  0.95164499990970119  0.96300696689034193
  0.97323845949800381  0.98288935862231641  0.99177248984424393  1.00000000000000000
   1.0113150747169037E-005  -1.0000000000000000     
 T T T T F F F F F F F F T T T T F F F F F F F F F F F F F F F F
  <DiscreteSampler_grid>
  grouped_processes
  1 # 1 for a reference and 2 for a running grid.
  10 # Attribute 'min_bin_probing_points' of the grid.
  1 # Attribute 'grid_mode' of the grid. 1=='default',2=='initialization'
  0.0000000000000000 # Attribute 'small_contrib_threshold' of the grid.
  0.5000000000000000 # Attribute 'damping_power' of the grid.
 # binID   n_entries weight   weight_sqr   abs_weight
    10   10   2.438872551832328E+007   5.948101096840660E+014   2.438872551832328E+007
  </DiscreteSampler_grid>
