 -0.00862968270551949  0.02043043427215796  0.05672261116810573  0.08679355572884173
  0.11218800043452212  0.13444852742237495  0.15562205254890552  0.17559943895141852
  0.19291036521989410  0.21000169466389462  0.22695943227656518  0.24304683244584416
  0.25873037661824783  0.27360010023584114  0.28858455962174018  0.30363030164958793
  0.31867972956884671  0.33337634302945734  0.34736272818844904  0.36106364791377354
  0.37461378225093683  0.38802767049376780  0.40139336413070309  0.41460198008275784
  0.42783153420310926  0.44108807827672103  0.45414510703885302  0.46711067881346169
  0.48006555038194204  0.49300952040903528  0.50586952471833224  0.51877763199166527
  0.53180093611568469  0.54485753610383147  0.55794641149162993  0.57098813295267770
  0.58401240910114760  0.59733433819306192  0.61070284819576282  0.62423790741122487
  0.63790197391001735  0.65180607059489215  0.66602700822553174  0.68044287185652619
  0.69509551712649786  0.70974742050500206  0.72426135249234447  0.73969805728526461
  0.75629321571246944  0.77421785435022439  0.79270243128060724  0.81387667308945644
  0.82545707360849341  0.82804082744593466  0.82862381301924493  0.82945373285854851
  0.83159894296507708  0.83462554280528067  0.83767823427339017  0.84074506292523532
  0.84376415119572123  0.84680153998756991  0.84992971091455960  0.85312007410145174
  0.85629553787369528  0.85951813610078864  0.86279516182190941  0.86604413351983311
  0.86932950246336549  0.87271421076768907  0.87614552561350456  0.87963192866312245
  0.88318115975551748  0.88672066861184506  0.89024188610053723  0.89383745782770163
  0.89756986383567317  0.90144369305681793  0.90534522853005828  0.90927250255730585
  0.91335106076906802  0.91755450092856639  0.92185340827074969  0.92624655228132591
  0.93079092801392993  0.93539893744537672  0.94013414112891203  0.94509178024153673
  0.95028142836605256  0.95565754528642455  0.96140826058840945  0.96748620509244476
  0.97421926362959932  0.98153130577681236  0.98986949099116472  1.00000000000000000
 -0.00249004875848017  0.00846241255730426  0.02085416418785298  0.03283479820011792
  0.04690869349798654  0.06031210494026968  0.07320350283982321  0.08585975273975828
  0.09896553191819092  0.10882206009450267  0.11578175343599158  0.12300671060425639
  0.13072460958289683  0.13862284616002005  0.14664137252134626  0.15434884230327686
  0.16199381524721140  0.17395730159443090  0.18764304973056434  0.20088470599458558
  0.21381276815184860  0.22701264000512825  0.24211758799167876  0.25953478791505591
  0.27668916968501522  0.29168287790811287  0.30592900178605953  0.31962909119325317
  0.33310482252029727  0.34688383675949652  0.36133874546836331  0.37537414432362504
  0.38465686967631019  0.39292677889891059  0.40055924582550767  0.40835825402419901
  0.41722251228499463  0.42690787180637285  0.43507078705617497  0.44521834133175786
  0.45618540885242198  0.46752682190729972  0.47939832871623345  0.49268916494422460
  0.50689367564117971  0.52131841087063102  0.53411038709260705  0.54766183609926333
  0.55925162692404196  0.56795059193916153  0.57560177062241014  0.58342431199312417
  0.59072687423171388  0.59828314173662989  0.60672358255272252  0.61521405766312420
  0.62266594267575237  0.63272747154560971  0.64457246156240344  0.65507668728812030
  0.66385469859090918  0.67233543852805766  0.68140584834540230  0.69449726929202260
  0.70776296381662074  0.71797497891905826  0.72747354301513611  0.73711962986229929
  0.74631532048452065  0.75408550728901880  0.76057935492286888  0.76724343450718835
  0.77514987843692096  0.78444661137260141  0.79422214068489727  0.80341934127622450
  0.81240723837226958  0.82425428259589095  0.83554483875648333  0.84304212084728580
  0.85065267051375570  0.85879452497777709  0.86819084031155147  0.87876323261371814
  0.88865129916642427  0.89493579357498365  0.90494286320136808  0.91551521489059906
  0.92690748728372352  0.94011473978023163  0.95405844804731677  0.96505689384169246
  0.97546127654167769  0.98477785627229164  0.99271367084857243  1.00000000000000000
   3.8391894997971725E-004  -1.0000000000000000     
 T T T T F F F F F F F F T T T T F F F F F F F F F F F F F F F F
  <DiscreteSampler_grid>
  grouped_processes
  1 # 1 for a reference and 2 for a running grid.
  10 # Attribute 'min_bin_probing_points' of the grid.
  1 # Attribute 'grid_mode' of the grid. 1=='default',2=='initialization'
  0.0000000000000000 # Attribute 'small_contrib_threshold' of the grid.
  0.5000000000000000 # Attribute 'damping_power' of the grid.
 # binID   n_entries weight   weight_sqr   abs_weight
    10   10   1.261198441410953E+008   1.893111221139810E+016   1.261198441410953E+008
  </DiscreteSampler_grid>
