 -0.00112778529880061  0.00667682600154726  0.02296667662437366  0.04053073326509435
  0.05764439455310973  0.07492360585759919  0.09114408144600414  0.10715675592085080
  0.12268519092089392  0.13729207746072356  0.15215727439854254  0.16708488219605719
  0.18200149850322833  0.19691839296562330  0.21193173665115311  0.22741936015929121
  0.24274795915181110  0.25796517288425697  0.27315012308114994  0.28830057676462295
  0.30343414623858578  0.31851723270094351  0.33354635879195482  0.34857440249895677
  0.36356062884038221  0.37850234253273418  0.39339168676996528  0.40821452730842861
  0.42290341128896253  0.43759705011496763  0.45227844003239104  0.46692240012814928
  0.48153388793225688  0.49611059238377953  0.51067712370953755  0.52524315177517866
  0.53977265738808833  0.55428480934672408  0.56878535946652020  0.58327126058492018
  0.59772545843300684  0.61208647942606831  0.62644428531165952  0.64080263609896471
  0.65514201685071238  0.66939588686164442  0.68362679043454722  0.69792033320707980
  0.71237237235834316  0.72687533116265834  0.74146675260742634  0.75612093367975330
  0.77081033530580134  0.78553797324265529  0.79991147865204426  0.81405787009704278
  0.82809855675080390  0.84172376412862682  0.85656138803137538  0.87045795019175487
  0.87854748689660045  0.87918414503575848  0.88166434397063931  0.88530207079169210
  0.88880945612816320  0.89230433597797632  0.89584481492812018  0.89939983610207352
  0.90293401873013435  0.90646035630858635  0.90998806016788336  0.91351499112044243
  0.91706813322470404  0.92063928598473566  0.92422150684298388  0.92780169375962951
  0.93139822349673196  0.93497466205224766  0.93853405889332098  0.94210233353802020
  0.94566198544294500  0.94922940510121900  0.95283226319526804  0.95644743953572109
  0.96006042760995403  0.96366471046082147  0.96727012183872774  0.97090712143842983
  0.97453074209019397  0.97816020500428613  0.98181806789856862  0.98545446242816770
  0.98909351712599547  0.99272215528397878  0.99636018120470937  1.00000000000000000
 -0.00269090416928912  0.00949464112407326  0.02090031221484825  0.03122848183247161
  0.04138019391164887  0.05212346368417892  0.06289531165984795  0.07317901226783687
  0.08326476312708729  0.09383518289197271  0.10485438113621029  0.11558938887433490
  0.12773242466154847  0.14021851176809416  0.15113155087505839  0.16100136817688024
  0.17093081950202385  0.18089510371011286  0.19083912852376364  0.20011966067088041
  0.21141404023492444  0.22432657042332385  0.23671135729613635  0.24807105734753904
  0.25887605706266481  0.26963810414838157  0.28076736551406584  0.29205569705430445
  0.30307689171821312  0.31367479707779139  0.32400172767473007  0.33414413813971255
  0.34426271163092781  0.35515237470634820  0.36714038386596398  0.37961682498431393
  0.39204039764690080  0.40437650322811275  0.41554455778212568  0.42524184779537433
  0.43477196202528751  0.44394477614553779  0.45309845799184539  0.46241873995909893
  0.47198187401034020  0.48204425892150665  0.49289975374623796  0.50438195772875682
  0.51672757193631746  0.52995989663307308  0.54234433053846554  0.55268281124624463
  0.56305273969843206  0.57282950828530099  0.58204076572538721  0.59118218191559013
  0.60035458861200086  0.60987867945973639  0.61989920561555323  0.63079243891828740
  0.64166783405804928  0.65211861336712396  0.66263402272012661  0.67357614943202537
  0.68462492487102378  0.69535050573864943  0.70616130986032877  0.71726176326491253
  0.72834544492441444  0.73899518028724365  0.74944633544606787  0.76031493721785459
  0.77155339149745461  0.78252855722643622  0.79294796955054281  0.80331780729614710
  0.81390042454638845  0.82449746551610181  0.83471658451735209  0.84419178270089712
  0.85347831140396602  0.86298443127219315  0.87260480398312967  0.88218842053171775
  0.89154774172436391  0.90113802624043460  0.91083254189047502  0.92071492859698822
  0.93075292657675235  0.94079875470376262  0.95076549273191435  0.96058887241562940
  0.97046510666056518  0.98055783816698561  0.99043336784671276  1.00000000000000000
   2.7168201098926196E-005  -1.0000000000000000     
 T T T T F F F F F F F F T T T T F F F F F F F F F F F F F F F F
  <DiscreteSampler_grid>
  grouped_processes
  1 # 1 for a reference and 2 for a running grid.
  10 # Attribute 'min_bin_probing_points' of the grid.
  1 # Attribute 'grid_mode' of the grid. 1=='default',2=='initialization'
  0.0000000000000000 # Attribute 'small_contrib_threshold' of the grid.
  0.5000000000000000 # Attribute 'damping_power' of the grid.
 # binID   n_entries weight   weight_sqr   abs_weight
    10   10   1.629663903071443E+008   2.655829989273767E+016   1.629663903071443E+008
  </DiscreteSampler_grid>
