 -0.00299940562208452  0.00691332801734461  0.01927288197981077  0.03301419773181611
  0.04735477819316482  0.06181345086812599  0.07672053892327897  0.08928565864320617
  0.10141303543058042  0.11359695665861862  0.12581349596412916  0.13804376846867353
  0.15025907792308674  0.16224161074101492  0.17489382552524724  0.18796552699037258
  0.20111636947902603  0.21416828762323978  0.22722370789622548  0.24026654427388724
  0.25333250094439036  0.26641400163493117  0.27949500957659063  0.29258487907768932
  0.30565331232631560  0.31871014674071824  0.33175292788691113  0.34477869070255601
  0.35778887435712753  0.37086942133842843  0.38390810445337109  0.39695034096366022
  0.40999225341957746  0.42302003838545454  0.43605894238175924  0.44909233953005534
  0.46216770132459256  0.47527675160407928  0.48839623402843524  0.50149543309465661
  0.51453053426279605  0.52753980497541042  0.54049471929974746  0.55341719175594084
  0.56636577150665313  0.57940872681403888  0.59250667320036654  0.60562176513826427
  0.61875682293588441  0.63191683604004856  0.64507525497029272  0.65821739255380607
  0.67128826037135847  0.68432325801662386  0.69736642359827039  0.71045548986683005
  0.72355749935158842  0.73669575407495802  0.74985937067607267  0.76304608194635781
  0.77625940371038138  0.78940085302221941  0.80255141231412652  0.81568380433193288
  0.82889603495541120  0.84229063413741379  0.85565563700774705  0.86917804879455685
  0.88276265375592344  0.89652164121696232  0.91043717008050684  0.92239888711955198
  0.93387133417444557  0.94469124665086313  0.95523039357362538  0.96192508052491088
  0.96321686428812792  0.96473894261684567  0.96670044151813683  0.96863771742071192
  0.97059693634595301  0.97254078939912314  0.97448452193133694  0.97643036832347441
  0.97837385056804727  0.98033059643268528  0.98226954516159082  0.98422766472650391
  0.98619792706783094  0.98816669088983999  0.99014658367605601  0.99209812777625994
  0.99406142470121595  0.99604478551593734  0.99803823064944697  1.00000000000000000
 -0.00384941760972183  0.01328571707905075  0.02458340915236626  0.03464575608457387
  0.04490546637721193  0.05491312099891352  0.06492643834249362  0.07435155034144793
  0.08556771135226211  0.09963863228642211  0.11357084585006612  0.12597427485654611
  0.13655093794499826  0.14593010829031697  0.15494973669816819  0.16412774012031525
  0.17320742713058973  0.18169563085386486  0.19057449779920602  0.19963123326413715
  0.21103000543541880  0.22419110436883857  0.23790044852709530  0.25139000517690901
  0.26494724668315117  0.27858569041533793  0.29104967759343398  0.30110618677746115
  0.31049606249613648  0.31998916276455880  0.32914859422630627  0.33833982068915180
  0.34825244258618449  0.35926312635574259  0.37074671997439396  0.38278355575212064
  0.39516620539319214  0.40629371481196197  0.41571418119849274  0.42583613189491470
  0.43568207088769401  0.44547397493556540  0.45569484520205372  0.46749649076050392
  0.48091971520895072  0.49448417013051044  0.50734570218394670  0.52005018908468981
  0.53264294034790760  0.54548519753876912  0.55865720483523140  0.57179755838526169
  0.58454593439322455  0.59697835049123205  0.60790629118720974  0.61544538396137105
  0.62439630469572427  0.63336515075689870  0.64241650049312193  0.65121464190937151
  0.65950331191374867  0.66806874203382116  0.67767059983143441  0.68773643041153398
  0.69733611159815490  0.70753315387546878  0.71992955205612363  0.73166661016376855
  0.74085316508754395  0.75105712483437992  0.76139378298615212  0.77114078845592537
  0.78065727612757929  0.79047958199198176  0.80057704028662746  0.80998258088585728
  0.81876859517728939  0.82756835536880413  0.83744864623085902  0.84723393634720912
  0.85628050503570463  0.86491991123827749  0.87444197676974933  0.88457255106501120
  0.89429930853818718  0.90355294357508908  0.91266850162257163  0.92197986742804927
  0.93133443534959282  0.94083009273703866  0.94994897757975905  0.95911672617881649
  0.96896739682112443  0.97935259326852842  0.98965352961728781  1.00000000000000000
   5.7530414347455711E-004  -1.0000000000000000     
 T T T T F F F F F F F F T T T T F F F F F F F F F F F F F F F F
  <DiscreteSampler_grid>
  grouped_processes
  1 # 1 for a reference and 2 for a running grid.
  10 # Attribute 'min_bin_probing_points' of the grid.
  1 # Attribute 'grid_mode' of the grid. 1=='default',2=='initialization'
  0.0000000000000000 # Attribute 'small_contrib_threshold' of the grid.
  0.5000000000000000 # Attribute 'damping_power' of the grid.
 # binID   n_entries weight   weight_sqr   abs_weight
    10   10   4.610435736957861E+009   2.125612043228808E+019   4.610435736957861E+009
  </DiscreteSampler_grid>
