 -0.00555113022179017  0.01906033352618423  0.03885169048003195  0.05875386848678432
  0.07842190328521154  0.09783727934569758  0.11471983224996282  0.13087459751350805
  0.14738474425522693  0.16395190917452790  0.18056915269324103  0.19802778500742746
  0.21587069384010241  0.23443628277300188  0.25271781530444631  0.27085015687214198
  0.28883776065883593  0.30671764129039353  0.32430659949919671  0.34204961513308163
  0.35991038571169681  0.37771794260015590  0.39570321799061908  0.41430557756406194
  0.43281573879258362  0.45125126209057587  0.46975734683156173  0.48820863006119275
  0.50635131481227458  0.52439514925585518  0.54232880978279485  0.56008777089766715
  0.57779186222664725  0.59598047700162404  0.61421626970393839  0.63257280249232950
  0.65079273553935002  0.66890627494827903  0.68716988016019731  0.70548287843197588
  0.72405082641378105  0.74266004737362024  0.76136162003932317  0.78140487978457085
  0.80246269044553542  0.82459371640796419  0.84696161474210596  0.86773354912520362
  0.87835998602157572  0.87863716050351037  0.87928543568946849  0.88058788473492833
  0.88327466803197363  0.88594305998405043  0.88862132685672268  0.89125550057112346
  0.89386546729712157  0.89646839488990826  0.89906106467930036  0.90166538813169905
  0.90429871815947305  0.90695099322206296  0.90962758696232560  0.91232146219407562
  0.91499352151522539  0.91766220885914807  0.92032890987928129  0.92302219847982303
  0.92573288794762210  0.92842804635962251  0.93113216788429487  0.93389807657017565
  0.93666421284401069  0.93936646610455188  0.94206621808651692  0.94475900642108079
  0.94745472743018710  0.95018520342744106  0.95291680946047808  0.95563468564730414
  0.95838431752503328  0.96113814578123546  0.96388862833294597  0.96664025633497530
  0.96940851145537243  0.97217340330746338  0.97494786165510616  0.97773834460689180
  0.98051458244269873  0.98329189699147601  0.98605580990102915  0.98884034019472211
  0.99161142344049313  0.99439760983138559  0.99721408176073822  1.00000000000000000
 -0.00188782320955924  0.01039895937688514  0.02214922862327263  0.03329612242175860
  0.04445019706446622  0.05597881882686193  0.06828566084060257  0.08057629983994513
  0.09328750169861781  0.10663637895728849  0.12044703109262864  0.13528385256068548
  0.15158115108073666  0.16693831961796138  0.17653135490390465  0.18592470904823119
  0.19430354085250875  0.20307589873810719  0.21179388270105384  0.22029873053529769
  0.23034989670618999  0.24515899400065533  0.25987694158153585  0.27295162673948281
  0.28638164755829365  0.30017209142733497  0.31520477640246003  0.32947812058866438
  0.34095636960876974  0.34966289494879510  0.35860309021824077  0.36713173541867850
  0.37572535611811680  0.38404693880649615  0.39216007992518159  0.40054356817147946
  0.40954628344655630  0.41831194310199532  0.42667890398033059  0.43512383165648788
  0.44361227837155143  0.45214156735354599  0.46223763774621146  0.47676684800304442
  0.48941801333707019  0.50174336152540466  0.51426562926489472  0.52619991188734794
  0.53867583853059853  0.55073599152845021  0.56132422089122391  0.57021309065754200
  0.57841621779430852  0.58748261110930222  0.59580418989388917  0.60359345438389767
  0.61160723824601082  0.61967393421875738  0.62928722501549972  0.64192614214117927
  0.65597396329455182  0.66767288735792807  0.67781221340499820  0.68720999785775150
  0.69588822205792455  0.70547753906670863  0.71603410143686819  0.72533436756580250
  0.73457034001225541  0.74425393217487579  0.75290766021805489  0.76065989414765411
  0.76848349666967497  0.77675221053686638  0.78544679526765948  0.79523035826927302
  0.80555776836406168  0.81707419972790285  0.82858973306832617  0.83859816009871890
  0.84750152004890245  0.85646851071435259  0.86674977191908997  0.87628694965429921
  0.88491599949418964  0.89339599510886358  0.90452689831396349  0.91820114179978429
  0.93155796858184248  0.94475550258088081  0.95652861784070131  0.96637098410521216
  0.97491098144720800  0.98349226600002615  0.99183460400010726  1.00000000000000000
   1.0008253387175632E-003  -1.0000000000000000     
 T T T T F F F F F F F F T T T T F F F F F F F F F F F F F F F F
  <DiscreteSampler_grid>
  grouped_processes
  1 # 1 for a reference and 2 for a running grid.
  10 # Attribute 'min_bin_probing_points' of the grid.
  1 # Attribute 'grid_mode' of the grid. 1=='default',2=='initialization'
  0.0000000000000000 # Attribute 'small_contrib_threshold' of the grid.
  0.5000000000000000 # Attribute 'damping_power' of the grid.
 # binID   n_entries weight   weight_sqr   abs_weight
    10   10   7.640241742469089E+008   5.838165830958746E+017   7.640241742469089E+008
  </DiscreteSampler_grid>
