 -0.00265583021929149  0.00763545224671204  0.01931001049997753  0.03149266073755012
  0.04398247564065829  0.05646150466809411  0.06813692220445394  0.07807511510515276
  0.08810255747940350  0.09817297003620835  0.10835512945333407  0.11825272551497056
  0.12837093835371036  0.13891772077098602  0.15048767443582395  0.16251592422991207
  0.17433618473354906  0.18610126028316498  0.19781095180057098  0.20966472286779159
  0.22147667525654474  0.23328261952801405  0.24505034453224236  0.25681265118564123
  0.26865490207466719  0.28064167389432171  0.29264667647087206  0.30464751860631489
  0.31663153589419346  0.32858315822303413  0.34037663236382537  0.35200349758951943
  0.36363001298951897  0.37528270448216772  0.38711684006982378  0.39895010547705578
  0.41079101321067735  0.42265484005822956  0.43453689989377103  0.44640557192734737
  0.45821788755591381  0.46997990654909244  0.48170395436276275  0.49345309175346769
  0.50516824259066850  0.51684910052258093  0.52849515913151335  0.54015671772141283
  0.55210686714721247  0.56416304548718188  0.57611048409822330  0.58810715495268717
  0.60011573763347903  0.61214919251935518  0.62428339916002595  0.63640569029289151
  0.64865461141976499  0.66096812619931222  0.67326461432450002  0.68544683401453121
  0.69749596767947686  0.70952724299113656  0.72159420483136572  0.73362226627492289
  0.74551439161599553  0.75725363474449803  0.76900021506164062  0.78086442503475695
  0.79273509291928279  0.80465336615787164  0.81641985324244581  0.82814922613717323
  0.83986280253933288  0.85152413574242680  0.86310599670515964  0.87467429340188785
  0.88645822179455180  0.89821612647839999  0.91001479449069667  0.92198197630270395
  0.93397386349893241  0.94583380420755658  0.95760305253023725  0.96962051585133291
  0.98135352646326623  0.99281823401135993  0.99369816993845983  0.99418803485214280
  0.99491728154242320  0.99564317998230778  0.99636295104329109  0.99708542870669714
  0.99781437946617835  0.99854207248767513  0.99926851210049727  1.00000000000000000
 -0.00171277211916604  0.00755965920913168  0.01612607913882541  0.02494773998226226
  0.03335182928462059  0.04188036718837018  0.05065873307134659  0.05970400716576576
  0.06892354603159391  0.07745561485020583  0.08637803751824905  0.09651725150982875
  0.10702419273737988  0.11748559009418344  0.12870277646621961  0.14301589445981669
  0.15870297086547530  0.17394111055996911  0.18723067043447580  0.19634167783815143
  0.20555928881568236  0.21512688430343779  0.22443662598575140  0.23352933856927499
  0.24243944495064801  0.25188442568154407  0.26205595167493217  0.27190896442501739
  0.28057820628223579  0.28859835814576557  0.29675055774401821  0.30525484344673254
  0.31347338640186728  0.32174027106617592  0.32984541170905285  0.33822764680911604
  0.34692093551798769  0.35732270865335630  0.36972982139754501  0.38347926057606707
  0.39809697540547040  0.41213610009369056  0.42619729146829938  0.44033076844222829
  0.45446653667668607  0.46903339069638966  0.48520553236833641  0.49790856832644481
  0.50827840421575543  0.51724958598566129  0.52620383972311113  0.53518487617933364
  0.54496070318771761  0.55412930052107690  0.56396143952928690  0.57611993322808741
  0.59125204054701441  0.60392581148838564  0.61360023226170857  0.62311590619374180
  0.63242996073383573  0.64120218309715593  0.65001305944364984  0.65883482748928013
  0.66819239755560711  0.67830531145784789  0.68892811637316631  0.70224108656923756
  0.71598745026810318  0.73026873347276078  0.74522869546886528  0.75931067390526596
  0.77103109303076722  0.78037669271494592  0.78909298929215910  0.79795381564260770
  0.80684599873062690  0.81575840657673349  0.82492227415371167  0.83431134408213359
  0.84479556315911331  0.85475693052150981  0.86406533899192906  0.87343162666676843
  0.88259313457247612  0.89141972553951598  0.90073511903830217  0.91090458216414816
  0.92349128634471433  0.93802705729985048  0.95281022714815000  0.96378868122973294
  0.97294338042536355  0.98233970075930732  0.99137666009456493  1.00000000000000000
   2.5927925137438654E-004  -1.0000000000000000     
 T T T T F F F F F F F F T T T T F F F F F F F F F F F F F F F F
  <DiscreteSampler_grid>
  grouped_processes
  1 # 1 for a reference and 2 for a running grid.
  10 # Attribute 'min_bin_probing_points' of the grid.
  1 # Attribute 'grid_mode' of the grid. 1=='default',2=='initialization'
  0.0000000000000000 # Attribute 'small_contrib_threshold' of the grid.
  0.5000000000000000 # Attribute 'damping_power' of the grid.
 # binID   n_entries weight   weight_sqr   abs_weight
    10   10   4.581073739332102E+009   2.098623660583793E+019   4.581073739332102E+009
  </DiscreteSampler_grid>
