 -0.00155815361150608  0.01149156778629610  0.02279427570068074  0.03388783207477746
  0.04445879808694145  0.05543494441777504  0.06597117240828319  0.07652287406622174
  0.08720231958752619  0.09822921256308277  0.10897851030099756  0.11945104137356956
  0.12982434039129309  0.14006482997252079  0.15031237368177242  0.16062121035545657
  0.17120860180334777  0.18187491944573841  0.19257130540560061  0.20312801004930420
  0.21336124779932508  0.22348833682561423  0.23393276488416387  0.24469308234623016
  0.25565610660925919  0.26651726610729254  0.27728653093657579  0.28782618723033404
  0.29815847393923073  0.30823570454533972  0.31843171000480358  0.32870055555784877
  0.33904102042799522  0.34954207936351084  0.36021832896306194  0.37116598585827099
  0.38214950203334835  0.39317498973456816  0.40362520029594084  0.41412555636915471
  0.42436308968305936  0.43457570805151174  0.44462511269247651  0.45434279885574974
  0.46406314670763205  0.47410941151871339  0.48442241682538251  0.49518990785591166
  0.50578557345511344  0.51622211129332607  0.52679072522037484  0.53749876263424035
  0.54791919714620341  0.55780818031863011  0.56765781957679895  0.57749734527507057
  0.58746816435939164  0.59773631599466515  0.60817693553030183  0.61902942101285385
  0.62973908357727981  0.64034689427482416  0.65077572451080978  0.66131487002386991
  0.67210781399636843  0.68291690926478210  0.69367272138376079  0.70447075901085354
  0.71521103677727293  0.72563423161787044  0.73602561945549905  0.74644673793621763
  0.75683864992831329  0.76721059512797651  0.77716912881782518  0.78702388790200539
  0.79649029455448894  0.80613146204859953  0.81578582941691524  0.82614526408920785
  0.83653225667117781  0.84739153726767524  0.85822429851209547  0.86883987929435691
  0.87917548384592359  0.88926729022203455  0.89949896956502617  0.90974853044156678
  0.91988568226186518  0.93013159613779794  0.94056225801415272  0.95132990757516556
  0.96227825891557928  0.97335015825516435  0.98606220606882156  1.00000000000000000
 -0.00195301953971385  0.01251741298986671  0.02439659833951113  0.03545084119621909
  0.04673528571290814  0.05834880705430988  0.06938420513999469  0.08009793024490856
  0.09056402344959393  0.10117525575486841  0.11186369951359472  0.12260558789626430
  0.13298340486057161  0.14329538096458683  0.15358366399931064  0.16393901185715720
  0.17423311202858394  0.18415231686104738  0.19412253672258561  0.20432157365193906
  0.21494816477942913  0.22557859810255532  0.23598093775313592  0.24607692987186325
  0.25646093375321577  0.26697257805941810  0.27714429503664517  0.28736559142425039
  0.29800276649066393  0.30945768675153745  0.32087612688257383  0.33218117637825406
  0.34316369182697071  0.35385159218333012  0.36454206546844692  0.37513889429977554
  0.38560278653825703  0.39564401449409331  0.40534792991143148  0.41493517744676467
  0.42476702409682099  0.43508225263784617  0.44563842029877598  0.45606037914041186
  0.46599269098707041  0.47585356751106977  0.48594284570395213  0.49638262301991537
  0.50689589262652157  0.51736582822683408  0.52813752398165781  0.53895550460608843
  0.54934367343446078  0.55942922180457944  0.56953187804873151  0.57938920568960262
  0.58912235683631620  0.59882584767893443  0.60865250430893225  0.61870337960629429
  0.62889209198807849  0.63934879242448062  0.64982006563701511  0.66010356042700946
  0.67026753928369520  0.68038519733825931  0.69060826411115062  0.70101933878471845
  0.71157323333640321  0.72207860390142009  0.73270030243196127  0.74342073261083874
  0.75409010125352693  0.76461299250827630  0.77507975443900778  0.78576063463922541
  0.79646346279023361  0.80707504426021570  0.81746838528095311  0.82783502936392894
  0.83823074776673601  0.84885639720895267  0.85951522470124064  0.87018621078625602
  0.88091882871427374  0.89147755048275856  0.90204910692719031  0.91265532440111019
  0.92351329550512617  0.93408035685829760  0.94445867338919121  0.95470140398368042
  0.96543641559131388  0.97646127382376013  0.98811347834245455  1.00000000000000000
 -0.00678278462625025  0.00950843411233688  0.02797134751410625  0.05024002298877958
  0.07159160981872897  0.09260118673438825  0.11348889285687816  0.13304199562909919
  0.15174615223075677  0.17034990916763251  0.17554636319396349  0.17999745551033897
  0.18732749598699336  0.19410324537355472  0.20075352525029430  0.20730946133710090
  0.21390244014402554  0.22064533155701896  0.22752160217058037  0.23448442600820449
  0.24156031581019533  0.24867145600118115  0.25584110902890916  0.26311801193832712
  0.27052449570626286  0.27799661488296051  0.28553374293847106  0.29315673213094606
  0.30090634826103252  0.30866900217539123  0.31647832324324959  0.32432420769099701
  0.33223073410457410  0.34025391988647491  0.34841554064561558  0.35667475953744160
  0.36498058949418988  0.37339637906263401  0.38193506577261255  0.39055999007235315
  0.39922859986443288  0.40795426428788395  0.41672638039831428  0.42554534322695020
  0.43444786797058310  0.44340778325323071  0.45243488354217504  0.46155284285736287
  0.47074785249807477  0.47998154952067817  0.48930266709536946  0.49872201085416235
  0.50825185342536805  0.51791054195754627  0.52773422519124569  0.53764727616005992
  0.54762170466211924  0.55758086385465444  0.56760043636069657  0.57772120632771995
  0.58791535376044801  0.59824099275411624  0.60863106028753200  0.61911746521531896
  0.62969726904176027  0.64028123165570039  0.65095160554826947  0.66161179955931226
  0.67236317971934434  0.68327480757043868  0.69442410023620671  0.70574676322262098
  0.71711103376519558  0.72848252221124932  0.73989497577791463  0.75140921984333331
  0.76301946689934963  0.77471757287012444  0.78645338610851201  0.79825252395112534
  0.81012214755291201  0.82208287694453763  0.83416441368148797  0.84635143139963431
  0.85865119713954829  0.87101805257203013  0.88339888790134391  0.89589656312843269
  0.90854016007516147  0.92132326130865871  0.93422318004999905  0.94720001417401278
  0.96023892382808551  0.97333167045983515  0.98653212312884275  1.00000000000000000
 -0.00241757447135915  0.00904364396599918  0.01923489020840028  0.02991030396907654
  0.04052531005800180  0.05079245226426941  0.06093332160710068  0.07157413108599776
  0.08248206369267630  0.09341308264042299  0.10414258964015931  0.11483280428958381
  0.12553023701621327  0.13642338911816185  0.14715298098370314  0.15755921138539183
  0.16780890051812539  0.17809033689828846  0.18798253476624555  0.19781129462416169
  0.20755220093643156  0.21783819106491675  0.22843046356522861  0.23921049859493834
  0.24994907555439272  0.26065695047998683  0.27119599263921823  0.28191587409081698
  0.29250703326407657  0.30348646798954748  0.31455433761204343  0.32561375723970010
  0.33671793918605547  0.34775745671089281  0.35846729134013022  0.36870618421122775
  0.37883742980790169  0.38877031909064708  0.39874264898058681  0.40856007873413508
  0.41822696392714354  0.42838835351232391  0.43854304760376622  0.44928809918347673
  0.46017017674273603  0.47118213150616362  0.48229608516001760  0.49331427205468037
  0.50411869280072275  0.51452800672311760  0.52457427404590262  0.53474678899522154
  0.54521067445122418  0.55593098876121483  0.56622087962253942  0.57620253369768348
  0.58623075299080407  0.59672240260983866  0.60731560917577199  0.61802835770956810
  0.62876922512893341  0.63950797720644892  0.65039732829847985  0.66126020892151316
  0.67223935520410794  0.68323578135658236  0.69439939466655598  0.70575664259229531
  0.71692546525979017  0.72781519934560046  0.73869767766353223  0.74955015068414643
  0.76026819109411747  0.77085544047755161  0.78163508102458334  0.79205648486657898
  0.80210211784693919  0.81220283138438565  0.82259212139500537  0.83300981724280343
  0.84310642953278669  0.85320463059839124  0.86343942316254518  0.87394731492960631
  0.88469227454760879  0.89541430433961045  0.90594773873289824  0.91665493955622401
  0.92760768135913385  0.93889566477881758  0.94960740331229465  0.95988545988783036
  0.96979071498511715  0.97983311071698076  0.98991651203378461  1.00000000000000000
 -0.00277682785445137  0.01090246188594100  0.02207453963967392  0.03376363109344835
  0.04534338639603052  0.05692902701252758  0.06881689097995128  0.08071172023801912
  0.09237319415693131  0.10381767159944977  0.11569409478034783  0.12778510267455462
  0.13987955382535266  0.15172057077996784  0.16349052268814229  0.17534012910132529
  0.18684463355355388  0.19795769574220107  0.20912231840881543  0.22066582542628108
  0.23240916964401695  0.24369818344768171  0.25474661295445311  0.26553179789298159
  0.27655252202776526  0.28777343907944603  0.29911287794315711  0.31032727008554301
  0.32175692322402660  0.33323020509937379  0.34457869392029800  0.35546764206502846
  0.36622089684990039  0.37715748427201290  0.38814746773953462  0.39856395490238949
  0.40853745813343079  0.41886390361380088  0.42957163586860503  0.44011563777384760
  0.45056227891418899  0.46090843701474965  0.47144204927557365  0.48200990332498767
  0.49282236295155363  0.50386249540121997  0.51465328384502718  0.52506980327614639
  0.53535494353475976  0.54567422747416983  0.55599050965488961  0.56642681946823004
  0.57683462358430049  0.58715576871673625  0.59729971649106450  0.60728799864096950
  0.61724096773425030  0.62728909040528691  0.63744317038518206  0.64763907818664368
  0.65778129768328164  0.66791328534446304  0.67854224816095576  0.68916730963810269
  0.69959834302667623  0.70988843775618460  0.72009817201931514  0.73018273064826988
  0.74007268149561867  0.74995469697775463  0.75981328688086180  0.76960031650186167
  0.77898465293236774  0.78818772655393010  0.79734276221540679  0.80629075612889034
  0.81525341662959105  0.82433301075329446  0.83392892217969139  0.84409726633297222
  0.85435718623913504  0.86437965526626082  0.87415715323309984  0.88402126514952439
  0.89384052807643521  0.90355841467899645  0.91299100161211066  0.92263159399463368
  0.93234031775247350  0.94213692760197398  0.95147807192810574  0.96088170394711780
  0.97038701278337403  0.98022571911419876  0.99007849448565022  1.00000000000000000
 -0.00265557138991666  0.01014857015917332  0.02110868412444852  0.03227366824073442
  0.04364091813328135  0.05499414247074840  0.06586821308456718  0.07649865762895977
  0.08696035265405776  0.09732342970505781  0.10786035283095924  0.11833476523541074
  0.12882630934051112  0.13912047803977456  0.14961748509335693  0.16021826140117876
  0.17095869045226722  0.18157592163627509  0.19241077551510491  0.20335122807373057
  0.21413954057812082  0.22486641415179992  0.23549829647076348  0.24637785934737721
  0.25734110674244787  0.26828655317390016  0.27933691934862553  0.29045571300213835
  0.30111013805258596  0.31155443675362782  0.32178994969152158  0.33173578844160190
  0.34123827726269712  0.35040046795622054  0.36004250147298311  0.37016498259388786
  0.38071811225613500  0.39140595872315975  0.40247033971319135  0.41367489380012801
  0.42476556809183835  0.43561627744679515  0.44610955049799789  0.45655238777849821
  0.46706982243262762  0.47754331699225111  0.48799554325403494  0.49836748723849850
  0.50928754925220177  0.52021553121359709  0.53102804298809791  0.54205559242627077
  0.55312384178318230  0.56410841811821111  0.57484484372165834  0.58555348021400100
  0.59620422856789645  0.60642094574198846  0.61624357189527679  0.62599550832632245
  0.63587896525122534  0.64625188222353236  0.65687382697075425  0.66755212327407398
  0.67804638812195095  0.68856978767687071  0.69915844936165472  0.70983975782254316
  0.72052654276760086  0.73141695597003287  0.74240356199108759  0.75291219897432760
  0.76299840796442686  0.77298640685996645  0.78332929736315482  0.79368819849408467
  0.80369618351501093  0.81371132120728185  0.82411570355287012  0.83484226806377915
  0.84581302515238022  0.85656470744820512  0.86716572925530666  0.87743658964724602
  0.88785147660616348  0.89799499054231013  0.90806559880697912  0.91788980729799996
  0.92753423116743627  0.93714440978734104  0.94698493151608343  0.95715846107220559
  0.96759597947170450  0.97778915516401388  0.98888393592794044  1.00000000000000000
 -0.00185314975661210  0.00746718516347978  0.01546315033905837  0.02380231444932621
  0.03223008271949034  0.04072703555446511  0.04916188334265793  0.05751343468587671
  0.06595014433545213  0.07454474452054158  0.08323566365620437  0.09183553562395536
  0.10030523328119921  0.10892304668643003  0.11779653614735448  0.12665761229361525
  0.13533343721406357  0.14393354825667629  0.15236353604769551  0.16083521924891403
  0.16952525065572524  0.17836870458115600  0.18712936871467692  0.19618871983918496
  0.20550457066247307  0.21512036195762921  0.22490350514283936  0.23458513138014847
  0.24416872234030912  0.25375461015196149  0.26301354771461122  0.27203142946745545
  0.28089882914934317  0.28997996160573652  0.29926559433465622  0.30848533879576762
  0.31786280454764138  0.32735374959989905  0.33705933529600646  0.34683957040906976
  0.35679280726565615  0.36703180991042261  0.37719415774540521  0.38713478704281740
  0.39707046743336849  0.40713825984940100  0.41729669759661420  0.42760920647092115
  0.43805613195136511  0.44845079467745730  0.45872311282969264  0.46889949360583955
  0.47889413673628800  0.48888293155096135  0.49883377956830971  0.50919842299707652
  0.51990778571244012  0.53091498207965238  0.54204995312880178  0.55304827605324913
  0.56405475316880527  0.57518135808524729  0.58631333242093109  0.59739121742169232
  0.60870038443206509  0.62032599058482008  0.63217327134436307  0.64392783479810378
  0.65592655445323511  0.66780111154902011  0.67939490986737627  0.69091713559717105
  0.70265667997762049  0.71446270864109618  0.72621689135375178  0.73773269461113422
  0.74918465566142178  0.76101140902213726  0.77314829418204500  0.78502491432556087
  0.79697041474674934  0.80944847117965002  0.82230904541965744  0.83554714490046544
  0.84889418690644269  0.86231102807151128  0.87578624883517919  0.88903664353889555
  0.90210133414126514  0.91544945359595808  0.92943949640585666  0.94372451744218888
  0.95812369861296554  0.97236232518951182  0.98643211581915324  1.00000000000000000
 -0.00248955887113466  0.00924415663565201  0.01942048193308488  0.02980901420945389
  0.04037287756051477  0.05120754763051250  0.06214043540567059  0.07307750660437387
  0.08374345672659188  0.09405905888680295  0.10443266050442820  0.11512783046446214
  0.12549573121863836  0.13519337854388774  0.14483829345142815  0.15522948354980537
  0.16562111829932166  0.17582017476652953  0.18598353925084349  0.19649517912402062
  0.20737166407601373  0.21775922961271102  0.22830683231591734  0.23840310678836116
  0.24911984243179158  0.25988680636710360  0.27106326799229297  0.28151105829625989
  0.29195784909953393  0.30192901085665069  0.31212518171902265  0.32199942931181896
  0.33205544652392716  0.34179549963036315  0.35157318999869475  0.36150471025917635
  0.37176341080338465  0.38211780811481161  0.39261354825987732  0.40301080211424062
  0.41350330852274275  0.42409736292992051  0.43460963422830268  0.44489339862821065
  0.45514183724653584  0.46567052288664768  0.47637116108192551  0.48705572294863353
  0.49786962950434260  0.50898273976607522  0.52020960185232645  0.53126914547712523
  0.54214578796286650  0.55295887937364252  0.56390615562388657  0.57496112713933811
  0.58585142472295981  0.59663467116373314  0.60767261436292508  0.61870930262468549
  0.62933806245869073  0.63929792580886269  0.64943864736238899  0.65988844048685524
  0.67055522543175494  0.68139040184076494  0.69221873577738657  0.70290833122946639
  0.71350731724950212  0.72411936009877687  0.73463324911028516  0.74461417471043634
  0.75479392798792044  0.76539785283130279  0.77624408761649688  0.78716982101410671
  0.79811633048251174  0.80891766523390995  0.81949671136553004  0.83009472874270085
  0.84103208021396036  0.85226187000191889  0.86334750526709603  0.87433118468754945
  0.88478998737289660  0.89532190156933822  0.90575807803176800  0.91644160898001126
  0.92676010049067215  0.93705269026239735  0.94782726210624202  0.95889228836039964
  0.96935482310554644  0.97985928327392025  0.98985962289055018  1.00000000000000000
   3.5950048043087261E-006  -1.0000000000000000     
 T T T T T T T T T T T T T T T T T T T T T T T T T T T T T T T T T T T T F F F F F F F F F F F F F F F F F F F F F F F F F F F F F F F F F F F F F F F F F F F F F F F F F F F F F F F F F F F F F F F F F F F F F F F F T T T T T T T T T T T T T T T T T T T T T T T T T T T T T T T T T T T T F F F F F F F F F F F F F F F F F F F F F F F F F F F F F F F F F F F F F F F F F F F F F F F F F F F F F F F F F F F F F F F F F F F F F F F F F F F F F F F F F F F F F F F F F F F F F F F F F F F F F F F F F F F F F F F F F F F F F F F F F F F F F F F F F F F F F F F F F F F F F F F F
  <DiscreteSampler_grid>
  grouped_processes
  1 # 1 for a reference and 2 for a running grid.
  10 # Attribute 'min_bin_probing_points' of the grid.
  1 # Attribute 'grid_mode' of the grid. 1=='default',2=='initialization'
  0.0000000000000000 # Attribute 'small_contrib_threshold' of the grid.
  0.5000000000000000 # Attribute 'damping_power' of the grid.
 # binID   n_entries weight   weight_sqr   abs_weight
    10   10   2.531376061769666E+005   1.704738911779724E+011   2.531376061769666E+005
  </DiscreteSampler_grid>
