 -0.00902280049175868  0.01911130473807069  0.04537461361014589  0.07187964023888879
  0.09707002884813277  0.12110768615604962  0.14200220646923004  0.16246636472134285
  0.18316293296528108  0.20367471282679986  0.22413659971065925  0.24711891899268357
  0.26992291915353506  0.29239107443503964  0.31471079587909184  0.33694586161097073
  0.35863673683309116  0.38027866098993979  0.40191661167244602  0.42349313634326846
  0.44499883791654721  0.46616665513901961  0.48721360368815070  0.50811771691807595
  0.52897722258963442  0.54970801319752571  0.57019656809379926  0.59045057870045559
  0.61064166004292131  0.63081210518150554  0.65088487325351330  0.67113677197304655
  0.69209604360695576  0.71306295321908630  0.73404164994160970  0.75447905038864349
  0.77453276529982129  0.78997066113875647  0.80525761518028949  0.82271994970642892
  0.82751925920935154  0.82857721630784165  0.82956054174449934  0.83238501187727909
  0.83559835729283283  0.83875868712961477  0.84191405174575751  0.84507214629593286
  0.84823042705538376  0.85139428122333027  0.85456093214738416  0.85773084850731118
  0.86090897492605856  0.86409010834241318  0.86727913943679924  0.87046868328274507
  0.87365535653146720  0.87683958883942958  0.88002843010188025  0.88322316478785623
  0.88642125016066775  0.88961827789059467  0.89282004084108024  0.89603564774559030
  0.89926001216042850  0.90247940409135419  0.90569450007248586  0.90891063033119956
  0.91212937934648775  0.91535069765348975  0.91857463491570268  0.92179659179975537
  0.92502193234638952  0.92824877890305924  0.93147635800828532  0.93471354789201311
  0.93795954089872080  0.94120235860048052  0.94444132947826842  0.94768471961845568
  0.95093887074373129  0.95418983679137725  0.95743699387228021  0.96070055349559236
  0.96396505256971621  0.96723508468308517  0.97051170264812614  0.97379416401292573
  0.97706791163331697  0.98034471193056327  0.98361663344927142  0.98688479072060431
  0.99015933207247075  0.99344140933163916  0.99672113398693873  1.00000000000000000
 -0.00266192106544859  0.01041125933842683  0.02071344715028822  0.03108551419433270
  0.04151393209512329  0.05126806576013504  0.06077830556973372  0.07166255743883784
  0.08259659384666461  0.09419035927655357  0.10609742967197772  0.11935247843369994
  0.13156887426984676  0.14273729569825713  0.15307894534022634  0.16290584812095688
  0.17256706693655011  0.18219166162167874  0.19212471824328348  0.20215754842999706
  0.21221530105358669  0.22228806005176671  0.23197812400178180  0.24135827305427465
  0.25090360382808607  0.26071980542017231  0.27096672369910596  0.28148845364405506
  0.29213795799938119  0.30318443168701914  0.31352083214404991  0.32338735204114999
  0.33300983890032115  0.34299370109489519  0.35256551037581896  0.36199653206081128
  0.37117807213552034  0.38131598388945859  0.39168288720232752  0.40259289965413347
  0.41355715848858249  0.42521301138235285  0.43761532882004833  0.45015069029166532
  0.46215387074636394  0.47350651353786477  0.48413585396209102  0.49446467587962478
  0.50470257248270101  0.51487866839894902  0.52465833127005113  0.53390462090062552
  0.54294857892054582  0.55223449819848758  0.56147845066546120  0.57118044245027488
  0.58076925010880065  0.59047311827896742  0.60050411947730675  0.61097408455324687
  0.62143242126393528  0.63152145421736339  0.64158467995758106  0.65132697845617060
  0.66108858709237106  0.67073749431498575  0.68038747239531716  0.69006626803279358
  0.69973519793408945  0.70963629134771411  0.72038492075283622  0.73176497152944164
  0.74334865117435645  0.75497488627594944  0.76628539956943531  0.77796488443214218
  0.78950406366176484  0.79942508941392487  0.80916075018864542  0.81900669238299340
  0.82917664235618982  0.83923215479389757  0.84928996877570850  0.86008726060567697
  0.87205763935767944  0.88451828472748184  0.89662568382851771  0.91056854031604273
  0.92403033836760895  0.93704296787074937  0.94930453834260231  0.96066600777829114
  0.97001023485293614  0.98024822355241892  0.99000587563933629  1.00000000000000000
   6.5757048269121248E-006  -1.0000000000000000     
 T T T T F F F F F F F F T T T T F F F F F F F F F F F F F F F F
  <DiscreteSampler_grid>
  grouped_processes
  1 # 1 for a reference and 2 for a running grid.
  10 # Attribute 'min_bin_probing_points' of the grid.
  1 # Attribute 'grid_mode' of the grid. 1=='default',2=='initialization'
  0.0000000000000000 # Attribute 'small_contrib_threshold' of the grid.
  0.5000000000000000 # Attribute 'damping_power' of the grid.
 # binID   n_entries weight   weight_sqr   abs_weight
    10   10   4.884349298596441E+007   2.386072992620214E+015   4.884349298596441E+007
  </DiscreteSampler_grid>
