 -0.00479182538270914  0.00106402279096616  0.00986312318691680  0.02439095131709675
  0.03908698658461997  0.05377215686923927  0.06711226000538612  0.07917525472996076
  0.09010705291530256  0.10140604211352582  0.11264921546385231  0.12396150399667206
  0.13558190452551838  0.14866340660100127  0.16209045881414422  0.17532638534867040
  0.18855883954387509  0.20180713185968141  0.21512631532286644  0.22844082931187015
  0.24176374614607515  0.25519081057230852  0.26887834415073392  0.28277433583241707
  0.29672589443578434  0.31059322427458880  0.32438310969423712  0.33820971546922046
  0.35206724335229334  0.36596307232525277  0.37990833727879086  0.39381320894953936
  0.40764106646742970  0.42143636735959217  0.43523168678937801  0.44904179205836664
  0.46283804868354839  0.47658414521159970  0.49019390874103996  0.50371843748181577
  0.51720182339568810  0.53064471767515975  0.54399950194993019  0.55734348017820134
  0.57091465998922142  0.58451694127448628  0.59816129737063961  0.61198796589572413
  0.62576640242513504  0.63950545591961017  0.65316748012791426  0.66686651588795842
  0.68059602440171374  0.69438064979204273  0.70820182256801578  0.72205010593969365
  0.73586962593688221  0.74963465286302300  0.76335766092799517  0.77718271217163759
  0.79098825225693281  0.80477508032302036  0.81851803201451689  0.83224264649178969
  0.84594861844515845  0.85959014438072801  0.87339041525135863  0.88733403896416707
  0.90120246149924899  0.91502482981369493  0.92879745514175471  0.94380530471135671
  0.95909550441136848  0.97469577898508342  0.98839179104707620  0.99367728338128070
  0.99370020693035288  0.99376973925114187  0.99409853460911657  0.99444667811713261
  0.99479444632815806  0.99514309931438250  0.99549135883653017  0.99583944059551921
  0.99618766789804303  0.99653445510617600  0.99688083539141248  0.99722364365945115
  0.99756897737916939  0.99791429300641799  0.99826389436091634  0.99861060044933847
  0.99895966492259869  0.99930629222001632  0.99965400572147878  1.00000000000000000
 -0.00513782038206545  0.01312860505403588  0.03066422020515356  0.04791634377282404
  0.06513883018301159  0.07976060324806709  0.09137842961651621  0.10077973596232694
  0.10983253603886671  0.11877306423380071  0.12774786943511993  0.13644731601487209
  0.14551274960994967  0.15535139760103206  0.16568188738280382  0.18240412737649808
  0.20121279552723728  0.21974752763551184  0.23550020371418223  0.24501048390259580
  0.25451715471391834  0.26292189817330608  0.27146544918449417  0.27919771945836774
  0.28663268789086976  0.29457236497264322  0.30282006338004130  0.31092443506561906
  0.32012070622212335  0.33005522029703505  0.33939158593884722  0.34836733045439533
  0.35727184896537362  0.36622262394447375  0.37487522540048457  0.38275617581582705
  0.39061206199722354  0.39908050394901823  0.40850647232598936  0.41832927513129858
  0.42836946359775419  0.43829709500978475  0.44816217974728073  0.45812059412615946
  0.46844993469924556  0.47800069359847330  0.48883314877627526  0.49911126212623685
  0.50879282296919970  0.51816750900497410  0.52754948962717496  0.53664270170906192
  0.54582408220451728  0.55503439196372173  0.56439572240973734  0.57379113856679942
  0.58300638559303708  0.59171477174282983  0.60033177627911738  0.60893368607757381
  0.61743838123918737  0.62600945145491371  0.63479210939712860  0.64432498777810987
  0.65884017892877311  0.67521984752603259  0.68990555869626635  0.70044587151510951
  0.71010101044878693  0.71948673883236802  0.72885857624032047  0.73793817148563923
  0.74642509823798420  0.75500202075761536  0.76380395295099213  0.77248319846777314
  0.78155871474911254  0.79148174647894398  0.80296408548128984  0.81394979717205751
  0.82346522800621302  0.83573151002548474  0.85076915910991202  0.86785421665119677
  0.88546779485617411  0.89892406084055920  0.90890697898996209  0.91869082353531317
  0.92946795196089538  0.93985240655562807  0.94941635467780305  0.95828553769226787
  0.96896485178294067  0.97981145774646194  0.98962452213654484  1.00000000000000000
   1.5030436256340865E-006  -1.0000000000000000     
 T T T T F F F F F F F F T T T T F F F F F F F F F F F F F F F F
  <DiscreteSampler_grid>
  grouped_processes
  1 # 1 for a reference and 2 for a running grid.
  10 # Attribute 'min_bin_probing_points' of the grid.
  1 # Attribute 'grid_mode' of the grid. 1=='default',2=='initialization'
  0.0000000000000000 # Attribute 'small_contrib_threshold' of the grid.
  0.5000000000000000 # Attribute 'damping_power' of the grid.
 # binID   n_entries weight   weight_sqr   abs_weight
    10   10   1.734622953045258E+007   3.008916969802019E+014   1.734622953045258E+007
  </DiscreteSampler_grid>
