 -0.01098609326857267  0.00975683040550566  0.03738921777490856  0.07419230375075475
  0.10803088471570048  0.13990328415957523  0.16783949759621969  0.19559743334011159
  0.22329093472639730  0.25112298630431673  0.27871962585119020  0.30604471590339666
  0.33284376697149587  0.35947388544724967  0.38581150398034769  0.41199183181631316
  0.43791258713098191  0.44040789064603469  0.44291245090778797  0.44831915245409903
  0.45525908689291711  0.46188685705912796  0.46846509675065545  0.47495496224735601
  0.48143144790122705  0.48795996664920011  0.49452685170820226  0.50112068397837906
  0.50773368110099670  0.51435014834444404  0.52097371331413389  0.52759581607557193
  0.53422598654327291  0.54088164048993870  0.54755422691058842  0.55424405291680479
  0.56096597000996484  0.56772163934597297  0.57449331423859995  0.58126344601473001
  0.58803358014159457  0.59483038417582346  0.60165466714451921  0.60851607932009644
  0.61539084168778346  0.62227676761997841  0.62918216727125220  0.63610810975276655
  0.64304496174600345  0.65000510185448679  0.65700140784953032  0.66402282666739687
  0.67107243703588237  0.67814419459409903  0.68522975666956765  0.69231643035887447
  0.69941391415492538  0.70653819175999011  0.71369122862906331  0.72086958922216482
  0.72807449198243124  0.73529466573653512  0.74252768830664040  0.74977977247906202
  0.75707189667263253  0.76440204357573593  0.77177151614069661  0.77917436005466778
  0.78661808083031515  0.79409493918326657  0.80160346945204242  0.80913011680804370
  0.81667090745902893  0.82425204135258967  0.83187374954959625  0.83953988351979603
  0.84725304882496066  0.85500898695174132  0.86277144691066632  0.87052886794870299
  0.87830947745759691  0.88613986642949771  0.89402002277120762  0.90194355938193105
  0.90991566126436618  0.91793401980040390  0.92597895180830980  0.93404055032515865
  0.94213275880939495  0.95025250087930868  0.95841560065290576  0.96661983086014314
  0.97487713154095645  0.98317296436582780  0.99154178523979408  1.00000000000000000
 -0.00263667108745914  0.01102517195679437  0.02257592464227464  0.03424385479406584
  0.04560510084971825  0.05670157451469759  0.06680909061328470  0.07665697392448473
  0.08655374707062199  0.09656342705125900  0.10646509232634052  0.11627736914953345
  0.12586673124941866  0.13587800616780479  0.14604412261792915  0.15664165126317364
  0.16672442794182810  0.17713394108616393  0.18792334987191600  0.19924775764639685
  0.21091464230397411  0.22247795655600244  0.23373203647293547  0.24476924724214444
  0.25545011897449360  0.26605920909913994  0.27624565060505130  0.28597362277820360
  0.29585629206733755  0.30589435494035982  0.31700286348059753  0.32862048624209528
  0.34022037329356181  0.35119489396282533  0.36190741801176080  0.37251557137836117
  0.38293050464544182  0.39281853291810476  0.40191547112555398  0.41098518331699474
  0.42034628335502627  0.43003010517436457  0.43964565932989419  0.44946437579756776
  0.45954421990134403  0.46980364436640681  0.48016470437497466  0.49072703659656347
  0.50126002683469040  0.51174627102349535  0.52209337933559241  0.53242389715378868
  0.54296514770175885  0.55386420069693043  0.56495451388812612  0.57667417380568664
  0.58770335402987517  0.59837924884436755  0.60871002912377226  0.61906528918956649
  0.62855321145494947  0.63804377197098727  0.64787188890757452  0.65875784407849292
  0.66936617520431485  0.67992851144962885  0.69056390880876239  0.70164875292456841
  0.71260525971313671  0.72356740468109049  0.73457651221769937  0.74541282606258874
  0.75591295137817971  0.76623428693069850  0.77688336019048876  0.78824942885602023
  0.79916692582057491  0.81001180024950026  0.82053477282016973  0.83143695915590132
  0.84187751276429934  0.85143659300167118  0.86085489797487524  0.87028568005386842
  0.88072829841052469  0.89200787833692907  0.90357089127380663  0.91487132979923080
  0.92510440719696108  0.93550230444692106  0.94597397197311317  0.95735606549282637
  0.96881658913514179  0.97953939455203320  0.98994264909560248  1.00000000000000000
   1.3277441380208211E-005  -1.0000000000000000     
 T T T T F F F F F F F F T T T T F F F F F F F F F F F F F F F F
  <DiscreteSampler_grid>
  grouped_processes
  1 # 1 for a reference and 2 for a running grid.
  10 # Attribute 'min_bin_probing_points' of the grid.
  1 # Attribute 'grid_mode' of the grid. 1=='default',2=='initialization'
  0.0000000000000000 # Attribute 'small_contrib_threshold' of the grid.
  0.5000000000000000 # Attribute 'damping_power' of the grid.
 # binID   n_entries weight   weight_sqr   abs_weight
    10   10   3.253262050717121E+007   1.059271739219120E+015   3.253262050717121E+007
  </DiscreteSampler_grid>
