 -0.00409969056345131  0.00996133325965550  0.02431268521663400  0.03921797052493369
  0.05431818312373910  0.06942896131550082  0.08254714383754432  0.09543083970184979
  0.10803866811775274  0.12090426908565795  0.13356447819826189  0.14596542131875773
  0.16010459771630853  0.17449538055365829  0.18907590352371975  0.20378201033193025
  0.21853636601613005  0.23327066040262048  0.24797532758764237  0.26265136427050140
  0.27727100330525423  0.29187056576976145  0.30643836018735249  0.32098689841954220
  0.33553332390778112  0.35012877531990771  0.36475309936813544  0.37940735116652163
  0.39422622314433897  0.40908482014396724  0.42398690179345216  0.43881229495323720
  0.45359065659589848  0.46825442616136770  0.48284285074576716  0.49736380448512890
  0.51190728512828176  0.52645720313013145  0.54101736132903788  0.55562355572731348
  0.57024897591118118  0.58483950397818352  0.59944332951937873  0.61406152452509710
  0.62864998449894449  0.64327449614909304  0.65800543029106284  0.67277899042850720
  0.68756651380443901  0.70229880956715729  0.71700538387922108  0.73168857023285849
  0.74625270313029013  0.76092001613687277  0.77579074671595671  0.79070678279589734
  0.80563234661046190  0.82053183977836786  0.83563175853756677  0.85088645400893359
  0.86615428492749769  0.88137695526412230  0.89652347838376345  0.91226043899460707
  0.92827619235262970  0.94498565731178374  0.96288809187889468  0.98119676116021404
  0.98120588484347726  0.98129058870929164  0.98144674926625641  0.98219522384945379
  0.98292582626304459  0.98365993865063961  0.98439757348227963  0.98513195469292503
  0.98586419656636903  0.98659370852152517  0.98732511170430171  0.98806304525900790
  0.98880862798565772  0.98956593867641873  0.99031462772153933  0.99106159218254064
  0.99180698864919348  0.99254840939966660  0.99329049055588925  0.99403515474667847
  0.99477954930120349  0.99552603079095781  0.99627221815832778  0.99702213271124063
  0.99776684551714756  0.99850906379166460  0.99925370347629983  1.00000000000000000
 -0.00432941611653367  0.01274264070993027  0.02784622143583911  0.04223139125237206
  0.05697119008145264  0.07191409364640015  0.08467229409022682  0.09500632164615101
  0.10447989779391705  0.11408877127273678  0.12375349588562866  0.13302101427588930
  0.14273490914969228  0.15525178957151023  0.16971925293196072  0.18529966123730082
  0.20011382901364125  0.21508080399822249  0.22836191174196824  0.23859080040191405
  0.24766473399895972  0.25705217884229620  0.26619685797735243  0.27463285637590390
  0.28278757845224906  0.29063746065768387  0.29742256140503442  0.30394668116442403
  0.31129300851855890  0.31897947152692552  0.32604680600717850  0.33304745465455970
  0.34034064330477964  0.34702128514762554  0.35392216509408198  0.36159605239939330
  0.36956308913607050  0.37739286334237443  0.38519493237881663  0.39302454464547359
  0.40442784987075697  0.41942364850617625  0.43489259798434216  0.44906346670633285
  0.46090095132194425  0.47054319569992009  0.47995458485346515  0.48947559858888728
  0.49890002003459000  0.50872472306536298  0.51836652558002394  0.52963592398197135
  0.54316116930444780  0.55157598171359801  0.55976206050780497  0.56834851409249099
  0.57732304874708917  0.58649850766662637  0.59531615851811071  0.60520142647483843
  0.61810779592863496  0.63465029073420942  0.64838585270220561  0.65888500014557705
  0.66941683921075879  0.67976718994327556  0.68997461427614781  0.69963889563845960
  0.71153295002652639  0.72656341390908463  0.74290306135795880  0.75876689741077319
  0.77412898861143287  0.78889934700004050  0.80224231356455833  0.81394113234242571
  0.82314702002637963  0.83184567582282953  0.84026287944527911  0.84888451403321807
  0.85679607285658899  0.86394221783725322  0.87093109269755598  0.87846589997115210
  0.88669014451283334  0.89491969580826070  0.90273432852681312  0.91038859165514985
  0.91792066151425578  0.92675661237911755  0.93578868019135852  0.94459169350680339
  0.95332486810474670  0.96498416744339022  0.98135045664438070  1.00000000000000000
   3.0301672758303398E-006  -1.0000000000000000     
 T T T T F F F F F F F F T T T T F F F F F F F F F F F F F F F F
  <DiscreteSampler_grid>
  grouped_processes
  1 # 1 for a reference and 2 for a running grid.
  10 # Attribute 'min_bin_probing_points' of the grid.
  1 # Attribute 'grid_mode' of the grid. 1=='default',2=='initialization'
  0.0000000000000000 # Attribute 'small_contrib_threshold' of the grid.
  0.5000000000000000 # Attribute 'damping_power' of the grid.
 # binID   n_entries weight   weight_sqr   abs_weight
    10   10   1.952949388862175E+007   3.814020314837088E+014   1.952949388862175E+007
  </DiscreteSampler_grid>
