 -0.00441369950926722  0.01011469159357262  0.02545478982434758  0.04122508226839743
  0.05707538388427967  0.07298410261203807  0.08912009070411563  0.10429317888951314
  0.11805388579717947  0.13160439171633009  0.14548952454994463  0.15929977720208122
  0.17300961220481301  0.18676716786374056  0.20102818529028280  0.21541641900073905
  0.23011849177602606  0.24492916389973574  0.25964542059821794  0.27430417542993962
  0.28900180280474524  0.30370610719136898  0.31837304754741275  0.33290836025171017
  0.34749693915077323  0.36208849514067076  0.37666385191841562  0.39120732190199792
  0.40574972144014937  0.42027410321335623  0.43478823755123247  0.44929194368811703
  0.46376464060404743  0.47826790136091057  0.49273989690029707  0.50719108878503638
  0.52165483234668064  0.53606868220456916  0.55047191967659359  0.56489992808806833
  0.57937339164465351  0.59387022586435356  0.60828934515976707  0.62265615821447806
  0.63701496539211089  0.65144137953034131  0.66587648029546065  0.68026671976996222
  0.69470545657875415  0.70927535908216155  0.72394306644402273  0.73853001963673559
  0.75311041356375752  0.76773405103604453  0.78246727888215950  0.79723346486285074
  0.81209086621344151  0.82716096713161347  0.84261148934051844  0.85948179424864979
  0.87106318332765742  0.87743978606202000  0.87919224130589879  0.88171536856640087
  0.88534574453648940  0.88894794400651633  0.89253797353808872  0.89614308964463640
  0.89971870791822617  0.90333381244551536  0.90699417873224331  0.91063859525428559
  0.91429741679540655  0.91795981782210700  0.92162094531120886  0.92527935254100635
  0.92896380798151279  0.93266366415871038  0.93632094809661859  0.93998018873584310
  0.94367102383962109  0.94737235312049006  0.95108080988423194  0.95479488366150034
  0.95848806656960395  0.96221467831923158  0.96599046279517542  0.96974256522714397
  0.97350640740037298  0.97726404230599773  0.98103465258255229  0.98479621295618269
  0.98858821057704915  0.99240359831249747  0.99621315486054707  1.00000000000000000
 -0.00350195206123530  0.01263312995500776  0.02383233937798998  0.03409851011353653
  0.04443787283690513  0.05458217811795651  0.06463963114420880  0.07419974450064504
  0.08488372019600754  0.09737479295285420  0.11054524039565207  0.12288351997629954
  0.13363012469952218  0.14324238511390117  0.15254896170889537  0.16203562830200982
  0.17156045728689387  0.18044159247473712  0.18904113754197294  0.19847385047514723
  0.20908149081340394  0.22158610297411938  0.23444231539916549  0.24665799636907651
  0.25904909886145600  0.27187170751357892  0.28448520250959214  0.29598738993127693
  0.30623108320093995  0.31582413532124692  0.32516869370059603  0.33448599351232239
  0.34429914403166240  0.35512784768801819  0.36542625510273813  0.37667555635399852
  0.38905717664648981  0.40070840009982850  0.41147473682241859  0.42191265777826542
  0.43244222365197549  0.44300857764192170  0.45348824148866629  0.46463909065913822
  0.47691276474947780  0.48923165113531686  0.50135736846127166  0.51334719782815075
  0.52541584709125733  0.53804624272941404  0.54970794994077299  0.56154988167650532
  0.57341180515574053  0.58526438167806338  0.59689079908195342  0.60747252214254610
  0.61659503823883577  0.62574626985233184  0.63528426632432078  0.64460766930035940
  0.65348854657945088  0.66168998420503788  0.67073976806330005  0.68100516483709428
  0.69108856336334290  0.70053806020457143  0.71139112657463710  0.72367379557039146
  0.73524244440294406  0.74536177979496110  0.75556040989664064  0.76598094011620177
  0.77666805277454998  0.78621215819256973  0.79568552394898640  0.80503034423376441
  0.81428590757050345  0.82327084667713579  0.83306899773146770  0.84285882752086694
  0.85254526644078910  0.86216662707953329  0.87212576795979113  0.88240983095618630
  0.89254394833597261  0.90216677969406334  0.91122902679249551  0.92052440509033850
  0.93012252171723042  0.93992551598955409  0.94922578543706138  0.95835627237112020
  0.96808001419399670  0.97870798052522623  0.98941257082791612  1.00000000000000000
   1.0169611541077520E-003  -1.0000000000000000     
 T T T T F F F F F F F F T T T T F F F F F F F F F F F F F F F F
  <DiscreteSampler_grid>
  grouped_processes
  1 # 1 for a reference and 2 for a running grid.
  10 # Attribute 'min_bin_probing_points' of the grid.
  1 # Attribute 'grid_mode' of the grid. 1=='default',2=='initialization'
  0.0000000000000000 # Attribute 'small_contrib_threshold' of the grid.
  0.5000000000000000 # Attribute 'damping_power' of the grid.
 # binID   n_entries weight   weight_sqr   abs_weight
    10   10   4.706412364829503E+009   2.215071886603410E+019   4.706412364829503E+009
  </DiscreteSampler_grid>
