 -0.00160872495566338  0.01088486258469974  0.02173960016672759  0.03277878711880319
  0.04382040569823151  0.05464300771708741  0.06549348902540764  0.07602853310305478
  0.08658805006618711  0.09673773736519609  0.10711186445110646  0.11779055034417810
  0.12863128153467243  0.13935724846488237  0.15000250571372517  0.16073329138365849
  0.17146147967265798  0.18215876154198229  0.19291971922649206  0.20351520854681363
  0.21392959583586654  0.22402903996882165  0.23441808123662791  0.24465682807854253
  0.25471883333192308  0.26426825325949188  0.27426329628980739  0.28426615087657336
  0.29460383159000397  0.30468439660126034  0.31468819227669853  0.32501710066166473
  0.33532199358927600  0.34547210559980124  0.35575890717980724  0.36615546103165747
  0.37677517164409258  0.38708678936897373  0.39723116899433197  0.40755113778910246
  0.41795376021004260  0.42826873869443549  0.43847793179609407  0.44880457609363744
  0.45936401909002755  0.47033765608813027  0.48138558599238351  0.49248688085684722
  0.50326078537873442  0.51416345588740875  0.52510261065872854  0.53581881884752536
  0.54633939381709684  0.55665499606507551  0.56662359154042685  0.57687728491249934
  0.58730792713665925  0.59832529249630428  0.60949930638433170  0.62055023245918761
  0.63153588891072765  0.64268583379432365  0.65324336156476914  0.66364248541169579
  0.67387384407919704  0.68408073793017121  0.69399530761331985  0.70388097822158480
  0.71383958241419099  0.72402413107303687  0.73398307563521048  0.74416416187065371
  0.75459509325812890  0.76515719519755354  0.77577127478642316  0.78636812438372394
  0.79693090655670218  0.80754453413480487  0.81831040388353649  0.82847243434131135
  0.83838246784185244  0.84819496830057117  0.85845563467426900  0.86877257436128907
  0.87929982775709881  0.88971634635732211  0.90028769286632671  0.91032748642192973
  0.92036700004610306  0.93006593569924279  0.94011158771043846  0.95057202977290300
  0.96156990650833074  0.97279993215087668  0.98584539115071534  1.00000000000000000
 -0.00182996067015394  0.01246599745959945  0.02429216164441450  0.03509762437482145
  0.04564387600100805  0.05636614883801877  0.06730299126164871  0.07810994973166556
  0.08879696672635198  0.09914421580602878  0.10946853227332198  0.11970806748844463
  0.12997808204873107  0.14024120648507096  0.15042290827770463  0.16051719688130514
  0.17066540537861447  0.18103340277180263  0.19135264646378980  0.20164864484198919
  0.21208185220849565  0.22327352806934497  0.23478426013781023  0.24637182911939706
  0.25761717079224622  0.26881439709778721  0.27938956863838504  0.28984845160457617
  0.29991252891659503  0.30981635290535453  0.31939887353115942  0.32888774882609845
  0.33856373646662447  0.34841843988927235  0.35811882937747541  0.36778517488737139
  0.37749504544264306  0.38758872364119384  0.39800116921078432  0.40854589147198495
  0.41902111985466506  0.42922428876908680  0.43932098378274559  0.44937829381765754
  0.45961827498918156  0.47008368020294111  0.48057963826654421  0.49106208964947595
  0.50142363024208103  0.51149952818468891  0.52160769694040732  0.53186323838134952
  0.54220389944190006  0.55256521166620898  0.56304343356835984  0.57369085083114146
  0.58432090688411586  0.59485634197839465  0.60555552386838363  0.61640244225410201
  0.62713367013423449  0.63767415379675174  0.64810662569104860  0.65858042143478590
  0.66923830101476744  0.67980416167526547  0.69021870979718269  0.70055731603022287
  0.71121589187950984  0.72236031395969624  0.73313659899699313  0.74375703804703786
  0.75414283919502434  0.76441603022911186  0.77472449999413773  0.78492284417130220
  0.79517924309787147  0.80557756168097605  0.81614272715250313  0.82717224752983110
  0.83790052874961085  0.84857603869770692  0.85902903881341741  0.86984398024451703
  0.88070400513632519  0.89170150321975450  0.90268045145543641  0.91367809130911493
  0.92432884840932028  0.93488383135887476  0.94524579659804064  0.95553572957730615
  0.96584005691255537  0.97623701851595479  0.98781135417414834  1.00000000000000000
 -0.00614458859881915  0.00885424568708232  0.02643614901366499  0.04877353603974618
  0.07003421575046873  0.09081700361003898  0.11119429745013987  0.13069037539690026
  0.14966936742193437  0.16899356778219007  0.17509584693385394  0.17897848456403825
  0.18612877544549122  0.19279165561907241  0.19946997555431825  0.20610826047542785
  0.21271047183143540  0.21939932035227039  0.22621097494183864  0.23308680981809521
  0.24004870538162662  0.24714958961792655  0.25433033194912669  0.26152433849201218
  0.26879205141591600  0.27619366443867543  0.28366456036529852  0.29121834174796996
  0.29889224645646489  0.30665800761814938  0.31448610113408609  0.32242705234753793
  0.33044777636597233  0.33848181498295377  0.34653910459010095  0.35467414754960963
  0.36302261851161000  0.37142882414529460  0.37986811764877160  0.38834506510220285
  0.39700277234120157  0.40576675437780013  0.41462595838159927  0.42358705678607889
  0.43255937474523054  0.44150762981282776  0.45050791535024332  0.45965517180465709
  0.46894177733497866  0.47830502240565675  0.48773484517359506  0.49729958918778372
  0.50692665847147422  0.51655582677867018  0.52620197864703688  0.53596061391938254
  0.54578221737435184  0.55564912971861213  0.56556499177403807  0.57565812896635604
  0.58590351314574252  0.59635363797165564  0.60688357385052749  0.61745443671478584
  0.62807678906981146  0.63868762045920113  0.64943960138747003  0.66028675684981086
  0.67131038513655794  0.68245947280719910  0.69369599662179360  0.70498686996215887
  0.71626963210671513  0.72746432764198876  0.73862199016805186  0.74979612016551012
  0.76116086660819604  0.77276318758324714  0.78456395019780545  0.79658486583294441
  0.80871285088654898  0.82089958451816603  0.83311387556850902  0.84538551007106066
  0.85779783679343269  0.87033935904486970  0.88293996625894622  0.89560194597144482
  0.90836766478003506  0.92121624237421507  0.93409630782252506  0.94703529321683544
  0.96008007280380570  0.97327067343491547  0.98654278818267915  1.00000000000000000
 -0.00278493189343851  0.01022435758884992  0.02113419086333318  0.03190404749351454
  0.04262673047362518  0.05275929603362248  0.06276297811227635  0.07223589979549863
  0.08175221627072965  0.09169019367278936  0.10213748427245979  0.11301182354674108
  0.12385255156000502  0.13467175739527598  0.14551365899356447  0.15609080991554519
  0.16662598287827252  0.17731563406302531  0.18840457280773854  0.19939577484333884
  0.21016178051499221  0.22087067447998235  0.23179036987846119  0.24281784943137893
  0.25357918356931253  0.26410380741023026  0.27468891633904630  0.28533933180301807
  0.29557913493179788  0.30542263911299317  0.31538256100736695  0.32536503576230635
  0.33538153430239276  0.34551258231185605  0.35593684623754474  0.36696816445527686
  0.37784063708452548  0.38872209019334081  0.39997385979739836  0.41115194706133207
  0.42232237456868121  0.43309334859980364  0.44369444257062685  0.45421066169015978
  0.46471670356967248  0.47505533108079062  0.48518934498264726  0.49504352434171855
  0.50523657023948476  0.51553239302624754  0.52625464229347418  0.53722787456666699
  0.54797295849636629  0.55869714909105761  0.56966944213765436  0.58055280957625799
  0.59114074276122519  0.60150468519177591  0.61198195059290039  0.62249816063309538
  0.63299932922595692  0.64355977835888667  0.65443086128382844  0.66520567011416398
  0.67588711161898274  0.68657370400021789  0.69674969308388379  0.70679045163685428
  0.71683774182966731  0.72699692827074924  0.73723125501210096  0.74736036519987492
  0.75751218647276508  0.76775063609713667  0.77810844509520927  0.78861905992755432
  0.79885290468449888  0.80909133974435488  0.81961926846327693  0.83019979299235658
  0.84081821673639823  0.85127359652609413  0.86193347345897131  0.87252295464527363
  0.88320056158561167  0.89353733594669216  0.90402477324218833  0.91425916608327651
  0.92476665556255011  0.93556627103409618  0.94663704322462516  0.95778693967915762
  0.96846355126515726  0.97934228660478817  0.98966228044462234  1.00000000000000000
 -0.00265994682580483  0.01131543210146132  0.02290585867684665  0.03451300349569705
  0.04630441151605536  0.05820123623862018  0.07007502350527681  0.08170888101564960
  0.09378556082334158  0.10574698867455892  0.11771159060253991  0.12947620527524481
  0.14119474126038095  0.15256622410865306  0.16392327064861140  0.17498690199325442
  0.18624460473678889  0.19735261392841974  0.20842451611628057  0.21909152613140792
  0.22966779203567339  0.24035690430522827  0.25126232776805785  0.26235171635050863
  0.27377181831931152  0.28547067460475067  0.29723653807862510  0.30883055003635235
  0.32013103872987053  0.33084068969380803  0.34135157273952760  0.35160557298603640
  0.36189019143394296  0.37208173509676445  0.38249319927773395  0.39309816410213105
  0.40373873356591899  0.41440728324209081  0.42523232309313808  0.43622362686187721
  0.44720945975859078  0.45820729273491806  0.46927472974493628  0.48032105983203655
  0.49122937784157589  0.50170931342981839  0.51164011054709657  0.52129923452218996
  0.53103802331464267  0.54102829761373372  0.55117568390342619  0.56166071430304143
  0.57250799109176542  0.58344034900984187  0.59419529403811189  0.60452028466733665
  0.61444734396989564  0.62428661694554066  0.63428529725944915  0.64438483477666841
  0.65392477378352676  0.66311121628396763  0.67235548197290540  0.68184806216304061
  0.69167434666670369  0.70168304609382415  0.71175719788957859  0.72183503544020511
  0.73190896618790469  0.74208666251241895  0.75236990824767047  0.76279444680397657
  0.77340796354099139  0.78407379541827049  0.79465733484487444  0.80497934040896291
  0.81522059671392622  0.82536913204412254  0.83559993670508348  0.84552551732653403
  0.85515840345125238  0.86472549081189176  0.87435693040651152  0.88406534530230796
  0.89339399527075913  0.90247528906310537  0.91153474042939253  0.92121216596098210
  0.93125576096384355  0.94132328598121795  0.95121977654460832  0.96083034341360563
  0.97053903368439098  0.98015511392804200  0.99004086169389083  1.00000000000000000
 -0.00244579258877292  0.00966695827187690  0.01945699300644781  0.02991120086151500
  0.03991601569413063  0.05021033568660369  0.06045934323218637  0.07112987853845087
  0.08167199485283874  0.09208994405821896  0.10261365010833505  0.11367246877024645
  0.12485696151004159  0.13530217352267868  0.14555289197536839  0.15606562115019021
  0.16660185924832299  0.17696381683994658  0.18720968128560295  0.19770861067429898
  0.20811389137826794  0.21864520279068794  0.22930549885009383  0.24013199306091626
  0.25043466150574345  0.26057334423670725  0.27052591781025254  0.28031053133305878
  0.29008799779434380  0.30011736886625384  0.31049409222070140  0.32072317069026673
  0.33082325929421891  0.34118579636624252  0.35191273997900263  0.36256279874396535
  0.37296318852568011  0.38325177053227050  0.39363363605667845  0.40416809357546823
  0.41501056079634518  0.42573771352083867  0.43635699082577650  0.44680495508096157
  0.45748862006353841  0.46817858990787148  0.47922341233281124  0.49025352658027055
  0.50131031154430095  0.51217448948451849  0.52304222769425579  0.53406587377752657
  0.54523629827765729  0.55634812674784451  0.56728880428984119  0.57777045960834428
  0.58792753746581172  0.59790897518450270  0.60800961321291924  0.61814340867475037
  0.62870919206020826  0.63966538856761845  0.65079354989609972  0.66195430487878149
  0.67271491864790800  0.68357976310851376  0.69355386796725094  0.70337314178838062
  0.71335484024305074  0.72343506114591405  0.73368693216889558  0.74375687474445251
  0.75443689139428838  0.76557357239535651  0.77673567753573181  0.78811706187530339
  0.79939275672017407  0.81072177107247001  0.82211757282413900  0.83328242446672474
  0.84434166712208347  0.85506051298661601  0.86587280797708166  0.87678066647690323
  0.88789099587094811  0.89854913394585489  0.90884811891427719  0.91899146663156073
  0.92920779832889799  0.93904516233478774  0.94884258998060333  0.95880255271548920
  0.96941280542918695  0.97980508708191072  0.98993654353478655  1.00000000000000000
 -0.00200039255094364  0.00659004138809064  0.01479321191409661  0.02295670552101496
  0.03148533211338964  0.04030170882756113  0.04910160554344958  0.05778447733388564
  0.06635102535219370  0.07474325377633512  0.08293469763590805  0.09091956811926941
  0.09881559270624002  0.10675080407725639  0.11476032730251362  0.12281161190818540
  0.13082323741123564  0.13871077317189209  0.14691149959355332  0.15568966092951878
  0.16450131991830644  0.17320811069453818  0.18197559176354036  0.19102254537869595
  0.20035178589872177  0.20978821045574478  0.21921232937582991  0.22872669938299872
  0.23829833909609688  0.24808961630679258  0.25787103776619308  0.26797021875762228
  0.27771056362473856  0.28751837784394130  0.29708716393724133  0.30681374794666422
  0.31649605703020406  0.32630190220783289  0.33605739253237921  0.34573731555378467
  0.35539671394166306  0.36537655647918083  0.37539299683763366  0.38538756113645095
  0.39549169623479935  0.40612609972885144  0.41676622407479874  0.42700533407348423
  0.43695810967477589  0.44698155808540729  0.45732274429109510  0.46774624802541725
  0.47795707207256027  0.48803668545852569  0.49821507729419251  0.50885901968333724
  0.51985718358507416  0.53079563207147706  0.54177134486798706  0.55290966107024475
  0.56423960079569691  0.57568507704970007  0.58723965180393078  0.59893669046784270
  0.61045907949162426  0.62184329356665702  0.63319051708605822  0.64457575783116172
  0.65597889012111710  0.66736743016076339  0.67884631287264219  0.69039041453241512
  0.70200661317405399  0.71353323507201649  0.72502894892069425  0.73698612130346530
  0.74892829454451360  0.76123894405967618  0.77336477708709328  0.78588151127639005
  0.79808100190376163  0.81055473366948150  0.82299628314179107  0.83558584035395866
  0.84830767049852385  0.86136087530153360  0.87449665670707266  0.88770792284624267
  0.90068477700603489  0.91339914315983228  0.92638855950381493  0.94005556392760936
  0.95443648533394532  0.96958093027222858  0.98480276437895609  1.00000000000000000
 -0.00251617872056145  0.00951586653239636  0.01933307753313652  0.02980886623350230
  0.04041979514726349  0.05128038975381356  0.06216432239759909  0.07313289543229599
  0.08409424120141645  0.09474144032272860  0.10550691362273007  0.11608802945988364
  0.12667089205785745  0.13757601177650827  0.14837978916983602  0.15950198040648025
  0.17007644767938015  0.18048774824619312  0.19039175129834285  0.20019019792543458
  0.21012817806855313  0.22023887743389325  0.23065942054732386  0.24129932339271193
  0.25222809042896566  0.26303213590030305  0.27398596450273521  0.28466567687369315
  0.29545908556100220  0.30626167440919094  0.31702036218878310  0.32785091540376204
  0.33837224420861062  0.34882681912758279  0.35924747982854743  0.36965487535158620
  0.38026122703718485  0.39102774996207607  0.40172886359231369  0.41253111742940879
  0.42294684125076670  0.43337747129304260  0.44371204160203359  0.45369563282459530
  0.46346767913138115  0.47294856654786843  0.48283607252191524  0.49287292286167927
  0.50303459306434817  0.51334939901131471  0.52387006292733163  0.53468992416503258
  0.54510292885434708  0.55547640647837937  0.56600027760154537  0.57703698077091981
  0.58767501225553298  0.59825687422451779  0.60883839877199475  0.61981033547147213
  0.63045324655956247  0.64106120731581651  0.65183240073676785  0.66270929314859894
  0.67351782616338274  0.68433492043924737  0.69475975814590940  0.70498359290395318
  0.71531724975791955  0.72524001203495170  0.73531911741688183  0.74503972911054961
  0.75520482879166773  0.76575078243361550  0.77616963830715147  0.78690677467064873
  0.79777987445562182  0.80878079353646637  0.81938531553334182  0.82947475138754589
  0.83950613510899830  0.84933990011779947  0.85940150797597892  0.86921054905512163
  0.87931229570151981  0.88962029961819689  0.90051987291084390  0.91175358978781362
  0.92282679466530404  0.93355446099748041  0.94415929084656880  0.95466639529910591
  0.96531792635336189  0.97626658182684323  0.98794948259520066  1.00000000000000000
   3.5932398241449792E-006  -1.0000000000000000     
 T T T T T T T T T T T T T T T T T T T T T T T T T T T T T T T T T T T T F F F F F F F F F F F F F F F F F F F F F F F F F F F F F F F F F F F F F F F F F F F F F F F F F F F F F F F F F F F F F F F F F F F F F F F F T T T T T T T T T T T T T T T T T T T T T T T T T T T T T T T T T T T T F F F F F F F F F F F F F F F F F F F F F F F F F F F F F F F F F F F F F F F F F F F F F F F F F F F F F F F F F F F F F F F F F F F F F F F F F F F F F F F F F F F F F F F F F F F F F F F F F F F F F F F F F F F F F F F F F F F F F F F F F F F F F F F F F F F F F F F F F F F F F F F F
  <DiscreteSampler_grid>
  grouped_processes
  1 # 1 for a reference and 2 for a running grid.
  10 # Attribute 'min_bin_probing_points' of the grid.
  1 # Attribute 'grid_mode' of the grid. 1=='default',2=='initialization'
  0.0000000000000000 # Attribute 'small_contrib_threshold' of the grid.
  0.5000000000000000 # Attribute 'damping_power' of the grid.
 # binID   n_entries weight   weight_sqr   abs_weight
    10   10   2.009195198921883E+005   8.734102144134734E+010   2.009195198921883E+005
  </DiscreteSampler_grid>
