 -0.00577320182487489  0.00316583590694146  0.01430705137669583  0.03174727149296661
  0.04953681107507982  0.06763346617213302  0.08295934580589508  0.09743170753583820
  0.11076448956148900  0.12434966125061589  0.13790083492613300  0.15107890701302271
  0.16576728698697452  0.18118942060271725  0.19711826787718750  0.21314575804526942
  0.22926303991327127  0.24551391253165772  0.26179644368397831  0.27812187278041206
  0.29425603564249458  0.31031754891420016  0.32630778482791767  0.34229177113453940
  0.35826952997744355  0.37441737369306416  0.39066211928727862  0.40711916178406032
  0.42365696976613326  0.44023714215307153  0.45678535522022629  0.47322987439396463
  0.48953993256051792  0.50544625061134918  0.52124617954630137  0.53696210173803194
  0.55271605431954463  0.56850185098352934  0.58425923433516225  0.60006029340317357
  0.61596237944109988  0.63166965182784440  0.64728935719268033  0.66279954670565222
  0.67831698184988576  0.69384176058434843  0.70929657315020500  0.72472656349708930
  0.74011287196097464  0.75546031394266389  0.77078853158932603  0.78627679534292116
  0.80157914080165404  0.81660726017392893  0.83149039178853967  0.84631109091123868
  0.86100329692425714  0.87608780119662699  0.89160087315802539  0.90804916722567630
  0.92482562634434462  0.94236537871989479  0.95657705346830690  0.96695032553257898
  0.97148767003166447  0.97507908393597176  0.97518033792494663  0.97544179337218284
  0.97628874490128370  0.97716210532385961  0.97803759403499468  0.97891339759363671
  0.97978320326600954  0.98066100518339627  0.98153484938172686  0.98240725455868694
  0.98327634166035038  0.98415351309862031  0.98504069621281465  0.98592244496798964
  0.98678927655312798  0.98766061332337773  0.98853380468236973  0.98941024255794729
  0.99029926272458324  0.99117988404959356  0.99206356225967607  0.99295725293210324
  0.99384328555649037  0.99472070430389625  0.99560298628445099  0.99648565411664736
  0.99736053392391688  0.99822854801886474  0.99910457318626733  1.00000000000000000
 -0.00235857213161197  0.00952459067915014  0.01846346412178140  0.02832854456151970
  0.03803930886868320  0.04752527816923598  0.05743289598616470  0.06769160630891707
  0.07655388347662091  0.08503935364807258  0.09294618389938306  0.10169969920537114
  0.11122477970483045  0.12141146556543284  0.13099109589749244  0.14006971447618008
  0.15038156268484010  0.16213210471869768  0.17368460021993790  0.18356846282206324
  0.19282199840287323  0.20227887291987873  0.21116719713828314  0.21963221910820960
  0.22827396461120458  0.23727611193008399  0.24603568982728150  0.25455940297314944
  0.26305259821642096  0.27224000933007869  0.28200427296786507  0.29186736437921085
  0.30014992534635859  0.30850761012058814  0.31645232643274063  0.32370246838932992
  0.33078798112539332  0.33811557868179043  0.34577560094075943  0.35357532312598228
  0.36159977519055692  0.36979550595020927  0.37850091865825336  0.38820401946808025
  0.39768195091396114  0.40663218148689995  0.41595991064115323  0.42546156540597474
  0.43527990570925662  0.44468989336844417  0.45426815856427649  0.46423952067556351
  0.47525365714966616  0.48838164550514296  0.50818470623675915  0.52648987992598817
  0.54385695955737401  0.56052288699060315  0.57662966018100004  0.59197557264637624
  0.60601741766952144  0.62013003693770663  0.63381017676709106  0.64783297115561145
  0.66019675673105838  0.67042950726368855  0.67949172207406738  0.68808044236568700
  0.69718031368710409  0.70639468196640398  0.71528649588850413  0.72407304585850407
  0.73310983283893316  0.74331750525525053  0.75627650368287491  0.77078813521871425
  0.78249260172278201  0.79194114717422848  0.80137487201317315  0.81073378114470607
  0.82010706799502531  0.82948759573601794  0.83907697147844440  0.84859155595177260
  0.85742604214102425  0.86583389248804155  0.87413762631095504  0.88254288147523985
  0.89107051072689247  0.90069778653368648  0.91209701284580313  0.92534594068257370
  0.94387725459779437  0.96259925863465678  0.98122106487548255  1.00000000000000000
   5.3459646179118335E-006  -1.0000000000000000     
 T T T T F F F F F F F F T T T T F F F F F F F F F F F F F F F F
  <DiscreteSampler_grid>
  grouped_processes
  1 # 1 for a reference and 2 for a running grid.
  10 # Attribute 'min_bin_probing_points' of the grid.
  1 # Attribute 'grid_mode' of the grid. 1=='default',2=='initialization'
  0.0000000000000000 # Attribute 'small_contrib_threshold' of the grid.
  0.5000000000000000 # Attribute 'damping_power' of the grid.
 # binID   n_entries weight   weight_sqr   abs_weight
    10   10   2.602151901421946E+007   6.771197882122792E+014   2.602151901421946E+007
  </DiscreteSampler_grid>
