 -0.00153073664518916  0.00157369421637122  0.01086166893586445  0.02484960322994634
  0.03905206070153429  0.05315396235674451  0.06725969133998051  0.08026750318406385
  0.09309861537909679  0.10503082540054086  0.11674801436462021  0.12861221654181301
  0.14042662554538635  0.15202754184300635  0.16421948586022309  0.17661867160848882
  0.18964232035877135  0.20296220047850558  0.21620023111018069  0.22936629064181940
  0.24247464681811456  0.25552100188964477  0.26857358557990058  0.28165836683399093
  0.29475040376754807  0.30796345659258773  0.32126625810713672  0.33458003739229514
  0.34783391603887598  0.36097421376159411  0.37409033952887299  0.38722907303297993
  0.40039416588475391  0.41354314501720491  0.42661848980697697  0.43960574563238447
  0.45259104008194645  0.46555889316333238  0.47850407850865001  0.49145146911321902
  0.50447435111480554  0.51761201531067047  0.53076208548598935  0.54390850177597672
  0.55704226001707269  0.57015987076980423  0.58326178026787401  0.59636695310316756
  0.60952661830984778  0.62272604957801869  0.63592497370896517  0.64912134839313651
  0.66231080663663877  0.67547291123136632  0.68865468264994345  0.70187712734099450
  0.71504345501874567  0.72823603214624866  0.74145619489447456  0.75472017213593579
  0.76804061754099495  0.78142180934432459  0.79480589195975282  0.80818201081258756
  0.82163955509659903  0.83518132616641072  0.84877481324296489  0.86274472401000990
  0.87668291598767911  0.89071980426089936  0.90452921597526359  0.91750804356623483
  0.93013350898862668  0.94139620962855353  0.95299046542156129  0.96138610097649713
  0.96309544398445246  0.96437571723316573  0.96635827094483928  0.96830315695265323
  0.97027634823270059  0.97224819054883482  0.97422064340180470  0.97619876566967234
  0.97816733468897465  0.98013464921697546  0.98211018197073052  0.98407515871617679
  0.98606655868272552  0.98804756240113856  0.99003381036594762  0.99201767730160229
  0.99400783843987894  0.99598768757249834  0.99798922621752617  1.00000000000000000
 -0.00199032113880990  0.00834597374933574  0.01731055316413339  0.02638853739482932
  0.03511519333618028  0.04420177697825611  0.05312344359653587  0.06212333079841626
  0.07130138572861613  0.08054198863415485  0.08993212156017752  0.09962042610187768
  0.10951622343154389  0.11973865616117148  0.12998552321934112  0.14028966679479768
  0.15174707289354863  0.16486060608569214  0.17876394293899883  0.19085392549392777
  0.20024012269227762  0.20951949172926315  0.21891269398520130  0.22830912704665587
  0.23734593184405764  0.24645866287642917  0.25659031458748738  0.26700797916576757
  0.27603074813281836  0.28391127975233377  0.29210807917884124  0.30117138773222757
  0.30960591372113366  0.31835232911613048  0.32697443464582682  0.33577209673270392
  0.34499865222316539  0.35471484609456416  0.36625057540768113  0.37936699988609773
  0.39257575408831680  0.40561428637955599  0.41852302239162564  0.43208108971845016
  0.44587983862232650  0.45990304009113514  0.47431542499545942  0.48816762452045592
  0.50004778010942597  0.50976029435968873  0.51889601588693768  0.52822940026294996
  0.53760820921421149  0.54698135787632740  0.55642671680271749  0.56645975661608683
  0.57877314675674718  0.59268013394149832  0.60420082875695258  0.61470236160404734
  0.62460475092235546  0.63409286245972307  0.64334517380800027  0.65266726437462097
  0.66257873839154124  0.67319635306155623  0.68352055248763133  0.69484341622769386
  0.70831560964821383  0.72195233243988000  0.73553250960286254  0.74875193373505200
  0.76212017327371651  0.77340739822248106  0.78124344314228700  0.79041707099744640
  0.79971292511975578  0.80916109946364845  0.81863024419565922  0.82858123107248693
  0.83934859431976017  0.85077691653084797  0.86089276581688978  0.87060204162469956
  0.87986735427866247  0.88913362783568628  0.89868379449732649  0.90927219060897557
  0.92155124336800187  0.93547346804719156  0.94930558616745853  0.96109317616938128
  0.97105052773528211  0.98093038829935020  0.99052625823517371  1.00000000000000000
   5.8573317981206775E-004  -1.0000000000000000     
 T T T T F F F F F F F F T T T T F F F F F F F F F F F F F F F F
  <DiscreteSampler_grid>
  grouped_processes
  1 # 1 for a reference and 2 for a running grid.
  10 # Attribute 'min_bin_probing_points' of the grid.
  1 # Attribute 'grid_mode' of the grid. 1=='default',2=='initialization'
  0.0000000000000000 # Attribute 'small_contrib_threshold' of the grid.
  0.5000000000000000 # Attribute 'damping_power' of the grid.
 # binID   n_entries weight   weight_sqr   abs_weight
    10   10   5.125592938720137E+009   2.627172804231942E+019   5.125592938720137E+009
  </DiscreteSampler_grid>
