 -0.00545870290359775  0.00725084919463789  0.04072354398613139  0.06895601369627603
  0.09051539161126158  0.10874072326311753  0.12654294085815290  0.14281024670813372
  0.15800206833764008  0.17259716584497037  0.18709935685152995  0.20129946473918589
  0.21521777140107295  0.22869809515752454  0.24181479285826621  0.25480592662657153
  0.26767569194911212  0.28010938862693929  0.29233519579935707  0.30428939640278890
  0.31612736515198459  0.32783870960847900  0.33964463480813673  0.35140390105755426
  0.36286176295180683  0.37428716384806698  0.38568307410924579  0.39701585716689802
  0.40829317635660800  0.41936948092697018  0.43029155162201815  0.44105404965760786
  0.45171634155130252  0.46237357571768212  0.47315516235348493  0.48384771626169271
  0.49443194814131913  0.50497465244588291  0.51550036893734164  0.52599213553335922
  0.53651056136318920  0.54706010097733548  0.55742573675479190  0.56773409509984152
  0.57795644600273477  0.58831963337401627  0.59881831106947869  0.60940487413611022
  0.62001823753156449  0.63066881392016949  0.64130574834463261  0.65197418023771569
  0.66285350719120983  0.67380232383255645  0.68480684001865666  0.69601633880316449
  0.70780302927316774  0.72020191594115324  0.73250478267496633  0.74481896204210651
  0.75716964490845828  0.77021713748103715  0.78374102942691271  0.79836070356829925
  0.81294172249461605  0.82758071694003832  0.84334957994043036  0.86028175855012590
  0.87831462738255783  0.89750658234744296  0.91674220090310765  0.93667730333748711
  0.95622724259622216  0.96293178858390216  0.96309204080551025  0.96348951195405164
  0.96503914602557550  0.96659171939303556  0.96817467761182530  0.96977814689502961
  0.97138383447614629  0.97298796536106347  0.97465383763100089  0.97636365374326362
  0.97808240846220129  0.97986310131579135  0.98168400664328326  0.98351158884578449
  0.98533867977832978  0.98722153935519652  0.98918321292397737  0.99123156471728313
  0.99332132969687847  0.99543978678377365  0.99768141052938808  1.00000000000000000
 -0.00373174056924447  0.01523213860228444  0.02468022720998613  0.03273010346869541
  0.04208794372205503  0.05080522378447667  0.05914591466199304  0.06640074688165933
  0.07313480196850559  0.08006276066686292  0.08654856206927342  0.09332621795587476
  0.10015567615117466  0.10716828657337563  0.11442304180392866  0.12074904917884469
  0.13036742912427274  0.14441676882981624  0.15969424415297243  0.17444688679755746
  0.18847814751500941  0.20265955520241921  0.21619433568824584  0.22886777698657773
  0.24167918903132612  0.25483846400160831  0.26828593016117297  0.28186291256697260
  0.29651369373292213  0.30955900486875371  0.32047362176971189  0.33167167896984329
  0.34216469458335724  0.35142994692544477  0.36014640348671934  0.36878024652144825
  0.37889524617902454  0.39149256815992656  0.40497196674132524  0.41869498552878415
  0.43194956270719609  0.44140206661918252  0.44791408948655065  0.45471795907047913
  0.46167928840927941  0.46879810729740068  0.47624631400293399  0.48308945643463991
  0.48923077468707821  0.49524273440631184  0.50253788157780899  0.51586915694553415
  0.53053268277131704  0.54432434482709413  0.55786837070792772  0.57087114321087939
  0.58474324363520569  0.59805877615259995  0.61149200810515392  0.62491682487431843
  0.63839762795614552  0.65208330247854041  0.66457656469935855  0.67410180429508004
  0.68302084320201928  0.69186619815317241  0.70007571208656316  0.70842865855541892
  0.71680485175362307  0.72536590583888882  0.73566066840817190  0.75133176709799654
  0.76559527161720531  0.77455238604785981  0.78127767695120987  0.78763202982137293
  0.79409047402637689  0.80002410152750103  0.80598154557757795  0.81208888601286811
  0.81841969800799563  0.82450927180169808  0.83053077905432582  0.83754019708219329
  0.84546426296685806  0.85500091533126876  0.86798176850079778  0.88299145741639640
  0.89870607318196649  0.91428991666266157  0.92875959657741580  0.94310261968687814
  0.95690539136399755  0.97034906875315052  0.98453013541743928  1.00000000000000000
   5.0250436388985947E-006  -1.0000000000000000     
 T T T T F F F F F F F F T T T T F F F F F F F F F F F F F F F F
  <DiscreteSampler_grid>
  grouped_processes
  1 # 1 for a reference and 2 for a running grid.
  10 # Attribute 'min_bin_probing_points' of the grid.
  1 # Attribute 'grid_mode' of the grid. 1=='default',2=='initialization'
  0.0000000000000000 # Attribute 'small_contrib_threshold' of the grid.
  0.5000000000000000 # Attribute 'damping_power' of the grid.
 # binID   n_entries weight   weight_sqr   abs_weight
    10   10   1.350696152466638E+006   1.949804392921630E+012   1.350696152466638E+006
  </DiscreteSampler_grid>
