 -0.00398239340486287  0.00808112557483401  0.02149306820247076  0.03628326747903957
  0.05115963725472052  0.06568418584669876  0.07977530617504074  0.09196932192027632
  0.10434066457494637  0.11680342161452711  0.12917471041149067  0.14164206442972782
  0.15497882228293813  0.16980062909007887  0.18420926501189605  0.19851587443330646
  0.21273842602515874  0.22719242800999007  0.24171532802399850  0.25625735406031475
  0.27081564815988679  0.28541993791238096  0.30030544383211982  0.31519629894651463
  0.33008956061761929  0.34496562766843719  0.35955380447820817  0.37389573420139743
  0.38815664552173873  0.40240476609764680  0.41663663433461451  0.43100619611653851
  0.44548875231703805  0.46036030283349033  0.47525560711050274  0.49016957838981434
  0.50503786076683965  0.51981897983353298  0.53447330143483862  0.54914181695725195
  0.56384796901187129  0.57867501553872991  0.59395316026829970  0.60946544742077324
  0.62483285484982853  0.64009631611950679  0.65524828892541132  0.66993854521926377
  0.68455539877547122  0.69916784352589190  0.71372851592334596  0.72825620495563248
  0.74255373533383651  0.75683981816528823  0.77111543166270080  0.78560694302344014
  0.80010979627619683  0.81438296218030781  0.82861958422042004  0.84282557434367744
  0.85693271307965724  0.87098303071361716  0.88498248579064620  0.89982660140310256
  0.91469463386946304  0.92945007935613377  0.94402773661789130  0.95788659695537826
  0.96783993969292637  0.97915467964445235  0.98647993942816270  0.98743409223545475
  0.98751078435122730  0.98786481260967685  0.98842381849797578  0.98897714183579344
  0.98952584582584913  0.99007332033160067  0.99061863789118698  0.99116567453084314
  0.99172906207514822  0.99227816123796986  0.99281746953005046  0.99335800857934498
  0.99390303866897467  0.99446498638218350  0.99502336558161775  0.99557502626828465
  0.99612610424108405  0.99667580575387016  0.99722419823790287  0.99777851887565761
  0.99832784649727158  0.99888161328815883  0.99944574887955095  1.00000000000000000
 -0.00435166031987248  0.01506186308432201  0.02586307151097229  0.03408830376471767
  0.04264525289047295  0.05127543213913002  0.05970884192596827  0.06857422149087894
  0.07789211514732879  0.08726505656132802  0.10324632344946043  0.11839980693371358
  0.13307028087458453  0.14753069854219741  0.16125873334384183  0.17135191767676045
  0.17820864462266583  0.18709899035054309  0.19588777338655100  0.20437980544015380
  0.21217391512641368  0.21977333326873374  0.22766445569411989  0.23626691068017319
  0.24487610896449616  0.25229800562731164  0.25897209288921574  0.26634785684089113
  0.27445804938358220  0.28355438723893561  0.29278206084084230  0.30140686197365596
  0.30801281000695935  0.31644620197743201  0.32976835147458133  0.34247579532869343
  0.35360398002977467  0.36275271078864335  0.37200353147265353  0.38064989096110763
  0.38797132609942192  0.39530575847368321  0.40290693713172804  0.41065022793374034
  0.41926917121448448  0.42856702718031814  0.43831423854175527  0.45106980040855382
  0.46590136521407888  0.48092906043289502  0.49506578666807577  0.50847160740519515
  0.52326305355848679  0.53863120550763344  0.55416090144181940  0.56999611202561129
  0.58808798853952970  0.60464522197166382  0.62100474106264025  0.63701747813109699
  0.65027179504879129  0.65793066776641496  0.66778990177519826  0.67782881515593452
  0.68823604075277223  0.69805971390889232  0.70852442852786790  0.72317413836932565
  0.74100914683690455  0.75438102827062625  0.76490972020999892  0.77450776312104963
  0.78311501984158172  0.79096450574003085  0.79865001704124527  0.80641919074633761
  0.81457871629069578  0.82304337889945445  0.83204267054907433  0.84193999068006387
  0.85214865543458296  0.86118096155906043  0.86925185648948688  0.87683702746170156
  0.88422835659010546  0.89215387843813843  0.90062891937083245  0.90956816576194133
  0.92074548886631680  0.93598752276739816  0.95560958575616206  0.96427110455272680
  0.97330625448903985  0.98211540379264584  0.99106931858385883  1.00000000000000000
   1.1326410222849269E-005  -1.0000000000000000     
 T T T T F F F F F F F F T T T T F F F F F F F F F F F F F F F F
  <DiscreteSampler_grid>
  grouped_processes
  1 # 1 for a reference and 2 for a running grid.
  10 # Attribute 'min_bin_probing_points' of the grid.
  1 # Attribute 'grid_mode' of the grid. 1=='default',2=='initialization'
  0.0000000000000000 # Attribute 'small_contrib_threshold' of the grid.
  0.5000000000000000 # Attribute 'damping_power' of the grid.
 # binID   n_entries weight   weight_sqr   abs_weight
    10   10   2.701820466062829E+007   7.299834355942192E+014   2.701820466062829E+007
  </DiscreteSampler_grid>
