 -0.00455928612962366  0.00429155708519417  0.01537828653354649  0.03100256701939899
  0.04721721232623100  0.06340423885892485  0.07612905142344649  0.08864400980516444
  0.10099921820836777  0.11333110187868857  0.12541817099698108  0.13794264335203943
  0.15198784064618581  0.16606757871108951  0.18023214403076540  0.19458430427717910
  0.20888254310071694  0.22306838124872055  0.23705522184802028  0.25089760800649313
  0.26454748067639694  0.27775618821479253  0.29068518381279440  0.30350638643351785
  0.31628249633245797  0.32908196956921770  0.34188022112974209  0.35466152267608858
  0.36778584591616231  0.38085971089203469  0.39375230441887354  0.40668744879783952
  0.41959664702838817  0.43247205757417667  0.44530459822494983  0.45801449283959822
  0.47057689638883954  0.48414062150833204  0.49783354372475480  0.51158188385797165
  0.52561831676177018  0.53967804680464959  0.55363284170028737  0.56773782868860012
  0.58174739769172690  0.59549621854780455  0.60900165971053855  0.62233507990290871
  0.63538705929280037  0.64837559007896595  0.66138381430338322  0.67459014083265190
  0.68776015259373424  0.70090083885786159  0.71395597015430046  0.72689024944795222
  0.73971902893476094  0.75349209397596040  0.76747971056533992  0.78174905516358961
  0.79614854603601815  0.81069019383758478  0.82548741353541499  0.84018652999219123
  0.85475866155066060  0.86908947452878227  0.88344976249273988  0.89781881924419804
  0.91218127014961592  0.92665156994107589  0.94125081775614794  0.95485299511699262
  0.96864888573133645  0.98349118121098211  0.99163899855425219  0.99368068813935095
  0.99372119226539057  0.99390606154659278  0.99424558293545195  0.99458673932821040
  0.99492999095660195  0.99527190106037355  0.99561724620219327  0.99595721431936046
  0.99629936258157148  0.99663483013227516  0.99697261887789856  0.99730644649307909
  0.99764227119380311  0.99797582986505773  0.99831451950225158  0.99865186586070298
  0.99898444761300531  0.99931983731657381  0.99965829713479548  1.00000000000000000
 -0.00141765367156351  0.00686032173022087  0.01358820913154657  0.02061596250798640
  0.02855376815205626  0.03730201493152496  0.04656430375808052  0.05598735016188792
  0.06499267989702889  0.07372936988323825  0.08266351541643124  0.09047003233570398
  0.09933756167081498  0.10739611656450121  0.11437821256886807  0.12101432402644806
  0.12858925690076004  0.13642511897926163  0.14624319336763900  0.16143552468404751
  0.17916986500431531  0.19215304040721370  0.19998098378618917  0.20856936378880001
  0.21780501513365555  0.22701954076621766  0.23530984061853796  0.24349606411773642
  0.25203833704777079  0.26042392589245328  0.26824114811265809  0.27594083825985494
  0.28392250136015995  0.29201929759870521  0.30099890766523241  0.31038443505894692
  0.31946327989413220  0.32809254918733055  0.33652421050258940  0.34491195079196646
  0.35336140898911822  0.36189892668933749  0.36962676390526400  0.38061431435414383
  0.39504358664779210  0.41134516916509273  0.42829632052155370  0.44428798890180615
  0.46295119401554363  0.47745875044776043  0.48783260852911980  0.49659809462041254
  0.50572824368566216  0.51511916810641856  0.52429455853657703  0.53223003814848102
  0.54127842924236769  0.55243078622776787  0.56648562363311294  0.58191377706018821
  0.59108922328159863  0.60004301927240700  0.60837164689782985  0.61576834445183048
  0.62307486972859660  0.63076892557185160  0.63907986907499048  0.64710292151566595
  0.65530773117753105  0.66322308753836423  0.67567603601089898  0.69199241529361577
  0.70969104232925773  0.72744450748354905  0.74590254655051225  0.76721143080081522
  0.78913629658494866  0.80638266263767977  0.81816046790337138  0.82656046246887438
  0.83502360676775711  0.84372005056173971  0.85200215161729775  0.86023773447089402
  0.86769999752439064  0.87808383834384007  0.89139392997578970  0.90577628149128686
  0.92065136547954696  0.93609674833844869  0.95257611363235339  0.96264053422509765
  0.97212899177964562  0.98183762238630967  0.99096887927508304  1.00000000000000000
   4.7855818202496520E-005  -1.0000000000000000     
 T T T T F F F F F F F F T T T T F F F F F F F F F F F F F F F F
  <DiscreteSampler_grid>
  grouped_processes
  1 # 1 for a reference and 2 for a running grid.
  10 # Attribute 'min_bin_probing_points' of the grid.
  1 # Attribute 'grid_mode' of the grid. 1=='default',2=='initialization'
  0.0000000000000000 # Attribute 'small_contrib_threshold' of the grid.
  0.5000000000000000 # Attribute 'damping_power' of the grid.
 # binID   n_entries weight   weight_sqr   abs_weight
    10   10   1.525822730052471E+008   2.328135014035948E+016   1.525822730052471E+008
  </DiscreteSampler_grid>
