 -0.00190044038613343  0.01216046091993118  0.02401009230805042  0.03477449532825180
  0.04565353384719531  0.05601213103973336  0.06635377845647632  0.07640634259011346
  0.08669589880606554  0.09730254885676116  0.10782914502042071  0.11854474031137271
  0.12918645939182741  0.14019649502272016  0.15130146945709705  0.16240435344319176
  0.17336940000182988  0.18430812970525642  0.19548811529695090  0.20670879137405226
  0.21779794415601875  0.22886713144525292  0.23962107392281501  0.25072198371934412
  0.26123216271507166  0.27201316108701801  0.28266291752791117  0.29335546165894588
  0.30402790366409671  0.31460241483138812  0.32548925781112664  0.33620422436205433
  0.34659522646752444  0.35696363222714156  0.36745026351801352  0.37788666759655459
  0.38803637103185173  0.39807235006503344  0.40826467180418263  0.41833592302488121
  0.42854625065972801  0.43884913954885119  0.44947209645894987  0.45974818758232411
  0.46984639392979560  0.47988594577712107  0.49014625605363565  0.50080057646834808
  0.51203688626464305  0.52315556782080075  0.53416207013230554  0.54477793826998355
  0.55513346174849265  0.56533378373328802  0.57561098000673272  0.58564134293414838
  0.59564180933768307  0.60574753510723045  0.61625038161753176  0.62683265551667255
  0.63737641061651984  0.64790226569207698  0.65838841660779490  0.66887749768247107
  0.67925602506981686  0.68983675848657044  0.70055156990200695  0.71119521121127571
  0.72195502221969499  0.73228770271442845  0.74224787146546167  0.75180936576763857
  0.76148321285941989  0.77154656267533228  0.78166264234003613  0.79172282067329658
  0.80180941928550864  0.81206413157959467  0.82237257388805463  0.83286532909322286
  0.84327339694605219  0.85355073316111274  0.86360973194406598  0.87362617359358474
  0.88373755635678020  0.89377700818801642  0.90398308359500412  0.91440604428697381
  0.92485402277001871  0.93523378047895822  0.94516161715360181  0.95498560869626092
  0.96509850282370568  0.97555603740153396  0.98714096016131347  1.00000000000000000
 -0.00230359745127573  0.01401583270454309  0.02685137392076933  0.03846153735269743
  0.04949456171150149  0.06009121311039842  0.07031975431097820  0.08036766648932506
  0.09052480671908487  0.10038450272723687  0.11020629251846475  0.11991353910170646
  0.12981629933602140  0.13992268627923127  0.15011604942037121  0.16050197971413274
  0.17108360563995584  0.18177941419636548  0.19240561237812001  0.20266884953776462
  0.21291217684755187  0.22318626069203973  0.23337453206149952  0.24344728432574758
  0.25348527301965684  0.26362443659797019  0.27381558770902875  0.28409033118383553
  0.29455731518358508  0.30521381991119378  0.31570795792251144  0.32597942112766115
  0.33606830111117131  0.34627492008215499  0.35670358759099463  0.36736643437631028
  0.37793486826476225  0.38846320411836421  0.39892518639222352  0.40919593499365015
  0.41968352336568976  0.43010348715118618  0.44059864921458186  0.45115199944635886
  0.46200149276133123  0.47304611259465340  0.48378001973213464  0.49438060896054409
  0.50510092553006269  0.51597595150901387  0.52664441090682124  0.53700589693107370
  0.54727078432383980  0.55728912430840649  0.56725727930976355  0.57715977990704370
  0.58749479346312894  0.59826962672629447  0.60906412514886299  0.61995888213395567
  0.63083600700564357  0.64162493799768527  0.65241414219747018  0.66314021849502469
  0.67384534696813225  0.68443549890973465  0.69491842533172965  0.70550407002462245
  0.71600018582052383  0.72645929448276980  0.73692198320707059  0.74722510583078483
  0.75760816494400973  0.76803305188674875  0.77893774173445407  0.78986059481610993
  0.80074280175835100  0.81136768517825297  0.82197197622679630  0.83256092242165447
  0.84323471652044324  0.85400141683712349  0.86483856436590867  0.87551520881018630
  0.88590730113064964  0.89609253604238914  0.90640965922996408  0.91678630750786416
  0.92706034192262798  0.93738341946279180  0.94763185203909794  0.95761800247505524
  0.96748879256003584  0.97748170138439483  0.98835639669475961  1.00000000000000000
 -0.00840138898753848  0.02258423226890436  0.04573508913363474  0.06432261120734090
  0.08433056083887240  0.10509854734597589  0.12686052676405923  0.14541587991104329
  0.16116925767107018  0.17503329818673105  0.17753777968443521  0.18391274352995987
  0.19072070266899882  0.19734175316210426  0.20388588631051663  0.21039318575796864
  0.21703263248263979  0.22374673477990861  0.23049150443363634  0.23736380457903611
  0.24437743063666620  0.25145251344610603  0.25858716493327405  0.26578503496471734
  0.27306561247437600  0.28042020948877344  0.28789398877560912  0.29542948781757911
  0.30300837996733071  0.31068643016597935  0.31850273329137113  0.32644029400526581
  0.33450288544485884  0.34272456462970574  0.35089982968633437  0.35900537813802685
  0.36724142342644484  0.37565068242826072  0.38413839251610055  0.39261373851180076
  0.40116389427760268  0.40983661411792249  0.41863617570345152  0.42750151425659610
  0.43639517451172255  0.44536155346539186  0.45443013118778380  0.46357125845233299
  0.47273992152169797  0.48199234309333572  0.49132229634271746  0.50073064178675464
  0.51022843013919983  0.51980612506697310  0.52952696837795743  0.53940774629350463
  0.54943900897722375  0.55952282591650104  0.56959557784028869  0.57971034046839431
  0.58990535882121553  0.60017777680124618  0.61049604939941182  0.62092963484888597
  0.63139618958609200  0.64203925261313355  0.65267518490934784  0.66342132452991553
  0.67420920093017245  0.68509133300339042  0.69607040352187755  0.70717631157525407
  0.71832204508467423  0.72954109574874082  0.74087173960939012  0.75231843024955247
  0.76389996723165876  0.77559148877247730  0.78731940289804825  0.79907780009223650
  0.81084713235398664  0.82270649052440981  0.83478334854543146  0.84697354085820642
  0.85921360908030509  0.87154157755323225  0.88394309801425486  0.89648334708806987
  0.90910472690158239  0.92184376173254257  0.93468975588902581  0.94762641050716212
  0.96063498620553189  0.97370159833151892  0.98683725396714028  1.00000000000000000
 -0.00269007360194696  0.01065220292643530  0.02151515127502361  0.03248979294221967
  0.04327364790440597  0.05380547859429122  0.06427432452505849  0.07494299312721815
  0.08560469626822480  0.09627810351760806  0.10707462158359514  0.11795376423103268
  0.12851152821758935  0.13878143335754162  0.14917574222765242  0.15959714592225410
  0.17021680442681622  0.18070220396816145  0.19141955318767756  0.20216608557180568
  0.21280105136398070  0.22356557003672176  0.23422132851006974  0.24507967812884077
  0.25602479045834747  0.26687718828291168  0.27766452988624374  0.28849895000302866
  0.29949020183552794  0.31016494225412677  0.32034698692177499  0.33048034059472470
  0.34092149291869406  0.35119428913486872  0.36104099248429877  0.37072180274084715
  0.38095085141912549  0.39150287482876506  0.40181989680302405  0.41202256604184778
  0.42235368057418721  0.43293061639617381  0.44336152799012296  0.45370195393317292
  0.46403328970766178  0.47438879282874424  0.48464615725269328  0.49475256884666319
  0.50519226562635000  0.51558956741879214  0.52600798730604936  0.53607269175482319
  0.54658825306161296  0.55752894758035609  0.56834579548941944  0.57924895764351103
  0.58963548470858085  0.60029237814028524  0.61066602773936041  0.62093964975085769
  0.63099426477196896  0.64087604207031013  0.65089468560999719  0.66136424865660959
  0.67217654906680369  0.68332945763007258  0.69439798427971566  0.70558537677293065
  0.71635654877551280  0.72710563820737872  0.73716167365599905  0.74769800476891901
  0.75806741938350519  0.76858100503562132  0.77894673024941752  0.78927371698835447
  0.79991106371167386  0.81030535165922135  0.82064435021408799  0.83057448303480974
  0.84092522294396421  0.85145329769766587  0.86275164680066274  0.87382466410091486
  0.88480185991199300  0.89540844039702272  0.90624951084592253  0.91697254141986539
  0.92713864756157538  0.93730833874095643  0.94755099130914433  0.95783227507001267
  0.96785864089334517  0.97794301316366605  0.98882693907541119  1.00000000000000000
 -0.00273510419737825  0.01092887507902654  0.02252803234705441  0.03463825095585066
  0.04709712483422515  0.05919308551794691  0.07082416105851055  0.08215533087884283
  0.09358770297518185  0.10458865281075565  0.11553143803318473  0.12689795568010961
  0.13877132316050855  0.15056707754942555  0.16206475963873285  0.17371136774548127
  0.18541265207639632  0.19705746535476482  0.20826697081020418  0.21917690378841087
  0.23007475698618027  0.24125641985058971  0.25257721766515712  0.26368265517532663
  0.27458729576964447  0.28526681739475113  0.29589710481320547  0.30662401760161961
  0.31749234415899080  0.32844331271019539  0.33926724272268577  0.35000306734051367
  0.36072315090669277  0.37147772159079162  0.38236670281237994  0.39332581173610748
  0.40412868767850452  0.41489266304331252  0.42557473990747341  0.43616513561973957
  0.44666574941317738  0.45725553656453610  0.46824382684245575  0.47947636360176388
  0.49066265241212326  0.50166522436257388  0.51237331457614466  0.52305678026891766
  0.53372156905549251  0.54428629427387087  0.55462491224790988  0.56458805725536432
  0.57429622231261379  0.58404913136807490  0.59402548988334525  0.60412576939488805
  0.61420565171032360  0.62426251887313156  0.63443892410996361  0.64453058001591501
  0.65446557494088398  0.66427902669324901  0.67404247844235787  0.68384431660471667
  0.69386567752327977  0.70408030943181554  0.71425524312011568  0.72434349368575135
  0.73439818559794456  0.74442565111166126  0.75457820371629758  0.76493252613898621
  0.77531255767852303  0.78575202354587859  0.79620684138587761  0.80644564787675321
  0.81623841073262005  0.82542133979083443  0.83479527448800783  0.84456580269844606
  0.85458147046673594  0.86444379078218869  0.87434370385633120  0.88397947954285627
  0.89369178054238207  0.90335656405758602  0.91319036616795068  0.92296622595188438
  0.93258787698522838  0.94244805142470833  0.95220556031219439  0.96176785469803927
  0.97128036373218962  0.98062084692089591  0.99050050987057514  1.00000000000000000
 -0.00236023936014862  0.00949034565020257  0.01910956467813971  0.02900999121405065
  0.03879075787326511  0.04889666806516898  0.05938390861275415  0.06967966057591797
  0.08015101432625311  0.09074304275072390  0.10148754259666631  0.11198378556676711
  0.12240261676839283  0.13296847066380679  0.14360579976434992  0.15456877642644751
  0.16543849092391930  0.17635756089069221  0.18720679826643796  0.19831836574095596
  0.20939761581361149  0.21996386767690596  0.23075803668053591  0.24146359392208774
  0.25256275321310762  0.26314178397479127  0.27391976968164405  0.28470377816618814
  0.29534041750647089  0.30600430826028002  0.31673347221512388  0.32768427633547403
  0.33827764393768317  0.34886267965286244  0.35943145719205793  0.37056951546521577
  0.38139842367522109  0.39231888501565915  0.40295323964186219  0.41366308036252858
  0.42414500380584125  0.43445864068053214  0.44490225396821076  0.45566534250943119
  0.46638512288699885  0.47724377432595511  0.48773014227989070  0.49824831897232369
  0.50873733306006597  0.51903166435099801  0.52933360879363078  0.53963747924633487
  0.55025038062875609  0.56090890605360266  0.57118795099656106  0.58140975710347054
  0.59161260974038599  0.60191325940867868  0.61225758025600097  0.62288131402714519
  0.63366620715680277  0.64431781821990308  0.65485211839292967  0.66539092410662581
  0.67602486698982600  0.68666808130602497  0.69719260926258608  0.70763251366785829
  0.71813747007789441  0.72845935204936518  0.73876870465270472  0.74890848303124746
  0.75942268794739376  0.77017156505348772  0.78070333890704380  0.79135912306971656
  0.80193420178524188  0.81250304900124870  0.82299294308556536  0.83373638402034100
  0.84507389742489580  0.85635239491744664  0.86725150775810400  0.87804424500561917
  0.88858258240719390  0.89909633338529205  0.90947888160571944  0.92035566934099633
  0.93121711991419198  0.94159199776066849  0.95165474206306333  0.96168096224203936
  0.97176743645632291  0.98150819147694079  0.99084118714837921  1.00000000000000000
 -0.00194228419724803  0.00739608756592431  0.01586241390994369  0.02443008929482840
  0.03311158575937034  0.04189646811276107  0.05077760324519943  0.05971591744926910
  0.06864137922902777  0.07748513820109830  0.08617964425452315  0.09464761175509019
  0.10292314981068569  0.11102125788129388  0.11930335470063075  0.12768514343282553
  0.13636026284674349  0.14447242040477143  0.15327954494567564  0.16227264579437281
  0.17142331228655072  0.18057107886234655  0.18956610499733037  0.19862193664293160
  0.20779620822045683  0.21694718406330996  0.22611993547381420  0.23519690846642885
  0.24430852812764853  0.25338891032188982  0.26233883822018650  0.27136939052929471
  0.28038850222896311  0.28930024987353070  0.29841802365312836  0.30766397442365090
  0.31736067129696671  0.32732777338401459  0.33722236359932967  0.34705087411489050
  0.35664237298770662  0.36614369745530623  0.37595164349439902  0.38605035343461602
  0.39623270302214647  0.40642765442215911  0.41674270556064907  0.42724865898672360
  0.43774609936383518  0.44807406678277967  0.45828330816954127  0.46840120159676496
  0.47870654831982978  0.48918138802452882  0.49982130289500054  0.51036871747525114
  0.52082734932573471  0.53143207491766675  0.54236604595164772  0.55366126626835521
  0.56486738473699394  0.57603885643992669  0.58740273943942967  0.59890402529432762
  0.61037000086396753  0.62162417080894206  0.63250808534678571  0.64309561285410888
  0.65385312532051609  0.66492881797054104  0.67604396192514582  0.68739034734605664
  0.69894754615647714  0.71096324477305806  0.72286358150488506  0.73511982637844486
  0.74739593972172635  0.75969089090373376  0.77212035809014490  0.78483283238075119
  0.79773670532299956  0.81059675729280067  0.82348728007242622  0.83634723365928876
  0.84916796113253989  0.86224159467850714  0.87558346936357700  0.88905086371661035
  0.90253800053636690  0.91616502506097031  0.92985290281004762  0.94369759611048243
  0.95774023926948848  0.97172954113896315  0.98586497242557092  1.00000000000000000
 -0.00249962325188971  0.00935577137628543  0.01919260835980658  0.02962361461376194
  0.04012493225031607  0.05063808669823951  0.06133297899284636  0.07251852161680182
  0.08359444316240741  0.09422324276988599  0.10461435648751218  0.11539469409887000
  0.12607052585870937  0.13659457283585735  0.14697884815950540  0.15771955938406682
  0.16827982303152747  0.17890104155659195  0.18958808215873518  0.20066133503516198
  0.21173363950653210  0.22271370930849627  0.23365160620645675  0.24465836952726766
  0.25554133300278536  0.26650993520734939  0.27736181070662363  0.28832037905580687
  0.29896754171009199  0.30939301652821982  0.31961257142411104  0.32984318012349406
  0.34002932872724001  0.35024231314236831  0.36054554911619058  0.37097969642411693
  0.38134196502100681  0.39165592027625523  0.40196779642925967  0.41226063821847664
  0.42259191916711292  0.43296458488983097  0.44336570013496435  0.45360476322348264
  0.46374290313266836  0.47408889501923435  0.48449733085888813  0.49479494135336161
  0.50523243898551551  0.51563860128852124  0.52581431368144682  0.53569108569072765
  0.54611595613197894  0.55709730686684333  0.56796617256514437  0.57860630097997601
  0.58902889582982509  0.59965369446763284  0.61007536030230380  0.62043543900431264
  0.63073256851299886  0.64121939901989655  0.65156488324580375  0.66179754284996528
  0.67224404336242127  0.68262113501426758  0.69296023416012842  0.70315650580998490
  0.71372181929454959  0.72459217068523041  0.73553519099764730  0.74665766411552548
  0.75780030726138337  0.76878828007604405  0.77946912130825396  0.78995259535889195
  0.80045972950236033  0.81081504741982147  0.82099965117393436  0.83117013422485608
  0.84147721260518482  0.85171412520173062  0.86200571830553629  0.87226326715061320
  0.88268663821394988  0.89301753217611013  0.90354911173653174  0.91406165945622908
  0.92452562993320264  0.93491672340326837  0.94560946778908883  0.95634150520674766
  0.96726120707461083  0.97819203602883942  0.98910746685173800  1.00000000000000000
   3.5797527890887841E-006  -1.0000000000000000     
 T T T T T T T T T T T T T T T T T T T T T T T T T T T T T T T T T T T T F F F F F F F F F F F F F F F F F F F F F F F F F F F F F F F F F F F F F F F F F F F F F F F F F F F F F F F F F F F F F F F F F F F F F F F F T T T T T T T T T T T T T T T T T T T T T T T T T T T T T T T T T T T T F F F F F F F F F F F F F F F F F F F F F F F F F F F F F F F F F F F F F F F F F F F F F F F F F F F F F F F F F F F F F F F F F F F F F F F F F F F F F F F F F F F F F F F F F F F F F F F F F F F F F F F F F F F F F F F F F F F F F F F F F F F F F F F F F F F F F F F F F F F F F F F F
  <DiscreteSampler_grid>
  grouped_processes
  1 # 1 for a reference and 2 for a running grid.
  10 # Attribute 'min_bin_probing_points' of the grid.
  1 # Attribute 'grid_mode' of the grid. 1=='default',2=='initialization'
  0.0000000000000000 # Attribute 'small_contrib_threshold' of the grid.
  0.5000000000000000 # Attribute 'damping_power' of the grid.
 # binID   n_entries weight   weight_sqr   abs_weight
    10   10   1.538064582637693E+005   9.818085789532439E+010   1.538064582637693E+005
  </DiscreteSampler_grid>
