 -0.00187014997358924  0.01221190418302267  0.02388934206105857  0.03483513955300872
  0.04582276041287218  0.05684862077020999  0.06752892983473979  0.07825700189826248
  0.08867386601758143  0.09882957536672930  0.10894541664386490  0.11937515525959362
  0.12955830906926116  0.13975929336441889  0.15004843122158135  0.16048613213212834
  0.17053962199394709  0.18035556049116203  0.19042619970849056  0.20097280405380452
  0.21116785292618109  0.22107375966413842  0.23113532389907832  0.24154133435463640
  0.25174698068456663  0.26207778277176447  0.27283350713928556  0.28419119718854435
  0.29524722177259760  0.30591282227718886  0.31657388769560002  0.32720081884639785
  0.33791530355999311  0.34845016261097367  0.35950588522011379  0.37050913300725574
  0.38138899704649559  0.39224745239951020  0.40284211203771686  0.41360237596094768
  0.42404390193053881  0.43502317812186797  0.44487610658161086  0.45439865215828223
  0.46390311677656271  0.47344815143836316  0.48278913502901533  0.49176122553881735
  0.50086136975087570  0.51112924677319338  0.52152048121328820  0.53177742584711918
  0.54169355683575982  0.55183080927779171  0.56180092833067219  0.57209500938030700
  0.58247379088860163  0.59329162407379654  0.60363643289983759  0.61383827392124835
  0.62384795463102782  0.63404645417984862  0.64428895468463498  0.65442792091826074
  0.66420037657383457  0.67434344332520624  0.68520306702422340  0.69622657263540533
  0.70699817058045100  0.71727593395624778  0.72784198377980902  0.73861695493746327
  0.74934526556227954  0.75983200685761487  0.77036147770425389  0.78098055322302595
  0.79157661327935225  0.80203323984321795  0.81275701034007952  0.82361026034502283
  0.83401948780268309  0.84418108098376643  0.85444709476370395  0.86543238885535823
  0.87671449125455314  0.88737161584276636  0.89752383591361296  0.90765819615561327
  0.91775676616308610  0.92845401811231065  0.93904020615548078  0.95034515660835706
  0.96143588292512294  0.97269979447683796  0.98569960935050815  1.00000000000000000
 -0.00235122596550749  0.01454320371667766  0.02766629379377377  0.03944608678455189
  0.05042243662705333  0.06124274783907713  0.07224615630332543  0.08347110588271908
  0.09374832463523315  0.10412395472423318  0.11432377619631914  0.12425679872610464
  0.13422206075164070  0.14402782214574003  0.15485917675875627  0.16562471797168762
  0.17640953507004864  0.18712699593008569  0.19744513895864343  0.20758944107192337
  0.21776408035802661  0.22876678727712660  0.23959128043652739  0.25018998078652827
  0.26027230758468356  0.27043041051265815  0.28094492113596742  0.29205450028371427
  0.30350938165319763  0.31493503616368884  0.32603998691790226  0.33676182602205085
  0.34695685779398933  0.35731123719770291  0.36768662154798820  0.37807537421014126
  0.38828639086756062  0.39895087667904894  0.41003371599159960  0.42105066466786556
  0.43187903608703709  0.44220987540400475  0.45221891329543140  0.46252045977826944
  0.47300794519372130  0.48365912256519605  0.49404629298524261  0.50497818394499094
  0.51634020561670013  0.52756471272045413  0.53882075264157780  0.54991603165567304
  0.56068496485270092  0.57106151096227709  0.58107691924543647  0.59085270608515594
  0.60050738341797527  0.61021610775638579  0.62017554173380496  0.63014734275758333
  0.63971722936601616  0.64934367594612841  0.65866446035292581  0.66841669654730196
  0.67826684785402946  0.68870646592912677  0.69963356754093942  0.71049172350010803
  0.72140173949360475  0.73241526877489360  0.74337084250066443  0.75377342252240853
  0.76345050737650877  0.77319549335451510  0.78306568196190862  0.79334808849932092
  0.80368114718997130  0.81390773355988888  0.82399648231741207  0.83368640325382670
  0.84318366258807487  0.85271879884432178  0.86200750734442677  0.87108277505975495
  0.88018732805005795  0.88947391889563632  0.89934715852148095  0.90975245274258210
  0.92038976730304478  0.93152383389454374  0.94286433346763365  0.95421716533963152
  0.96555118990030520  0.97656866531057451  0.98817305790467747  1.00000000000000000
 -0.00144934130710247  0.02865617581889131  0.04938910869592990  0.06707204883143063
  0.08595907224075107  0.10514229906169853  0.12455079245565175  0.14295228860321524
  0.16094341787868796  0.17465953031388851  0.17693609405383381  0.18273837217520300
  0.18970798473919526  0.19640212262994686  0.20306054567915119  0.20975396161210816
  0.21635222517762512  0.22289768524665873  0.22959239180460833  0.23653312526683584
  0.24355801980109087  0.25059948407576310  0.25769477832503096  0.26482838572400036
  0.27197307135366600  0.27921047305635688  0.28665408872530967  0.29418503773616794
  0.30177344290941027  0.30944383326866215  0.31728916369508126  0.32518713859023274
  0.33311720685434371  0.34103227725024793  0.34921911584968979  0.35747890072227906
  0.36577374943243746  0.37408964257897259  0.38246542078917872  0.39094571259575289
  0.39957859724595385  0.40835582738691051  0.41723375850237493  0.42611905716194526
  0.43503067063923040  0.44396166495597983  0.45290420435979345  0.46195601991061269
  0.47123162497308385  0.48060794667144530  0.49015263448903551  0.49984580254361882
  0.50966655249475667  0.51933599351104764  0.52908338428402746  0.53892299184019932
  0.54891588140836345  0.55885404265417427  0.56894616394805264  0.57905053477148438
  0.58906880194037559  0.59912718899228901  0.60924292349358478  0.61984182199838356
  0.63056633564789066  0.64133363246306663  0.65192861070850661  0.66253077754471534
  0.67334859821691173  0.68427664574159730  0.69529084221609416  0.70639965702383911
  0.71760089873886890  0.72887316503101574  0.74011451918841697  0.75155265505937707
  0.76319406759376873  0.77487466232667335  0.78655996565549979  0.79839681448265509
  0.81039173173436030  0.82246276748847513  0.83450152164354729  0.84646639230619147
  0.85855451075752209  0.87070274706283135  0.88288611885398605  0.89532065643387737
  0.90798153354489242  0.92076724299246981  0.93359761364859883  0.94651290452215597
  0.95968387117270537  0.97302825467157550  0.98662264418146084  1.00000000000000000
 -0.00250043272323746  0.00977186939462732  0.02059517960780966  0.03205212525044592
  0.04373372678489874  0.05516840562543628  0.06653467959907432  0.07716213130773125
  0.08743371713059479  0.09758561617615723  0.10807001829415699  0.11896652578186177
  0.13033097669506194  0.14175296895105813  0.15299859309126132  0.16378281697808805
  0.17416914780410392  0.18461622004122724  0.19488439045158829  0.20510155440499031
  0.21489576627578572  0.22449185767775079  0.23451592833541041  0.24444200310920847
  0.25428573501600449  0.26396609129396947  0.27404198550260367  0.28444743304837378
  0.29486637629092116  0.30524017704306156  0.31582753056742330  0.32677766370602085
  0.33798853266027129  0.34919857838469276  0.36018321585019036  0.37101386413188497
  0.38208584302993159  0.39320015084960980  0.40448804921177328  0.41533955151095764
  0.42607576978574474  0.43650971865301058  0.44712093662761504  0.45795053533475882
  0.46817984057330808  0.47814735773202749  0.48731141926360094  0.49641255649714899
  0.50559166750948359  0.51481888185470637  0.52428633841799943  0.53429208335813283
  0.54474894127703000  0.55568697575400061  0.56625173262178974  0.57600675436055804
  0.58607624308364137  0.59605304628894651  0.60636213803048233  0.61694952286943572
  0.62733495034735531  0.63785276253080481  0.64833733536981253  0.65865362530352056
  0.66924220823638947  0.67997833771712257  0.69106171631313906  0.70234629940041837
  0.71354942834224011  0.72458159607175521  0.73487863466660985  0.74467561563318063
  0.75434793204564732  0.76415067742657117  0.77421671869858666  0.78388609483133620
  0.79330721082841893  0.80282858977376437  0.81265994766447791  0.82295898374798382
  0.83358946318365446  0.84458225949671450  0.85575703012496229  0.86692703409993466
  0.87779516370487420  0.88846221500694655  0.89920955471791675  0.91021604265284273
  0.92138859699871001  0.93277077868660174  0.94414246905532073  0.95556774194189398
  0.96671191909186538  0.97778673075685907  0.98886908979898380  1.00000000000000000
 -0.00251612268642265  0.01126910118421331  0.02260737130143637  0.03443373944799774
  0.04573686788394728  0.05722827514903028  0.06870563002045056  0.08073323442976806
  0.09255720542045585  0.10408363294208881  0.11520236438292250  0.12614828174457979
  0.13706657105984507  0.14830911764280147  0.15996481173657534  0.17185379846266122
  0.18365158571202181  0.19542526943405253  0.20670716107312548  0.21812007446972476
  0.22956209178146270  0.24140726924058484  0.25330015790952964  0.26505475356603758
  0.27607699973602129  0.28699459517829773  0.29805408736851047  0.30894684421108232
  0.31978068536448667  0.33063618607045159  0.34266296395217005  0.35456001058968234
  0.36552757429993132  0.37615635638698292  0.38604134345230440  0.39598967167515403
  0.40599717075723074  0.41638317803689978  0.42696630791300361  0.43791266531943190
  0.44926618932076184  0.46074682264198225  0.47205350698249809  0.48316349618411147
  0.49402309703815817  0.50497302818228307  0.51616893129168506  0.52765783537006072
  0.53899881508689951  0.55002978294514182  0.56111773623866523  0.57209241670465560
  0.58343336623685338  0.59460849993843401  0.60557301171936517  0.61542086109358485
  0.62518290408686572  0.63478531599141230  0.64471998715754708  0.65418556160224517
  0.66382747421211641  0.67405818088892411  0.68425379118469143  0.69431767984685389
  0.70410538185915772  0.71417047022671964  0.72447288287424871  0.73490794987850294
  0.74526540469458447  0.75521226062498437  0.76450543063698273  0.77328241502592310
  0.78184704607522504  0.79060625657349259  0.79982470052119170  0.80929359881442331
  0.81908640131024590  0.82884824892713482  0.83863017229138148  0.84858866529229271
  0.85831292555228655  0.86807601243377774  0.87789013696264229  0.88711402559251373
  0.89668682968886704  0.90583261504243717  0.91487339633292708  0.92343003743038965
  0.93214634301924548  0.94128914534761532  0.95105311253295133  0.96051351921381911
  0.97028653244221430  0.97992463388400530  0.99002295685532082  1.00000000000000000
 -0.00242951404720552  0.00990962792252946  0.02085611737676593  0.03228399605293648
  0.04379894837828232  0.05457277519303476  0.06509233062335934  0.07562856593515219
  0.08604899104763501  0.09653877430522777  0.10688891216816088  0.11718562704609539
  0.12748459384816904  0.13782290144011639  0.14806098809128551  0.15899393468750922
  0.16995553349551507  0.18155172626054647  0.19263515053647162  0.20357859379479201
  0.21464286548992059  0.22561958760189285  0.23652042547216570  0.24743998693692859
  0.25837296663528353  0.26893880240048323  0.27947446414653504  0.29016428043792875
  0.30107102680443987  0.31202359641479965  0.32338880979333418  0.33441207712419679
  0.34476470255255109  0.35481897676202045  0.36488660101940151  0.37495468403595061
  0.38466307935731975  0.39456710488656638  0.40492249337280178  0.41521036038026882
  0.42535271983060891  0.43557752339219064  0.44589964213692723  0.45628793270926588
  0.46662046272289198  0.47708103816129688  0.48788857499855470  0.49891723494662549
  0.51009845678297783  0.52081978880719260  0.53125044444030833  0.54182656942627472
  0.55268575978574319  0.56352550010197688  0.57381555612609869  0.58414547667870720
  0.59489108746082431  0.60546073852303284  0.61559351500922299  0.62574288513902054
  0.63644783670923966  0.64682145060062990  0.65642704739359936  0.66602562063232507
  0.67606785909725220  0.68653914335453270  0.69672023401604366  0.70650816758455848
  0.71756261432020785  0.72897357060606693  0.73920675043324946  0.74909556418476808
  0.75851938252035922  0.76752540238740063  0.77681895321931371  0.78631220652304279
  0.79691204428250284  0.80741045786592902  0.81753142052729511  0.82805920337497885
  0.83861943244215897  0.84950331976253779  0.86053353240583064  0.87133694524074023
  0.88236284236861262  0.89281752191041297  0.90366281514653435  0.91375794107148811
  0.92410054062615066  0.93442937372104828  0.94536878902032007  0.95677661378343726
  0.96758434223362633  0.97842569841523619  0.98914321112144477  1.00000000000000000
 -0.00189517325020496  0.00654435325864715  0.01421397625213366  0.02223835937720165
  0.03055234127272497  0.03871817277615772  0.04668075997236344  0.05453485932251688
  0.06234638886198048  0.06994330935508700  0.07746659479622732  0.08517335795993888
  0.09291547882394838  0.10052201560457834  0.10834102894316494  0.11653963862697916
  0.12516311591648607  0.13423496715368716  0.14333484357956011  0.15213586055759193
  0.16055477254056721  0.16896005520818969  0.17754822942683116  0.18644214687247418
  0.19569712040801351  0.20513607731893119  0.21486900058578584  0.22454614851246435
  0.23394295654320876  0.24326167333428977  0.25282345077148732  0.26245558293892257
  0.27240275813645465  0.28243699215204632  0.29257977897177079  0.30245444025051982
  0.31187970673416332  0.32138720908206830  0.33146040749104383  0.34124227520726896
  0.35112954750880215  0.36008395306093943  0.36902302554219152  0.37798868212619408
  0.38753301863192280  0.39716342874688171  0.40738998761466355  0.41753451974928207
  0.42773454089673379  0.43827644709404356  0.44930406387068478  0.46045222458671653
  0.47153768688107189  0.48271774841510723  0.49427085174810742  0.50570828479086005
  0.51712354129521088  0.52802926918764059  0.53878527250309982  0.54964273649672257
  0.56054513320583510  0.57124335110422286  0.58160637971001883  0.59254088734253185
  0.60376877676780771  0.61530694911581585  0.62681771020136645  0.63888736059484696
  0.65108038542054480  0.66344823644177220  0.67596661189517093  0.68853160859376861
  0.70135020131146830  0.71382503257886476  0.72656838698157755  0.73912721326996000
  0.75191519925812622  0.76409956080974561  0.77605145284965571  0.78740324594155819
  0.79959899202623586  0.81177802900437157  0.82372110698550116  0.83569817327503204
  0.84830979389243488  0.86138978753227369  0.87483797766659865  0.88864077127118590
  0.90245566114529874  0.91582972486762992  0.92920522372061864  0.94306885679225094
  0.95718177133569693  0.97153129910303171  0.98562087429685097  1.00000000000000000
 -0.00252692898322027  0.01021680799279689  0.02087663228056464  0.03196217535539912
  0.04263570815746019  0.05306785691368198  0.06388888357263274  0.07502740963565359
  0.08647675243585656  0.09730157722435549  0.10799982620017497  0.11884677135336562
  0.12963757232530626  0.14040352348374044  0.15063500087001858  0.16070635466183891
  0.17071736158478565  0.18074261289876276  0.19070223574686629  0.20075587694942831
  0.21129760068691394  0.22245175812799833  0.23362294116592824  0.24468626281278333
  0.25562915742966685  0.26662230620831001  0.27715780843927290  0.28753943475131533
  0.29766156626853790  0.30767819625044074  0.31778116277002572  0.32796655974019878
  0.33796701379396782  0.34758925120869721  0.35761461564358460  0.36778957647904953
  0.37817279990299746  0.38824705170108664  0.39903221972927200  0.41006909272925868
  0.42087084648812528  0.43152903289417754  0.44238754106799860  0.45325585707963545
  0.46450168016446197  0.47598710302141989  0.48724598736880503  0.49798193926792267
  0.50841576303082514  0.51888891948443128  0.52962330616213493  0.54031622849033289
  0.55100840589981492  0.56172955107033340  0.57260192463090920  0.58318498695710053
  0.59339210615650229  0.60349143076076073  0.61396406013897009  0.62494577696272025
  0.63638712079145821  0.64790900425867914  0.65935365327321949  0.67057857061991788
  0.68158085284211323  0.69203758256198056  0.70204833122781463  0.71203627892454113
  0.72227231742017539  0.73246329430427659  0.74247901513174763  0.75271537621017859
  0.76364549426350714  0.77411394014017509  0.78404518526114919  0.79351327306600017
  0.80291865036247545  0.81239187906854182  0.82176151190561275  0.83099739587523092
  0.84067869658593086  0.85019249729552293  0.86009103724627267  0.87000705900971576
  0.88028881172587781  0.89165601965482100  0.90279149351032084  0.91366462485552902
  0.92430969623827297  0.93492963751346891  0.94585532651781390  0.95708183203649866
  0.96806168180585161  0.97870268207386713  0.98931298951807234  1.00000000000000000
   1.3384373601796017E-005  -1.0000000000000000     
 T T T T T T T T T T T T T T T T T T T T T T T T T T T T T T T T T T T T F F F F F F F F F F F F F F F F F F F F F F F F F F F F F F F F F F F F F F F F F F F F F F F F F F F F F F F F F F F F F F F F F F F F F F F F T T T T T T T T T T T T T T T T T T T T T T T T T T T T T T T T T T T T F F F F F F F F F F F F F F F F F F F F F F F F F F F F F F F F F F F F F F F F F F F F F F F F F F F F F F F F F F F F F F F F F F F F F F F F F F F F F F F F F F F F F F F F F F F F F F F F F F F F F F F F F F F F F F F F F F F F F F F F F F F F F F F F F F F F F F F F F F F F F F F F
  <DiscreteSampler_grid>
  grouped_processes
  1 # 1 for a reference and 2 for a running grid.
  10 # Attribute 'min_bin_probing_points' of the grid.
  1 # Attribute 'grid_mode' of the grid. 1=='default',2=='initialization'
  0.0000000000000000 # Attribute 'small_contrib_threshold' of the grid.
  0.5000000000000000 # Attribute 'damping_power' of the grid.
 # binID   n_entries weight   weight_sqr   abs_weight
    10   10   1.818092867575396E+005   6.342539165347335E+010   1.818092867575396E+005
  </DiscreteSampler_grid>
