 -0.00756545618458034 -0.00048091534651770  0.00956485898236344  0.03089555377175366
  0.05248604461422557  0.07441895712156825  0.09590522002056198  0.11712875827369008
  0.13611726027407681  0.15523893436417446  0.17455649369764106  0.19361335578426336
  0.21297081877526947  0.23401266821460653  0.25497297732395258  0.27585355734501832
  0.29667363724738111  0.31745667323178339  0.33798451729240320  0.35853053860157635
  0.37910571984442409  0.39979289375506577  0.42053966763782641  0.44169330631165371
  0.46283238187583992  0.48394715530088123  0.50505877636364538  0.52616159209622593
  0.54714166639971251  0.56809216358531101  0.58899523510683549  0.60964686797203105
  0.63019217003795969  0.65138298726570720  0.67264011497505150  0.69406425026367613
  0.71557859358653164  0.73716849978903787  0.75782647848458284  0.77846845981416046
  0.80026653494465838  0.81753007227460150  0.82806126759862519  0.82840856361195336
  0.82939641228328109  0.83188697190412719  0.83523541467163342  0.83853578240773774
  0.84181418350867787  0.84505725795841369  0.84829389312486791  0.85154474784948553
  0.85484197870415790  0.85816265200816322  0.86143165154171741  0.86471115139027843
  0.86801759658096844  0.87130787713881286  0.87461431220041042  0.87792939345590937
  0.88127697098673130  0.88463540114136952  0.88795645424191438  0.89126014980591894
  0.89456559527695567  0.89791766968986697  0.90126160875936046  0.90459413604104677
  0.90795147339213333  0.91130345648074840  0.91464065463233069  0.91797928983439447
  0.92136087336788697  0.92473913249347917  0.92811768719901733  0.93152428862773706
  0.93493551976647615  0.93836464350538940  0.94175601908093465  0.94517782677715323
  0.94867237400831761  0.95216956035165468  0.95559075276458838  0.95898194495372358
  0.96235693363616071  0.96572862586645125  0.96911307998256868  0.97250169587293911
  0.97589107785162399  0.97929677587891861  0.98275046033263591  0.98621161538866442
  0.98969248260037401  0.99314359002820585  0.99656319878273092  1.00000000000000000
 -0.00425948200963698  0.01655537218841598  0.03227805110860505  0.04541760033829148
  0.05686465092127276  0.06760018961164613  0.07786375755563861  0.08849753729543833
  0.09917843079621674  0.10949820919194567  0.11868534132002594  0.12795901362465131
  0.13783932489487860  0.14782105815760019  0.15676768396554261  0.16569727546815313
  0.17709574583941620  0.18982015835528049  0.20312125742485088  0.21678008274623375
  0.23035794845655974  0.24280748477158162  0.25488299935360037  0.26623286859979767
  0.27630042742803573  0.28530624060573101  0.29392283570115896  0.30108798848146801
  0.30860887578837670  0.31628974962096984  0.32411403191732435  0.33243923863497415
  0.34073060348737971  0.34872256518603362  0.35802512736889552  0.36704596310108245
  0.37672644176928188  0.38847244634455114  0.40112320205158136  0.41354833034260252
  0.42508126370498850  0.43728902691837862  0.45009545512943500  0.46328588651937652
  0.47603631164954341  0.48818904157466048  0.50034858001908000  0.51275530166770955
  0.52385659088802006  0.53350552287043251  0.54267768503897618  0.55170708505310773
  0.56064229356489637  0.56951562708048808  0.57858133441909187  0.58870937538980128
  0.60041731473336246  0.61277232771196333  0.62372693236599452  0.63258362812304492
  0.64102225143287228  0.64945425619711417  0.65779742580716338  0.66606907538596605
  0.67461209177700177  0.68423368658059447  0.69564989275480182  0.70963278613599734
  0.72238890903645292  0.73328506585713960  0.74267872216073172  0.75119732782464976
  0.75890162484348256  0.76634982616710623  0.77432423124436578  0.78268166245174253
  0.79099151335798545  0.79921217170772596  0.80767883906737625  0.81830910391950751
  0.83373779637821022  0.84672471499681601  0.85854051426574918  0.86987438093381897
  0.88151498328005529  0.89463602477999526  0.90906214161117072  0.92316185195651701
  0.93678062310885712  0.94752931597623324  0.95722342796748627  0.96647278590295971
  0.97517576634894276  0.98329998343253577  0.99131055719382011  1.00000000000000000
   5.0188378053320496E-006  -1.0000000000000000     
 T T T T F F F F F F F F T T T T F F F F F F F F F F F F F F F F
  <DiscreteSampler_grid>
  grouped_processes
  1 # 1 for a reference and 2 for a running grid.
  10 # Attribute 'min_bin_probing_points' of the grid.
  1 # Attribute 'grid_mode' of the grid. 1=='default',2=='initialization'
  0.0000000000000000 # Attribute 'small_contrib_threshold' of the grid.
  0.5000000000000000 # Attribute 'damping_power' of the grid.
 # binID   n_entries weight   weight_sqr   abs_weight
    10   10   3.745680252505368E+006   1.404072270845258E+013   3.745680252505368E+006
  </DiscreteSampler_grid>
