  0.02916944533147082  0.03315029355864525  0.04005285071560037  0.04910378489670626
  0.05965596427666808  0.07127513019401310  0.08355935783613506  0.09619368957299550
  0.10798355795754060  0.11841005282171374  0.12751232887699698  0.13632459984635498
  0.14427288257141935  0.15260872781249699  0.16144488907446305  0.17264345322563537
  0.18410448082085018  0.19477227204934516  0.20525725897075695  0.21625010325855082
  0.22809797310238081  0.23777193102669331  0.24743151578371705  0.25622124617922054
  0.26651002935301576  0.27656515206549503  0.28713308757729056  0.29637899602368262
  0.30578227473523362  0.31414247087659397  0.32196924730055337  0.33007091187356197
  0.33687586522374824  0.34323343362512260  0.35029870508263916  0.35770304201427972
  0.36511706180094705  0.37169580898233634  0.37991434145969860  0.39043919589287790
  0.40225322904972560  0.41381770571327864  0.42490809086874026  0.43616786496722654
  0.44766417928237162  0.45935224391766677  0.47110704153932664  0.48205223885352416
  0.49213608928953051  0.50227299918153112  0.51196915545403354  0.52146583355464227
  0.53103917803320511  0.54016774606434048  0.54994493003036626  0.56010369933336723
  0.57033271288018350  0.58051467008295166  0.58966232165502275  0.59855170509129618
  0.60791212643953951  0.61768776218090971  0.62771429801839673  0.63768661237087898
  0.64730764885594760  0.65670516013698210  0.66512091782966343  0.67497913709953261
  0.68477325060499405  0.69538294940481804  0.70634946989243552  0.71779334398086636
  0.72979663154017482  0.74273092562132570  0.75462306089214437  0.76538102283624576
  0.77535851074368822  0.78504331230632718  0.79561727181600450  0.80710052332447491
  0.81991047609926004  0.83400395258221460  0.84824775287268761  0.86139904798264666
  0.87159633967275385  0.88048526456155518  0.88930934589939259  0.89841977786895055
  0.90931403690174717  0.92081019849759271  0.93243593856544882  0.94306676711919069
  0.95392251991216503  0.96296665161201966  0.97097173922128788  1.00000000000000000
  0.04928055860950307  0.07043401021911171  0.08256781220450826  0.09176488794195244
  0.09970495934250825  0.10691137155210255  0.11341174733673147  0.11939540303609650
  0.12481983081407662  0.12993097642433016  0.13452496960679583  0.13822621991163025
  0.14170729461765294  0.14537782013620584  0.14801263613318585  0.15061637350527615
  0.15300705874625753  0.15517895186528971  0.15727562896295899  0.15905414012575342
  0.16080321621750360  0.16276874087577536  0.16478886233777745  0.16677226427129138
  0.16861693781969231  0.17050015396689464  0.17225418868385103  0.17386945013407090
  0.17542888500559295  0.17693059390530605  0.17829930236008787  0.17949845971980266
  0.18066464857389841  0.18183308530591277  0.18300135871636383  0.18410332835175086
  0.18510548298529433  0.18602021325445886  0.18682775662052037  0.18758861381546268
  0.18834936307149852  0.18908420099155279  0.18979083402482108  0.19049016191664611
  0.19119965384502924  0.19187523174333615  0.19248506691846518  0.19306994156753401
  0.19364328344441287  0.19414712720310970  0.19465819813908242  0.19535379948785961
  0.19615634996990933  0.19713261950347338  0.23102091554099605  0.23173468571955355
  0.23233518659637853  0.23283489234686980  0.23340440986116640  0.23399493633942178
  0.23458202933566596  0.23514841651559798  0.23574280698989422  0.23638352909679997
  0.23705075180879287  0.23771637685336822  0.23837600024811773  0.23911313980100768
  0.23982805075796720  0.24054759188367392  0.24131235820957980  0.24212262588798247
  0.24295968788239672  0.24387987325396332  0.24489795261844216  0.24591547848591616
  0.24695981340784345  0.24802547401430589  0.24906067443442484  0.25011984313042018
  0.25125502423456630  0.25256936086768544  0.25470018764126851  0.25676800572139985
  0.25897677443378103  0.26140212523036938  0.26388744908355893  0.26644481718670016
  0.26910879748750804  0.27212136484560484  0.27579034983750883  0.27998789137682317
  0.28592552532289189  0.29386461673849529  0.30437420359870521  1.00000000000000000
 -0.00753963874616642  0.00181468735403976  0.01190775949692102  0.03307134128923271
  0.05443518035196957  0.07766192365282186  0.09957608702471146  0.11851557983953803
  0.13832242319389693  0.15902250399623444  0.18072383013044857  0.20309867473070992
  0.22711434655943349  0.24999316395846613  0.27223992136573355  0.29570357633117700
  0.31948265533982967  0.34467114439010732  0.36730309037391623  0.38635773949319097
  0.40357478983317263  0.41224440868871270  0.41540744405318630  0.42018050588896133
  0.42712913102609851  0.43348792686499804  0.43992870597602712  0.44630977741102629
  0.45234805232060288  0.45880836685071008  0.46562585829330139  0.47217042103105933
  0.47889761387731500  0.48564603096975517  0.49191253087832276  0.49814897527737534
  0.50507195036916930  0.51138823246491094  0.51822436540777794  0.52553619604288104
  0.53287689982061448  0.54050561054083024  0.54782145432598794  0.55436876574000926
  0.56032098782321860  0.56741158257203128  0.57458053042606005  0.58158440043360671
  0.58917337579530493  0.59769252685273377  0.60537053792419449  0.61226984612355650
  0.61936736927008706  0.62683116466707978  0.63405294310073135  0.64151170018169945
  0.64930967963780506  0.65703065553438578  0.66482192561645170  0.67315195021579710
  0.68133242592387744  0.68949266660694042  0.69781868206178244  0.70602968732237792
  0.71390425834451265  0.72192416236576129  0.72990511223631771  0.73742967024067485
  0.74596050305982542  0.75519719821629316  0.76385563614195529  0.77224849618837643
  0.78091719126117332  0.78988876682591791  0.79863920442554903  0.80759565546816225
  0.81677976041555922  0.82583814679143830  0.83420638595383123  0.84220467017288259
  0.85127539934970897  0.86099083621041950  0.87117447847590923  0.88102764965829150
  0.89057254882930781  0.90045602168036853  0.91108397865452140  0.92169435739104277
  0.93124383025985025  0.94030182702767007  0.94998942449190693  0.96055433695248527
  0.97111766558192614  0.98081425179922521  0.99054910040511690  1.00000000000000000
 -0.00226682854563771  0.00919496744385609  0.01927104091756360  0.02941890621697220
  0.04004650438164345  0.05057083385842671  0.06119532481365886  0.07256358372502167
  0.08376223883157087  0.09387279668548547  0.10332716308718452  0.11226464471289714
  0.12194859757209449  0.13208686511396822  0.14216616852078870  0.15239450207322916
  0.16261984756418421  0.17275560153948744  0.18393235040690803  0.19568631648368132
  0.20778235050101021  0.22017238998867492  0.23312898904526153  0.24707342533800569
  0.26088335558291814  0.27377477381296034  0.28592630611327269  0.29699825604682728
  0.30823479285180683  0.31932247158673033  0.33130310378303568  0.34435687227200584
  0.35725482345729398  0.36983568188721894  0.38221670843155703  0.39461570070024526
  0.40733233112164791  0.41961981614743377  0.43075883429796918  0.44145426014453382
  0.45192398155287583  0.46328726107265567  0.47513922619533233  0.48630124027157046
  0.49488201843352747  0.50261984567279616  0.51043400187807220  0.51849696537995860
  0.52848459769662248  0.53865092688467486  0.55038186099834296  0.56252592618861741
  0.56988323586330258  0.57759977062484513  0.58528155209597454  0.59251339110340417
  0.59931176504081940  0.60654342582637910  0.61472545252744260  0.62350403078133565
  0.63486675272933657  0.64685301397402217  0.65811315040505902  0.66802981380648951
  0.67722131665984153  0.68638541421293564  0.69681466524179636  0.70891105591369274
  0.72159510329848409  0.73358255361545632  0.74527072020463703  0.75676650927590061
  0.76812711193178584  0.77830486790221298  0.78726683869374925  0.79619804074737421
  0.80588106805588600  0.81596913862546572  0.82529950347881864  0.83461799737912301
  0.84508862113802385  0.85679622777940989  0.86929399196943691  0.88047091303975689
  0.89095988394427916  0.90209535479206726  0.91334402274965931  0.92251045945286059
  0.93078124611661828  0.94010441218157459  0.95044189126893119  0.96071543193123976
  0.97000374971754566  0.97955629808144029  0.98956772367499313  1.00000000000000000
 -0.00259447367966490  0.01037779782586572  0.02290320696748059  0.03789909674960568
  0.05154141897024413  0.06492697763492805  0.07823274842501636  0.09201028317521608
  0.10507537620424801  0.11786659628801867  0.13107920075996363  0.14475720588386937
  0.15674488023029415  0.16664859108465097  0.17656262528770120  0.18637823745247770
  0.19881590830239312  0.20999556268725073  0.22227539233445856  0.23486540810465040
  0.24731252655678665  0.25915810999529942  0.26976293321366568  0.28025734353621506
  0.29105257951628677  0.30273330427861644  0.31550688115121539  0.32707704869041038
  0.33683786515704667  0.34542994571273117  0.35407504750274615  0.36376059528899179
  0.37274482984868218  0.38221995852271240  0.39202438499447462  0.40274814258335662
  0.41412907183147629  0.42646070796563346  0.43908547101013085  0.45132491009423037
  0.46308853840469549  0.47536500666616605  0.48719042435995552  0.49766185319570422
  0.50776609106587955  0.51782581306242947  0.52838872819950378  0.53991837947429866
  0.55187828813195405  0.56354327328276399  0.57475827622448494  0.58524769055044223
  0.59544723355001616  0.60546860065935837  0.61569819413954829  0.62690477346582307
  0.63814926737879440  0.64883179971027072  0.65850557644043484  0.66871960969351718
  0.67865780834140854  0.68822076844800284  0.69706800942633329  0.70550327366345467
  0.71453842027628245  0.72501686489721873  0.73602368999634094  0.74613778686065957
  0.75652318802918384  0.76784383789489730  0.77609383879639926  0.78267808389149951
  0.78902950526043991  0.79516785433740833  0.80110671533161437  0.80784199910271415
  0.81487295546888316  0.82167645970109027  0.82877775391235753  0.83680199887173290
  0.84562664267599108  0.85406096929852460  0.86238059248304921  0.87158619278953420
  0.88205716997349837  0.89301498152071557  0.90359516733074552  0.91375894819733605
  0.92393872842989377  0.93441357392420810  0.94486553831262698  0.95536875284232248
  0.96659797489700394  0.97794734645213366  0.98911477561930405  1.00000000000000000
 -0.00095552102228262  0.00588775261977019  0.01336442256526767  0.02180707524556965
  0.03095379158639338  0.03997043902130035  0.04956452906564289  0.05994039570133881
  0.07073955759519145  0.08217523698885647  0.09451026116786296  0.10821137242862985
  0.12197351408823173  0.13422123860922525  0.14531076385975969  0.15619599244880741
  0.16771089098644698  0.17979051706744828  0.19135176266247308  0.20321897458176039
  0.21480742238989328  0.22558793932777696  0.23568596433219924  0.24568450603975817
  0.25607821837179418  0.26663105799879722  0.27614032584081449  0.28478918146920834
  0.29401208667146150  0.30401679099503193  0.31583812376308140  0.32663105980515578
  0.33757585852515132  0.34893980440200706  0.35991870521806735  0.37084201558162733
  0.38141289676702717  0.39237159764766838  0.40318824610306775  0.41329896106150005
  0.42288147363600354  0.43188206489671094  0.44129370739191348  0.45172160596038408
  0.46356425318138478  0.47642938932160089  0.49029289261269721  0.50368326870752045
  0.51503761639933232  0.52513252180600201  0.53462061743808587  0.54400678155701343
  0.55498108892086284  0.56502327511810302  0.57238142950080251  0.58005930968989483
  0.58771220393997392  0.59601662729827820  0.60302807896899524  0.60892321478070721
  0.61484780046917931  0.62134501512000639  0.63000727693702030  0.64214047998989754
  0.65370372905130902  0.66422952523426670  0.67404960231877542  0.68399981056086656
  0.69499482627012077  0.70610461692355619  0.71628616313952187  0.72679552207003362
  0.73675206588068842  0.74680179561444038  0.75687116304686564  0.76710451673190239
  0.77741978340201312  0.78775822923228045  0.79832584065220735  0.80950442448830495
  0.82145826231378993  0.83349644392304534  0.84535174766414156  0.85729770616809209
  0.86921386981357440  0.88140482498951900  0.89382384239052282  0.90547287514628816
  0.91621697835312244  0.92688360364164835  0.93897583127800555  0.95177827361826361
  0.96337249367646405  0.97494587069971228  0.98672849568789334  1.00000000000000000
 -0.00281739827321173  0.00854684493700988  0.01813338346090030  0.02702409804748346
  0.03539228295894238  0.04315930923822203  0.05085514098277946  0.05849284687884018
  0.06599644779461297  0.07337898763047485  0.08192933187909913  0.08975875626116669
  0.09712837125549127  0.10462641111286457  0.11226709512722581  0.12085480556673783
  0.13017033202476683  0.13869139998559699  0.14657294167293267  0.15477793976574661
  0.16274701783929280  0.17090433288926962  0.17858356149195789  0.18588680999470580
  0.19306438762112937  0.20092044712638069  0.20968545423880008  0.21946963752225210
  0.22891182474790722  0.23772466939916612  0.24704140070838904  0.25609118147831039
  0.26519106320212477  0.27566986310393826  0.28603784011835059  0.29560036109113286
  0.30540123500861072  0.31540264524724643  0.32619897361039224  0.33699738217115738
  0.34706012339498199  0.35607784585139252  0.36430989283679166  0.37273148082578966
  0.38198930333771997  0.39142689750689763  0.40206038490347484  0.41203795032545915
  0.42253188333338298  0.43366527733108784  0.44569399858149789  0.45765400528843081
  0.46928006156666258  0.47965975790338350  0.49013178665563001  0.50053517662152158
  0.51087265037404339  0.52147268699864668  0.53193385874116750  0.54235253580680065
  0.55260368753579314  0.56262908071912998  0.57256220953465575  0.58443443572573550
  0.59636225241923058  0.61083862820412949  0.62493380012953614  0.63354319777027390
  0.64103901702011801  0.64870241044851318  0.65695472200334892  0.66675946736495739
  0.67582636538325180  0.68405026342111663  0.69505495421955354  0.71059144886310954
  0.72493329639716375  0.73835734273779430  0.75191273289944860  0.76736233604548520
  0.78356325411853989  0.79754808349711426  0.81156462201286472  0.82281358279145844
  0.83542179372174175  0.84887116300478382  0.86347584413937972  0.87793089505796051
  0.89373739432312116  0.91060190315259137  0.92574406609804116  0.93915203817477289
  0.95307647901801740  0.96632314170617672  0.98115793299307974  1.00000000000000000
 -0.00319110685564069  0.00876625471805649  0.01941783603683893  0.02985369113433941
  0.04101533134453657  0.05246238267147642  0.06531267945436361  0.07849279308284839
  0.09029973551651055  0.10055774531346144  0.11065742265713809  0.12102065744911257
  0.13113468513913931  0.14089482227755518  0.15155722965351173  0.16367886117863883
  0.17603693204389004  0.18775967040992494  0.19883873420888881  0.20891980852888981
  0.21868001797596334  0.22837066716017901  0.23750201884551428  0.24684842667372975
  0.25709920834637778  0.26676717219711493  0.27675300302263678  0.28617582011631393
  0.29550947274874045  0.30465172233847304  0.31384524661599555  0.32391676978460654
  0.33504651774278404  0.34765554015780181  0.36045593376772533  0.37304761362898281
  0.38535559522961438  0.39742845052318582  0.40941718168699959  0.42036650170153173
  0.43038331998104584  0.43951651950637982  0.44905455909097536  0.45820074111012182
  0.46810039511574236  0.47838948989806745  0.49075305188934359  0.50216282742388529
  0.51287302853720318  0.52277854364608289  0.53324770278710310  0.54373008691118396
  0.55445318991302450  0.56588236473529119  0.57725899820799187  0.58920184735492642
  0.60138169657575713  0.61382282496371154  0.62618434893609920  0.63774411723896973
  0.64869509555388660  0.65962955356338748  0.67061488644451772  0.68221601546611843
  0.69331442959130762  0.70330878046405432  0.71118174277441859  0.71816600900241812
  0.72599764739391381  0.73348349885704633  0.74062883636499099  0.74819083980068379
  0.75533089618567539  0.76251130330124317  0.77054249218374271  0.78143835512873072
  0.79368228461371793  0.80640721167609586  0.81898879171999750  0.83172272448009299
  0.84397350716025998  0.85632215902659248  0.86810701603657958  0.87953174369718956
  0.89039945179744029  0.90109486263948047  0.91215295853796330  0.92341392784413390
  0.93474359985284305  0.94556029565277688  0.95613826814295411  0.96656705015889155
  0.97589370071076420  0.98473561840180102  0.99250811949394058  1.00000000000000000
   5.0379705037440663E-008  -1.0000000000000000     
 T T T T T T T T T T T T T T T T T T T T T T T T T T T T T T T T T T T T F F F F F F F F F F F F F F F F F F F F F F F F F F F F F F F F F F F F F F F F F F F F F F F F F F F F F F F F F F F F F F F F F F F F F F F F T T T T T T T T T T T T T T T T T T T T T T T T T T T T T T T T T T T T F F F F F F F F F F F F F F F F F F F F F F F F F F F F F F F F F F F F F F F F F F F F F F F F F F F F F F F F F F F F F F F F F F F F F F F F F F F F F F F F F F F F F F F F F F F F F F F F F F F F F F F F F F F F F F F F F F F F F F F F F F F F F F F F F F F F F F F F F F F F F F F F
  <DiscreteSampler_grid>
  grouped_processes
  1 # 1 for a reference and 2 for a running grid.
  10 # Attribute 'min_bin_probing_points' of the grid.
  1 # Attribute 'grid_mode' of the grid. 1=='default',2=='initialization'
  0.0000000000000000 # Attribute 'small_contrib_threshold' of the grid.
  0.5000000000000000 # Attribute 'damping_power' of the grid.
 # binID   n_entries weight   weight_sqr   abs_weight
    10   10   4.577752062232180E+001   8.641883922977775E+003   4.577752062232180E+001
  </DiscreteSampler_grid>
