 -0.00252571534780494  0.00376752679655070  0.01500910667640366  0.03041551736806893
  0.04754706865873625  0.06424949680229493  0.08122081148305041  0.09759097852416392
  0.11349499740926502  0.12915223570726433  0.14451417672035943  0.15987190016805269
  0.17521621659120343  0.19055634550985087  0.20598088741978299  0.22145424517372997
  0.23710863199508989  0.25292335253252712  0.26877051677544245  0.28458333245869549
  0.30040453809395506  0.31625230377144553  0.33214711614630826  0.34804155985133051
  0.36394127617682259  0.37984471862088115  0.39574791547161686  0.41161117418597087
  0.42743433581655610  0.44324192499852549  0.45904448544541054  0.47483171802222446
  0.49072133309651528  0.50653938483527694  0.52227005089476886  0.53798160022065578
  0.55358408147838178  0.56920017978695758  0.58481027010194220  0.60035119940450410
  0.61588974467327318  0.63139285886844632  0.64691878122588953  0.66252318223190620
  0.67818179571462334  0.69377836193090070  0.70932448057936115  0.72482208341399557
  0.74022308563480876  0.75555262526674183  0.77076154919118522  0.78609086079610424
  0.80322698518392321  0.81804084243464859  0.82648009724699012  0.82861312473004756
  0.83118822796593506  0.83542823827799140  0.83971600456931250  0.84398165689978610
  0.84824260519013372  0.85251163298725019  0.85681489667253119  0.86111459314157690
  0.86539755723763701  0.86969208624191707  0.87399781959250944  0.87830691956467322
  0.88261309019340650  0.88693088051768254  0.89122470432132306  0.89555509609790507
  0.89987995848185531  0.90421204772286778  0.90855586401470878  0.91290588104750015
  0.91725109411244909  0.92157231501357717  0.92588931802904484  0.93023799580264166
  0.93457817386858155  0.93890654758293823  0.94325253475934479  0.94762302173288004
  0.95199780621712615  0.95632779389665457  0.96063641104307995  0.96497176516019501
  0.96934324068844568  0.97372832968061529  0.97812024122327645  0.98248593105458049
  0.98683788753726909  0.99122323715496385  0.99561502390945134  1.00000000000000000
 -0.00272778058840255  0.00921025042334973  0.02109371598091413  0.03316947717840037
  0.04562184077469588  0.05786035628677460  0.06880121371093227  0.07865929097664366
  0.08901896095639338  0.10014852606110659  0.11131440714429983  0.12274057070448180
  0.13490229210297378  0.14752386548006380  0.15970521373985194  0.17008212804880266
  0.17901777380124867  0.18846145690733176  0.19777992062515717  0.20668913579049714
  0.21502859419067236  0.22295060944013728  0.23171663492577310  0.24176998504196037
  0.25277691286311083  0.26370782648813962  0.27561283187347047  0.28772228666933231
  0.29990412681055317  0.31220972557658938  0.32486096007960241  0.33682122779953666
  0.34780753292387040  0.35833116754423461  0.36858942410510165  0.37861542858975789
  0.38877611963558978  0.39965284590486039  0.41130395723875296  0.42308101208031779
  0.43436398474715754  0.44452887967000587  0.45441373994023732  0.46488345245266754
  0.47572954219807440  0.48658770380854521  0.49726221878889959  0.50768528788287337
  0.51791475506343354  0.52752403635002887  0.53685591138161093  0.54607711891612942
  0.55484279484726595  0.56384336925475009  0.57331533527826384  0.58336772526437630
  0.59482427838321550  0.60704561931470491  0.61915195009494794  0.63034190613601970
  0.64039466516404386  0.65043101112460866  0.66053890552221772  0.67107262184523087
  0.68124254420489405  0.69167531522271941  0.70426079764388239  0.71476271344711972
  0.72461102809354627  0.73466572567376487  0.74482345478422407  0.75503961225665950
  0.76499733722825558  0.77582874111982147  0.78735632200247196  0.79819485115536704
  0.80849827960492360  0.81844205352055022  0.82789677906402237  0.83717761863809459
  0.84647261669277440  0.85555989598909432  0.86458760186536066  0.87399732612922187
  0.88462747861174151  0.89579945266630323  0.90556226012461893  0.91579376522159939
  0.92710162945067898  0.93800304300932846  0.94837188907484216  0.95861381866923157
  0.96940010977924451  0.97988523097282587  0.98992650122755088  1.00000000000000000
   7.5124111609146301E-007  -1.0000000000000000     
 T T T T F F F F F F F F T T T T F F F F F F F F F F F F F F F F
  <DiscreteSampler_grid>
  grouped_processes
  1 # 1 for a reference and 2 for a running grid.
  10 # Attribute 'min_bin_probing_points' of the grid.
  1 # Attribute 'grid_mode' of the grid. 1=='default',2=='initialization'
  0.0000000000000000 # Attribute 'small_contrib_threshold' of the grid.
  0.5000000000000000 # Attribute 'damping_power' of the grid.
 # binID   n_entries weight   weight_sqr   abs_weight
    10   10   3.811767941507167E+006   1.453107783708130E+013   3.811767941507167E+006
  </DiscreteSampler_grid>
