 -0.00194141818797029  0.01325413504762105  0.02593132528391628  0.03755989309289100
  0.04877155672681818  0.05980186745657039  0.07070076513323828  0.08128361222783299
  0.09190072409724617  0.10272647163668433  0.11313070591307298  0.12324022280285771
  0.13319896246512497  0.14325567531491848  0.15376728724136499  0.16464088193383913
  0.17618409000325369  0.18731850799122582  0.19837589597056077  0.20924775065662934
  0.22016671309481661  0.23093615650827465  0.24186749497410676  0.25318692245698288
  0.26449480835292277  0.27576855448251203  0.28697564975333406  0.29798854708943906
  0.30906729638456321  0.31991968106371993  0.33062962978457344  0.34124821276604056
  0.35200760703965633  0.36303373644731568  0.37415248906714882  0.38506542537979205
  0.39556813473706942  0.40531202600594962  0.41498562074260792  0.42478834156694401
  0.43444864567629060  0.44365377888683089  0.45282128483225664  0.46264061015952090
  0.47317218859125981  0.48361602590826336  0.49384393286023243  0.50449989518007621
  0.51520651573502829  0.52589604054538963  0.53684193614494868  0.54768735772083788
  0.55825000025546756  0.56866392381980246  0.57922528129433637  0.58957111042192267
  0.59962224222424565  0.60976101118490789  0.62005180994666509  0.63014383348850500
  0.64016104519209149  0.65017331406278167  0.66013390905176539  0.67044206996514444
  0.67994596490334314  0.68926079534788209  0.69852162701764742  0.70821639550697935
  0.71829430089394608  0.72761564401613565  0.73716938849208247  0.74693849084967401
  0.75740131437151270  0.76836289766037369  0.77867329079446790  0.78862977288651226
  0.79798265191550921  0.80698690300002984  0.81624608122363962  0.82578155130435549
  0.83554560748020612  0.84561637461082839  0.85558365782369772  0.86588854026453377
  0.87672443899639385  0.88767789875784953  0.89887698116144721  0.90993146004552394
  0.92125087894218949  0.93232298542183345  0.94318683027955896  0.95380695207762956
  0.96405537129447771  0.97471901502100899  0.98661810652348980  1.00000000000000000
 -0.00186795013435744  0.01348815001100432  0.02598484381324232  0.03728107526728270
  0.04842706512079659  0.05943698666945293  0.07034362326334877  0.08090722621215070
  0.09130589155775695  0.10137751592829972  0.11101038810113358  0.12069640699100179
  0.13093041106229181  0.14218269830962479  0.15304488201526914  0.16373502969575579
  0.17452904178652634  0.18527628273505953  0.19558377212012773  0.20550124656297375
  0.21559683675784846  0.22564802299822107  0.23585096393555577  0.24576014129469553
  0.25613427075817302  0.26688222314809235  0.27715988454768048  0.28731810855451839
  0.29705473670155369  0.30682616249218359  0.31679962063245015  0.32675400247049208
  0.33683626593873917  0.34698396653265573  0.35741634499435815  0.36834780810385975
  0.37943048651139161  0.39057891793285571  0.40179308358242721  0.41302857540099197
  0.42355450240645415  0.43349910351545518  0.44346561897602804  0.45325490153179354
  0.46312247312197380  0.47327802226168209  0.48446709426914381  0.49616719759737549
  0.50767931633932362  0.51906563150838914  0.53005091441133689  0.54038033805434393
  0.55061440528712713  0.56086164272520800  0.57113700715559157  0.58162206456026877
  0.59207486478851257  0.60253390073745194  0.61292228135880666  0.62310371635429618
  0.63418849899694152  0.64497494894370289  0.65549531944810313  0.66625032470718715
  0.67664198668991515  0.68748424090548055  0.69720674895291768  0.70685047151721625
  0.71621966447656416  0.72581311979002239  0.73562514353215225  0.74595283668510470
  0.75659264265223580  0.76762960305999361  0.77830714723506533  0.78908444011103995
  0.80005468195664320  0.81147502293425811  0.82268438824015711  0.83346979965948731
  0.84384107524423413  0.85407198640286530  0.86428940047907477  0.87475127464091029
  0.88499837242235890  0.89536328897413697  0.90565361406944889  0.91647902125194702
  0.92740578570004961  0.93826864872751292  0.94832624852185166  0.95846538307066587
  0.96879312520073291  0.97903832037556915  0.98947326427084981  1.00000000000000000
 -0.00598795775591202  0.01051567754039305  0.02915033878649246  0.05155962039199130
  0.07305342939335979  0.09421884408084136  0.11555032492079760  0.13511739181726284
  0.15316218651107560  0.17037140255341227  0.17569283890021017  0.18032700265625515
  0.18747209481744712  0.19407020457435273  0.20050100485169037  0.20698356070034751
  0.21363656855908450  0.22039109469761428  0.22723293862687236  0.23417908528106790
  0.24128996115077786  0.24846690050808945  0.25566006650338297  0.26292041757844398
  0.27029566887018563  0.27776063650878291  0.28545222421419297  0.29326987608937505
  0.30111183385501394  0.30885762358072716  0.31665328578254814  0.32457688665225587
  0.33261982458978057  0.34071606407067134  0.34891420178993948  0.35714187851226548
  0.36541157807687147  0.37371139991236840  0.38214534102478959  0.39064945280964480
  0.39922989141016346  0.40787471500497824  0.41659776575339563  0.42535082687304809
  0.43418866536511624  0.44315216645168293  0.45229057125064698  0.46152194830399190
  0.47077351249318744  0.48009402141606500  0.48950692174643834  0.49904063528631776
  0.50859401364263856  0.51819950693101158  0.52781456414382277  0.53753712477164961
  0.54736716262525442  0.55730007386153813  0.56730407568482388  0.57731527412584760
  0.58747269982358008  0.59778867196972185  0.60822455976440049  0.61865852852726655
  0.62903699364101306  0.63954434230017732  0.65020800996656813  0.66096773975773404
  0.67179237563303684  0.68270053689736832  0.69378117682367746  0.70487824303112567
  0.71608695428046099  0.72740486697514584  0.73887493917321734  0.75040019616890097
  0.76199105489361518  0.77360544457716995  0.78531526700363241  0.79708088879891104
  0.80904480480351681  0.82123675528383999  0.83360070381486018  0.84595914335963840
  0.85822861422508001  0.87050758910623749  0.88294699658870224  0.89562205022667696
  0.90843530930476724  0.92123289138628639  0.93399494229960389  0.94682331090593308
  0.95989353827074975  0.97314576483003323  0.98654677162854454  1.00000000000000000
 -0.00217215525537569  0.00882796327057980  0.01861665510534626  0.02926534911155868
  0.04024582335632634  0.05021230293787394  0.06015087688662613  0.07033427126345428
  0.08086869166762033  0.09129791047840832  0.10163700930246751  0.11194395410045985
  0.12241379272176668  0.13252929654253001  0.14259717266885041  0.15268109343535985
  0.16309947788651655  0.17421093205880492  0.18540135963655838  0.19644704805144889
  0.20739955824632578  0.21836982752017733  0.22924058601424976  0.24010222765572270
  0.25120060828898227  0.26247497507384138  0.27407400570902357  0.28561374722113048
  0.29636286205943585  0.30711980790206411  0.31760305276153794  0.32837332109884004
  0.33914399804030909  0.35008834132249750  0.36039999952227181  0.37023789319902312
  0.38029273406547770  0.39071875710051890  0.40087892741087755  0.41007837435368394
  0.41962955091486742  0.42923468447512181  0.43899731829308120  0.44847056739417335
  0.45797745296554282  0.46832499922367904  0.47923930724394981  0.49036764614055744
  0.50163420110258850  0.51297444252248536  0.52458781983354041  0.53626937366983374
  0.54752338038109505  0.55833711519105211  0.56913722498018959  0.57990879467886491
  0.59040072183972714  0.60067154589103677  0.61072064119522074  0.62089723460846036
  0.63133214648546776  0.64175681056478795  0.65222490378908926  0.66268796908025196
  0.67347428394731090  0.68443835895838945  0.69501629584812974  0.70526618653432827
  0.71541731130509378  0.72537252488546522  0.73534302267323992  0.74512827627658362
  0.75533672601283464  0.76610615701133866  0.77721454218942632  0.78813250791800493
  0.79878993566752299  0.80903953959716224  0.81917363645950558  0.82917342279815198
  0.83930948330824606  0.84948075168937320  0.85984455253232428  0.87054916407582095
  0.88139403023689922  0.89218599031582146  0.90277719787373756  0.91328792893875654
  0.92369870137553034  0.93462476436997044  0.94521893247626776  0.95610747170327215
  0.96736719516111780  0.97864113177502776  0.98959656082220815  1.00000000000000000
 -0.00263860063495243  0.01180274388037008  0.02355993134854023  0.03581866680045133
  0.04800948461952727  0.05972345976401718  0.07107138905378106  0.08220312925760867
  0.09300779818227145  0.10319986617259806  0.11347953299881765  0.12431237711802030
  0.13570852094532673  0.14711615760993085  0.15874515989324697  0.17045922076466222
  0.18192577071942190  0.19266375731118851  0.20263774529235182  0.21253112761382276
  0.22262363977436744  0.23242225677003034  0.24161117697157186  0.25087939612139981
  0.26125654708514318  0.27177264000867352  0.28223393584183426  0.29259173745511147
  0.30309613039659622  0.31379184258181358  0.32435119245219207  0.33502672581863563
  0.34598251713778844  0.35712442880241924  0.36791443655278100  0.37834988854369722
  0.38911557894479082  0.40013238263444045  0.41107694951037405  0.42190133496180282
  0.43246776809699528  0.44293629925728895  0.45339688261315014  0.46445834800130914
  0.47596978963492748  0.48710880168155057  0.49825806408667239  0.50933212504148295
  0.52021538307918680  0.53092968615431280  0.54156991716692071  0.55201953525728908
  0.56229815845484787  0.57200642686487568  0.58202280645586502  0.59178526893988048
  0.60137703104068130  0.61128930657492631  0.62170929626170301  0.63269040547557331
  0.64432375815981491  0.65605691042471048  0.66753984175680248  0.67840390438070741
  0.68915399827302104  0.69969944511244375  0.71009042379349441  0.71999548306247307
  0.72996661207449254  0.73989152463699914  0.75014829515005210  0.76066451990785777
  0.77119736930302552  0.78166952471360795  0.79184136198009714  0.80172474457088061
  0.81165531205632602  0.82179033369949184  0.83197422920335107  0.84203950793918403
  0.85202228819248627  0.86192845082695235  0.87183686898611790  0.88167519564923591
  0.89115907937012240  0.90023405150008629  0.90927677114356797  0.91864309849024806
  0.92908449155366790  0.93997481886913259  0.95058829837874814  0.96067294586121366
  0.97032322190182341  0.98012323940400081  0.98991907571350723  1.00000000000000000
 -0.00262009272012641  0.01088725990358406  0.02226068866070703  0.03394835416362674
  0.04552762630506713  0.05683831338936933  0.06754606908436543  0.07802499911680652
  0.08832739683323079  0.09885791713220783  0.10977471799465323  0.12080341034034213
  0.13208294364681800  0.14333711054087356  0.15444165154289394  0.16532145307270260
  0.17599493311862907  0.18670524439970854  0.19751717203625338  0.20854795317527036
  0.21914058056834543  0.22894304120246187  0.23843804673643407  0.24790612490947647
  0.25789277850830139  0.26789197111791935  0.27848316806844114  0.28953234957621005
  0.30039510136918607  0.31109168964270678  0.32187148578396341  0.33263718579507789
  0.34328001764298594  0.35394136486942790  0.36514000893189075  0.37619021910777817
  0.38681834767471635  0.39720856268421650  0.40708594954082056  0.41683190195672454
  0.42643091827262058  0.43620707815955034  0.44638807512958489  0.45639919313809885
  0.46698423351173551  0.47750593393794866  0.48817946497033987  0.49887820567895214
  0.50893303130278178  0.51906996267787142  0.52852965270490848  0.53807778560602482
  0.54776690162583153  0.55761407673149677  0.56720655933151753  0.57706529811790097
  0.58690380846997792  0.59810965149955009  0.60870864948341064  0.61927128026999734
  0.62949509108836543  0.63944345746599762  0.64914112270596092  0.65865126569631449
  0.66868407592610335  0.67900331662899405  0.68933127225517199  0.70000049742191772
  0.71089436712808574  0.72183869432435432  0.73272891119735317  0.74400330456617225
  0.75534165082354543  0.76685300914244203  0.77785046617087106  0.78855045395526513
  0.79953323446215596  0.81059315170874058  0.82223915792914548  0.83341075997132430
  0.84417712403899292  0.85478574277479247  0.86547637548668688  0.87591090107216285
  0.88587533014705955  0.89538340481646850  0.90548414495026242  0.91562722735152091
  0.92616997342089413  0.93679792769077574  0.94804810789601590  0.95924273731735710
  0.96980760863735105  0.97992018172002104  0.98996190734584388  1.00000000000000000
 -0.00180979961131419  0.00671652852249663  0.01421833622904476  0.02230419355846367
  0.03055443113542557  0.03874454076271748  0.04705923942839674  0.05539190643676525
  0.06390005549121235  0.07255325099952310  0.08123416742783134  0.08966886649027855
  0.09779318322287330  0.10578154403451637  0.11391189973423725  0.12261274131494825
  0.13160243844946470  0.14063002075628570  0.14938420011669623  0.15809273634161750
  0.16692299811690672  0.17635173784843411  0.18556481406761682  0.19489877354167537
  0.20436586963316497  0.21411429661403067  0.22382595009241985  0.23326135430942771
  0.24265341492837655  0.25196648071407168  0.26121351110867835  0.27055089248259911
  0.28009313003306685  0.28982780705248762  0.29974299038827951  0.30974763578747755
  0.31899534155998260  0.32801171555699699  0.33697703518013761  0.34632998549989819
  0.35569989758196396  0.36482363958700464  0.37390863405247665  0.38348138075606347
  0.39298359850450842  0.40274998405627810  0.41294181228091670  0.42308127347862823
  0.43354628492363001  0.44427749954410833  0.45501056701973625  0.46583961184081940
  0.47610639511875880  0.48635194474974452  0.49642929874547592  0.50690985832934177
  0.51749464497771080  0.52840880087937003  0.53941625016384620  0.55101925698621301
  0.56233636883227822  0.57410382129341186  0.58579252687981676  0.59795956212713175
  0.61000527495807477  0.62208492504166335  0.63414201101067624  0.64625517759473161
  0.65831045165379176  0.67009477334897616  0.68190388887901454  0.69373182576533865
  0.70583253769600840  0.71800569663638936  0.72989043044029422  0.74099707584631735
  0.75211123619171505  0.76319556789441756  0.77468908089220589  0.78586341124227244
  0.79777254459115499  0.81040755642753715  0.82368258756314650  0.83710587989436847
  0.85048861284924171  0.86365995886943914  0.87667316162641151  0.89016870192985209
  0.90341930416511418  0.91675218980015749  0.93065075212250681  0.94488651308536942
  0.95890152817512331  0.97231251711722744  0.98610280914748039  1.00000000000000000
 -0.00200726477638920  0.00968050043537199  0.01896286464902376  0.02887004403500424
  0.03833690327611568  0.04877983108554830  0.05965127244663813  0.07083272009455947
  0.08152217056137086  0.09235043732764794  0.10337776674248587  0.11379005757896261
  0.12420077526648581  0.13408419197431037  0.14402249950479082  0.15356618846263353
  0.16320540213832169  0.17267781198147839  0.18217905035699777  0.19184231676424252
  0.20136592563835973  0.21111909057218342  0.22104575618549044  0.23075597169112430
  0.24048768891538411  0.25006184802401094  0.25991379206622311  0.26973939808016129
  0.27954960640309562  0.28929297726197845  0.29919213876515749  0.30924293254506102
  0.31954886938894317  0.32997428084487201  0.34059825786144704  0.35119779512440086
  0.36170011111079625  0.37215223491285365  0.38260752289338634  0.39336443774816371
  0.40430914879600699  0.41538138136295355  0.42667829754132625  0.43825066180059713
  0.44984606011956979  0.46101789349863576  0.47158392613987410  0.48236194875889021
  0.49348458863898542  0.50495157929102341  0.51609434038229340  0.52720590094643571
  0.53815093120826663  0.54884951806247340  0.55926477216249471  0.56928759308267962
  0.57989511511397729  0.59103911480585236  0.60198617514833030  0.61231645505264654
  0.62220361049956696  0.63291742761429781  0.64395789787349922  0.65552147102193559
  0.66724264814124645  0.67873597199954594  0.69003038834608799  0.70114612553900291
  0.71208663718677068  0.72194626280151408  0.73148180484882264  0.74074457183791653
  0.75028942167959178  0.76010272076015672  0.76992840767094994  0.78078041184140767
  0.79190988003998164  0.80322402788479808  0.81407538113096667  0.82484140099697401
  0.83569020955619766  0.84677426807344991  0.85736560579787768  0.86768976601453585
  0.87823663205106617  0.88944387301534045  0.90145492447289910  0.91299847469566675
  0.92341637012879252  0.93351519218233969  0.94435577914863744  0.95514161697659339
  0.96605945439143115  0.97665980321549772  0.98836955242887625  1.00000000000000000
   1.2193708630515802E-005  -1.0000000000000000     
 T T T T T T T T T T T T T T T T T T T T T T T T T T T T T T T T T T T T F F F F F F F F F F F F F F F F F F F F F F F F F F F F F F F F F F F F F F F F F F F F F F F F F F F F F F F F F F F F F F F F F F F F F F F F T T T T T T T T T T T T T T T T T T T T T T T T T T T T T T T T T T T T F F F F F F F F F F F F F F F F F F F F F F F F F F F F F F F F F F F F F F F F F F F F F F F F F F F F F F F F F F F F F F F F F F F F F F F F F F F F F F F F F F F F F F F F F F F F F F F F F F F F F F F F F F F F F F F F F F F F F F F F F F F F F F F F F F F F F F F F F F F F F F F F
  <DiscreteSampler_grid>
  grouped_processes
  1 # 1 for a reference and 2 for a running grid.
  10 # Attribute 'min_bin_probing_points' of the grid.
  1 # Attribute 'grid_mode' of the grid. 1=='default',2=='initialization'
  0.0000000000000000 # Attribute 'small_contrib_threshold' of the grid.
  0.5000000000000000 # Attribute 'damping_power' of the grid.
 # binID   n_entries weight   weight_sqr   abs_weight
    10   10   1.587776789671869E+005   6.971875196986691E+010   1.587776789671869E+005
  </DiscreteSampler_grid>
