 -0.00116569879348407  0.00151161178636197  0.01170960373745955  0.02606584510930217
  0.03978410455661696  0.05330274638040163  0.06670943376298713  0.07941372791799724
  0.09063429745956571  0.10178602458853209  0.11316997265279799  0.12439630088859853
  0.13546065498297746  0.14644121611646424  0.15891904653216635  0.17207543090944161
  0.18497869010722395  0.19784109601455704  0.21072654878389838  0.22357780219695614
  0.23634052028448849  0.24906247134485698  0.26175830985192206  0.27440968872922239
  0.28699925025765077  0.29971203565128696  0.31239029415989339  0.32500660309985696
  0.33760229512423412  0.35019781676751405  0.36279556568751448  0.37547971303095007
  0.38814015418900105  0.40080054941617266  0.41342037729449371  0.42600922297720228
  0.43858624018086312  0.45111397397070702  0.46360235435718805  0.47602726847246024
  0.48846258687082589  0.50089182843720292  0.51329425989788180  0.52570423410496814
  0.53788233614615022  0.55008797870213733  0.56228022268574607  0.57442949474888572
  0.58652836535508679  0.59860200290657584  0.61074962097527197  0.62295108993339876
  0.63516315688578018  0.64733666011879321  0.65948277437528124  0.67166924644292292
  0.68401722059030090  0.69621645300581214  0.70839737945601966  0.72057678729713770
  0.73276724974184293  0.74497474118282991  0.75715151533687897  0.76933442083187764
  0.78150339385556911  0.79365609442410123  0.80577821424933627  0.81784552468808969
  0.82991289682753444  0.84195562834475046  0.85397272476520603  0.86593676902296313
  0.87792370534289199  0.89020031647306064  0.90247849737143049  0.91479013193544034
  0.92727522820701769  0.94015702387042055  0.95340284992973623  0.96254543276607873
  0.97191476868667337  0.98120673310575979  0.98736083461901014  0.98754004414071606
  0.98849317049110041  0.98952771418346042  0.99057325395269180  0.99162318364889668
  0.99267863312280580  0.99372291614855268  0.99477118951606669  0.99581623327938085
  0.99685802386440414  0.99790831029259042  0.99894921371755474  1.00000000000000000
 -0.00203794884279621  0.00883668556460757  0.01669442255939740  0.02491049368075986
  0.03338745132940946  0.04224581068598738  0.05199500390807455  0.06186972894231303
  0.07155924264530296  0.08146822718558164  0.09154261326292309  0.10155469412601986
  0.11142891053986190  0.12131979085251628  0.13283737020659309  0.14645959320823504
  0.16016097088978451  0.17271279407439449  0.18572995803694786  0.19961264553268276
  0.21042482880456889  0.21891009611625725  0.22819754405083650  0.23653464877366023
  0.24515121571482781  0.25369531747463697  0.26170002732654973  0.26978195904348257
  0.27839097920057015  0.28727000299803540  0.29677616483539498  0.30611278835910533
  0.31531769524340386  0.32536363810632568  0.33611355492084877  0.34652544436745997
  0.35706498035443551  0.37140200084607355  0.38608042975414786  0.40054632796211964
  0.41502816338950527  0.42983217322208961  0.44549044315870989  0.45856106282661263
  0.46918890658622381  0.47881506441337646  0.48839791626955176  0.49808362464421480
  0.50775191334873571  0.51898723896472587  0.53149033133807699  0.54344278698184034
  0.55382728082553645  0.56336714075734939  0.57303937986819986  0.58260061326956725
  0.59180284182459075  0.60144482341070937  0.61087495415310789  0.62038866339798115
  0.62992079323267203  0.63943756139844932  0.64934278843589810  0.65908936979541133
  0.66992104170531086  0.68329492379419265  0.69720486105728741  0.71091519224010857
  0.72374798032857235  0.73503986412581046  0.74475176667560450  0.75409236880868724
  0.76367693554113558  0.77328408491120337  0.78266184068082412  0.79297199932642337
  0.80604525918415015  0.82027578031550941  0.83387019745684521  0.84739306672056014
  0.86162686609431505  0.87389988129614493  0.88414481974260406  0.89373388682082577
  0.90362971396664571  0.91387561790155702  0.92335796684848015  0.93182980313996266
  0.94018112995976677  0.94847985407737201  0.95689210329727092  0.96520004536827586
  0.97351085561323059  0.98197219927420087  0.99086946561707878  1.00000000000000000
   1.3230012860280511E-006  -1.0000000000000000     
 T T T T F F F F F F F F T T T T F F F F F F F F F F F F F F F F
  <DiscreteSampler_grid>
  grouped_processes
  1 # 1 for a reference and 2 for a running grid.
  10 # Attribute 'min_bin_probing_points' of the grid.
  1 # Attribute 'grid_mode' of the grid. 1=='default',2=='initialization'
  0.0000000000000000 # Attribute 'small_contrib_threshold' of the grid.
  0.5000000000000000 # Attribute 'damping_power' of the grid.
 # binID   n_entries weight   weight_sqr   abs_weight
    10   10   2.439003000202494E+007   5.948737734499352E+014   2.439003000202494E+007
  </DiscreteSampler_grid>
