 -0.00905880407437507  0.02276985501241423  0.04896151731507807  0.07536968469343491
  0.10030145949445139  0.12395703024523302  0.14500748577333636  0.16570571534144649
  0.18659377219354858  0.20750331943885436  0.22844270117567916  0.25112654425467895
  0.27367552672205708  0.29595805076065973  0.31808472852711611  0.34012055723092283
  0.36172755464393097  0.38328608315229451  0.40480322122960771  0.42622226061103868
  0.44753039718823739  0.46853893469016417  0.48944008487473806  0.51029177556286198
  0.53111092310993313  0.55183502370481585  0.57237593653132490  0.59273934217401503
  0.61299368316913594  0.63321315397758915  0.65320100880707610  0.67339137715553177
  0.69440993074305124  0.71540539524584945  0.73636121996827331  0.75691712346522644
  0.77712307228773525  0.79224811177651200  0.80668095990580546  0.82348130489696980
  0.82773223928726014  0.82868312180567827  0.82974576249044041  0.83275670286792847
  0.83595204606993623  0.83911264150207920  0.84226012675963635  0.84541052405667727
  0.84855973038586485  0.85171285774662020  0.85487371863040107  0.85803935259592734
  0.86120930037548149  0.86437937657262542  0.86755284249291642  0.87072874461908156
  0.87390543413400790  0.87708514889592060  0.88027494900288017  0.88346961670609681
  0.88665847429707501  0.88984295215231435  0.89303587489852265  0.89623457027729148
  0.89944024949597623  0.90264407816428116  0.90584616035829335  0.90905537230084477
  0.91226830896106170  0.91548120793812238  0.91869696253785471  0.92192130401830608
  0.92515426539867995  0.92838365154682623  0.93161017353300513  0.93483878217826510
  0.93807576594981135  0.94131178994568188  0.94455153979946616  0.94779654436522220
  0.95104729784934772  0.95429565723659815  0.95754515916937855  0.96079170328298591
  0.96404522823593097  0.96729955241026344  0.97055495010215198  0.97381107120801447
  0.97706604396436936  0.98032288158602621  0.98359281810172805  0.98687222854501255
  0.99014933049897580  0.99342643078875492  0.99670971955662946  1.00000000000000000
 -0.00239671198674351  0.00923926832167701  0.01845867254217160  0.02947217631210985
  0.04021021502959204  0.05038608430197974  0.06039696552838028  0.07086987860400124
  0.08128884565001915  0.09116540893194691  0.10065819289575940  0.11076407106106749
  0.12154747201681618  0.13294660471780681  0.14480347371298558  0.15658818147372899
  0.16805242142190158  0.17923977600012597  0.18972085766171279  0.19985445927027723
  0.21014080704905297  0.22074106464885862  0.23090563804150407  0.24045812778048906
  0.25006341448540931  0.26005303474537134  0.27006275336974772  0.28011529788423450
  0.29043787735491650  0.30284040236700183  0.31642611343077170  0.32955724107346496
  0.34179662027046542  0.35268052908687603  0.36311141727059837  0.37298575987813348
  0.38246011975531269  0.39165466440853891  0.40126279713628515  0.41188394997531913
  0.42353980461952428  0.43519787206780364  0.44541396683433199  0.45485904839097369
  0.46499236387691684  0.47550717375648227  0.48576053911214290  0.49586502094351337
  0.50676741728072539  0.51810410554338693  0.52864627833963174  0.53862064049809855
  0.54819035244740588  0.55759785777492499  0.56713096272823238  0.57697603087361360
  0.58726907957231300  0.59760809208419741  0.60891288908569563  0.62090876441422882
  0.63213835887213288  0.64290163547024770  0.65391874599388466  0.66521563842132370
  0.67704421262302683  0.68910095875509758  0.70117653023076354  0.71254479036885821
  0.72309848873799720  0.73347788554427718  0.74327913157265901  0.75384233525124256
  0.76463213473461267  0.77522052794439700  0.78504308175288307  0.79523511923315293
  0.80543091592729477  0.81520664381696029  0.82475503316525201  0.83433125607410652
  0.84386969764675201  0.85355559993094965  0.86367523747470454  0.87436821546027155
  0.88472774317432978  0.89511082587163437  0.90579979561159807  0.91667002219108895
  0.92715081392706922  0.93793022725602038  0.94916209156276610  0.95978621082980042
  0.96951701173313964  0.97927332878231366  0.98955559585045161  1.00000000000000000
   6.5074293745320415E-006  -1.0000000000000000     
 T T T T F F F F F F F F T T T T F F F F F F F F F F F F F F F F
  <DiscreteSampler_grid>
  grouped_processes
  1 # 1 for a reference and 2 for a running grid.
  10 # Attribute 'min_bin_probing_points' of the grid.
  1 # Attribute 'grid_mode' of the grid. 1=='default',2=='initialization'
  0.0000000000000000 # Attribute 'small_contrib_threshold' of the grid.
  0.5000000000000000 # Attribute 'damping_power' of the grid.
 # binID   n_entries weight   weight_sqr   abs_weight
    10   10   4.884258345611221E+007   2.386029954955173E+015   4.884258345611221E+007
  </DiscreteSampler_grid>
