 -0.00652527220225085 -0.00042571926391783  0.01047564187975138  0.03227448457654863
  0.05450549974787273  0.07699041160495673  0.09838507935398458  0.11873880889478554
  0.13752358866650322  0.15662872949007620  0.17566074588884198  0.19439545125889110
  0.21444988352914085  0.23493702854383819  0.25535411729655355  0.27578947167062257
  0.29624221684885899  0.31639835602134264  0.33648458011255217  0.35647067087548834
  0.37639952942001376  0.39628222352941767  0.41596434600994026  0.43563538688316800
  0.45537306113265236  0.47514255233861274  0.49494002701018686  0.51459969268961259
  0.53418368684060558  0.55355437646906280  0.57268670592821325  0.59160275192779699
  0.61043674318624086  0.62923502523404962  0.64785962952370113  0.66655733243882254
  0.68538755570522747  0.70444237518727626  0.72361939715183521  0.74345788316226658
  0.76333034509901698  0.78315271674208575  0.80247898656829875  0.82122274503258397
  0.83788313547660498  0.85442138112911881  0.87349932566739741  0.87822706457689659
  0.87886703745147343  0.87958423994525325  0.88178743533606296  0.88445236373548941
  0.88701571922969380  0.88961566376528622  0.89223840604435989  0.89481897986091807
  0.89739393018227775  0.89999323990759383  0.90263199151300977  0.90523986633281461
  0.90781060410498859  0.91038608821558875  0.91295161277568149  0.91552903976633782
  0.91813244860047205  0.92074029940091495  0.92337164175629183  0.92600798001618045
  0.92861484554231055  0.93119000088968717  0.93377616735606239  0.93635700843470793
  0.93896558958621323  0.94159279447741395  0.94421699324164399  0.94686856427724631
  0.94954334516788375  0.95222127161012715  0.95485107961732396  0.95743567181972589
  0.96006611826347776  0.96271334042265799  0.96535487037288525  0.96801538960704281
  0.97069520572826162  0.97335677318798119  0.97598458033736590  0.97860231344063253
  0.98121957412826821  0.98384659219529758  0.98649680858359357  0.98920603924392425
  0.99196756969522026  0.99468326712469357  0.99734614161708257  1.00000000000000000
 -0.00405024295208074  0.01441185946657151  0.02524769956733121  0.03438829828374416
  0.04327724299244644  0.05231742837899037  0.06131671595572287  0.07113312750851838
  0.08208917343929738  0.09663263061002193  0.11076908916913546  0.12320559716563545
  0.13586105890787722  0.14921019245626874  0.16304083941358707  0.17456694564015574
  0.18413398684795323  0.19308305321664257  0.20158095676675788  0.20959469083308502
  0.21750198160438303  0.22595002067999209  0.23480945809868714  0.24380376931310110
  0.25203212132296443  0.25915491024225895  0.26664762686041688  0.27555531347010576
  0.28719820949328323  0.29825468545894651  0.30719354909487817  0.31752667757220931
  0.32890797942463806  0.33997388255153593  0.35090689778179446  0.35960345014829248
  0.36763177691619714  0.37757469297513030  0.38614443116309016  0.39480156935413480
  0.40360563769078794  0.41236802518210114  0.42127367917531283  0.42983609502285375
  0.44023667019162271  0.45434769969318600  0.46841225832913985  0.48143265243019051
  0.49364570543295744  0.50566120760167454  0.51791658918198702  0.53035666789517422
  0.54336792893827690  0.55586255562180820  0.56989424019069557  0.58452877433474482
  0.59891240674903823  0.61277109807757246  0.62578224379617475  0.63817002238799247
  0.64957835564605226  0.65858195477565895  0.66893991903262962  0.67897052439982641
  0.68854427998560064  0.69826877803168963  0.70957351242490097  0.72387728058892264
  0.74057902077148186  0.75349087163786255  0.76533368503643340  0.77537565878156856
  0.78418459210633673  0.79265604688903657  0.80106032266179017  0.80889359728032617
  0.81684402888236407  0.82518468378437182  0.83435617993780209  0.84434895329187976
  0.85449058543398360  0.86242534103670920  0.87035919939065831  0.87789332229044248
  0.88570374623059400  0.89408905381849646  0.90317258528792121  0.91151214881516274
  0.92328679951442771  0.93685455434376375  0.94962506206088215  0.96121774430547680
  0.96963143326639045  0.97906958871349403  0.98903442625574833  1.00000000000000000
   3.0882121848942103E-005  -1.0000000000000000     
 T T T T F F F F F F F F T T T T F F F F F F F F F F F F F F F F
  <DiscreteSampler_grid>
  grouped_processes
  1 # 1 for a reference and 2 for a running grid.
  10 # Attribute 'min_bin_probing_points' of the grid.
  1 # Attribute 'grid_mode' of the grid. 1=='default',2=='initialization'
  0.0000000000000000 # Attribute 'small_contrib_threshold' of the grid.
  0.5000000000000000 # Attribute 'damping_power' of the grid.
 # binID   n_entries weight   weight_sqr   abs_weight
    10   10   2.699603375348377E+007   7.287985302569516E+014   2.699603375348377E+007
  </DiscreteSampler_grid>
