 -0.00324110029678118  0.00900035583490603  0.02204332027822076  0.03547774246957834
  0.04892602430445922  0.06225661450739404  0.07562563070409063  0.08901889204257134
  0.10242002699712899  0.11512944844921676  0.12719362506720613  0.13902941959055165
  0.15098661182391118  0.16321667351429148  0.17522823047608468  0.18700641595578255
  0.20038189795865544  0.22076039724776550  0.24044177914715270  0.25959939346998190
  0.27872066959388353  0.29791059555166538  0.31768454715674810  0.33726593226343049
  0.35661019652552706  0.37566275603338461  0.39457973125269430  0.41306098470506386
  0.43160998091185393  0.45027161381407821  0.46888863045802509  0.48748385804902455
  0.50616042610296919  0.52483293342001081  0.54348255978537297  0.56206846551807110
  0.58060457865739501  0.59886170850766918  0.61706767248226591  0.63523507008347158
  0.65340732293556292  0.67158660452289298  0.69001369815281632  0.70855532715217773
  0.72701378446423492  0.74552735971403206  0.76418456673995849  0.78252818304233551
  0.80066824593889396  0.81836082643501928  0.83624336483216388  0.85532032165469962
  0.87502007956794436  0.89584000501313088  0.91304126826431797  0.92666017618226515
  0.93135329494997976  0.93365407910191689  0.93398952248852340  0.93498269765794106
  0.93674042634691457  0.93851132039145979  0.94029080538535725  0.94206291883067050
  0.94385374133094346  0.94564854416341604  0.94741512868668976  0.94917109962141100
  0.95096925143082989  0.95277810600869794  0.95458407966557657  0.95638632426219294
  0.95817343520580134  0.95996174513548349  0.96175913182305206  0.96355273163207633
  0.96532981102519466  0.96711968904493950  0.96894286623234605  0.97075995483058175
  0.97258290488899746  0.97438388527723929  0.97617758853787728  0.97798686272259538
  0.97982891465949873  0.98166499590381417  0.98350555631198044  0.98535042348986979
  0.98716610172990893  0.98898383386905864  0.99082596317875105  0.99265643057921371
  0.99449679521911993  0.99633410450040583  0.99818019504808353  1.00000000000000000
 -0.00368511874778382  0.01250784374194209  0.02605517543533167  0.03940486622579514
  0.05242666166543251  0.06465247313349136  0.07658360433474087  0.08891690596987507
  0.10190292355747081  0.11498946150763677  0.12891685638473036  0.14244700515806621
  0.15585475042927946  0.16967510302982444  0.18447965531001345  0.20008880162455012
  0.21320342355692642  0.22390947527746233  0.23410025197630835  0.24438104588136259
  0.25399516718504150  0.26734053149398301  0.28162287923959978  0.29551404226159644
  0.30865536735423249  0.32107644302389216  0.33370777068854213  0.34721201732414808
  0.35927015426191239  0.36771950401698783  0.37588684640875181  0.38327169490580426
  0.39069777420282958  0.39812467744862601  0.40505418233222440  0.41164906497770021
  0.41882173578775228  0.42600421476416533  0.43302130440691161  0.44108997972851782
  0.45415790103391357  0.46750850479171502  0.47997163042184054  0.49238606068239782
  0.50451982776565807  0.51817066939876688  0.53198829314558627  0.54587327902205574
  0.55932806648281796  0.57199587785528838  0.58525496777601893  0.59768696549628475
  0.60739170193137382  0.61525337812920966  0.62270591821194976  0.62923930408521744
  0.63540887235217403  0.64337213632822654  0.65071310323274834  0.65752342203660075
  0.66467256172761413  0.67207513097237115  0.67926698645260652  0.68620913018997309
  0.69375394814281377  0.70160773158883105  0.70939177405224330  0.71732047392608134
  0.72540733282002323  0.73362663569777287  0.74167391101394509  0.74949263010465239
  0.75739391772294606  0.76581949269083116  0.77340708753937426  0.78028129593393292
  0.78727564044703513  0.79480703567565014  0.80304102968111546  0.81103675373784778
  0.81819478856053707  0.82507892772408820  0.83204498250861825  0.84258404461678382
  0.85648323524393333  0.87099802772604074  0.88539864325222029  0.89832204792253023
  0.91094081918197267  0.92391870453498670  0.93731491667786393  0.95055761898103253
  0.96326983592547144  0.97564348964280601  0.98790057113842700  1.00000000000000000
   2.3857355559629759E-005  -1.0000000000000000     
 T T T T F F F F F F F F T T T T F F F F F F F F F F F F F F F F
  <DiscreteSampler_grid>
  grouped_processes
  1 # 1 for a reference and 2 for a running grid.
  10 # Attribute 'min_bin_probing_points' of the grid.
  1 # Attribute 'grid_mode' of the grid. 1=='default',2=='initialization'
  0.0000000000000000 # Attribute 'small_contrib_threshold' of the grid.
  0.5000000000000000 # Attribute 'damping_power' of the grid.
 # binID   n_entries weight   weight_sqr   abs_weight
    10   10   2.650501862781328E+007   7.025287727150908E+014   2.650501862781328E+007
  </DiscreteSampler_grid>
