 -0.00626659043038568  0.00110377300208054  0.01131791279569814  0.02940613047363846
  0.04755572636342040  0.06576195266935828  0.08355920019132045  0.10112884984050646
  0.11707001734168647  0.13318295835616992  0.14955632227263704  0.16589724999431205
  0.18237564250214694  0.19973614799913389  0.21720139375868497  0.23477016986087587
  0.25225788121725407  0.26972749332981943  0.28718459732547391  0.30462808466117142
  0.32205745872421560  0.33941525858338012  0.35672370291321581  0.37381711848467880
  0.39078605281746759  0.40759743190649006  0.42464269300778490  0.44177842333776368
  0.45904875474529222  0.47663274787332416  0.49457635803499411  0.51255065462083216
  0.53050605478469515  0.54836816253555365  0.56644491938358221  0.58468192040909417
  0.60294785882998181  0.62116537544974559  0.63923433291451648  0.65772545921430547
  0.67653255606103857  0.69570926353235485  0.71493795373426716  0.73418666700831337
  0.75434142713640417  0.77529938222782291  0.79690425561940004  0.81857057143202272
  0.83992362919660968  0.85554545881814970  0.86805959740579386  0.87855655727141391
  0.87887716720270714  0.87961547086740266  0.88182308849721547  0.88459869241266076
  0.88733051504720817  0.89004658032572093  0.89280442997332565  0.89557212009996068
  0.89834177700842055  0.90113356779451992  0.90391577651883759  0.90671280270496379
  0.90952974079287252  0.91234924645024751  0.91510787529930904  0.91788291526883992
  0.92070891789822107  0.92356450093978271  0.92645678278503119  0.92934049676246289
  0.93223893970978078  0.93506779913760196  0.93788650375286942  0.94077113328276762
  0.94362365570408879  0.94649868501865020  0.94939932182833009  0.95228478472843014
  0.95518911021030373  0.95810637586031033  0.96102122087918007  0.96395536186472652
  0.96692222460373389  0.96986423343607930  0.97280860086222609  0.97579483472398088
  0.97879910347293508  0.98175724860859936  0.98475851950709359  0.98783366096862768
  0.99092323368646440  0.99394949869364846  0.99696671425220096  1.00000000000000000
 -0.00221011504000412  0.00929352271717861  0.01876819384149336  0.02836987911241175
  0.03740929434358985  0.04597496108475799  0.05479950150813147  0.06499400754251855
  0.08188905872755585  0.09211667834871239  0.10070391139090787  0.10901115999376594
  0.11724817426560787  0.12609609346609543  0.13498117685479766  0.14389321346397624
  0.15625230859129843  0.17070834257829412  0.18635980380819983  0.20155435022379672
  0.21441756916267332  0.22486431913619070  0.23346015289584054  0.24131513782509562
  0.24958759138459521  0.25725923818070850  0.26575961372852502  0.27422258058166016
  0.28197580912812242  0.28954233625275450  0.29735264003927392  0.30519574723387494
  0.31319531185615540  0.32254354869218382  0.33279423032062999  0.34355929858421913
  0.35482644759919069  0.36514061267684728  0.37506422746861318  0.38560207864530166
  0.39716003957650092  0.41267565525047045  0.42792551408451424  0.44198583860651725
  0.45597900308065964  0.46614785733999986  0.47606306762301814  0.48608887513840227
  0.49594847745419779  0.50472630446690681  0.51366489438182605  0.52363371802309067
  0.53719103900942522  0.54855019850523057  0.55749882565998210  0.56895291676085580
  0.58299314439497196  0.59714823925921190  0.60950622669642629  0.61970507049073698
  0.62908681399745903  0.63846819207632866  0.64734269068289674  0.65605316326432428
  0.66516420118776709  0.67550248156667436  0.68615114674976374  0.69520107259283748
  0.70462594302553805  0.71514662427943820  0.72706631471850625  0.73974040103658745
  0.75353646473381153  0.76803350130746784  0.78242115357327213  0.79636263293929288
  0.81141797155156781  0.82937283541280160  0.83967020428267602  0.84788063499405886
  0.85630356754746539  0.86588619285697477  0.87554289739850988  0.88393471218842712
  0.89124853566580942  0.89945651877383259  0.90860466348760960  0.91856632337084310
  0.92753492576864405  0.93804237738714080  0.95059677481239269  0.96291417685965253
  0.97330908875233357  0.98325762969658315  0.99197002013016333  1.00000000000000000
   2.8095531218559017E-005  -1.0000000000000000     
 T T T T F F F F F F F F T T T T F F F F F F F F F F F F F F F F
  <DiscreteSampler_grid>
  grouped_processes
  1 # 1 for a reference and 2 for a running grid.
  10 # Attribute 'min_bin_probing_points' of the grid.
  1 # Attribute 'grid_mode' of the grid. 1=='default',2=='initialization'
  0.0000000000000000 # Attribute 'small_contrib_threshold' of the grid.
  0.5000000000000000 # Attribute 'damping_power' of the grid.
 # binID   n_entries weight   weight_sqr   abs_weight
    10   10   1.864056989077090E+007   3.478355641693605E+014   1.864056989077090E+007
  </DiscreteSampler_grid>
