 -0.00281464848193572  0.00749738753704237  0.01958551026234294  0.03245756769496252
  0.04557629803038348  0.05872007712464671  0.07158811741661925  0.08217068152035197
  0.09327049876124552  0.10447521809947313  0.11563032158855693  0.12689618984473000
  0.13830372467806848  0.14993921684930997  0.16178750107897286  0.17351614452446207
  0.18523380076345092  0.19710579573963749  0.20899517579141455  0.22089486910329881
  0.23280311753932459  0.24469522350390857  0.25654235850762619  0.26835013131305285
  0.28009113272187458  0.29187629638036594  0.30372847465403174  0.31559514515669751
  0.32743459534976554  0.33921277233612607  0.35091212964723634  0.36256138223548617
  0.37428162754577499  0.38604658904233541  0.39788329474897893  0.40973193158979465
  0.42155259272294932  0.43335248798982950  0.44515917272313538  0.45694817728158282
  0.46873792440044526  0.48053994840758274  0.49234163916662105  0.50414165918728571
  0.51598245810171628  0.52788754806382410  0.53975725605288449  0.55150696110017516
  0.56329137336400636  0.57503125626507401  0.58673968559830914  0.59839325415344524
  0.60998552014864260  0.62154288664723412  0.63301801816835401  0.64446943781727795
  0.65593531369162561  0.66750417362186143  0.67907122304530121  0.69061646994297243
  0.70216536471757085  0.71371016014597188  0.72522277296897397  0.73670431952005710
  0.74826319543636721  0.75986413518197016  0.77150207469084164  0.78314750843423298
  0.79479768965208442  0.80648641215285810  0.81819533357062635  0.83007648227466169
  0.84190891514759592  0.85373238151035824  0.86555488552348259  0.87741341204883061
  0.88935836372305355  0.90139040746804311  0.91337600231871063  0.92534291298499149
  0.93736145509201707  0.94898731366470568  0.96029411935353359  0.97196521792951529
  0.98417166204017659  0.99185684807567653  0.99370288735957313  0.99416126452485620
  0.99489285540196193  0.99562427043533197  0.99634998252271234  0.99707707571973059
  0.99781008479201816  0.99854041930872928  0.99927162780488887  1.00000000000000000
 -0.00356729605868673  0.01162922226995603  0.02462162861300164  0.03564866081048929
  0.04571070329770365  0.05600162879095208  0.06622960517437680  0.07597658085198782
  0.08580207537213703  0.09580896524389704  0.10657720996225890  0.11646409946938327
  0.12921346040022400  0.14307505036157342  0.15398059928940219  0.16307050121631897
  0.17249116069743214  0.18213063615803216  0.19196763476971032  0.20036537358820516
  0.21153623198568491  0.22436293859039363  0.23615808737573138  0.24664497179154657
  0.25715762202267695  0.26790900728984429  0.27864927206031803  0.28936305174092369
  0.29979068927291813  0.31009275431124200  0.32047490672527557  0.33080179779687774
  0.34055565886489897  0.35031029185617973  0.36190174943582809  0.37559122230599085
  0.39047283212537987  0.40573089632759235  0.41713245976642932  0.42582932843009108
  0.43506010966755382  0.44412894401877945  0.45287571295286477  0.46201772748148928
  0.47143492505348022  0.48106611502627517  0.49164663838645417  0.50299275245862496
  0.51646657258906292  0.53456806555552427  0.54569283665111223  0.55552660167669587
  0.56533802979006464  0.57448784485220905  0.58432123434403505  0.59388703797096198
  0.60310445254770617  0.61245289079261844  0.62220545326438037  0.63296156888914090
  0.64464698333171533  0.65600674534099213  0.66687695604180564  0.67764373729938643
  0.68854315646365127  0.69950087101857084  0.71012768417262906  0.72067121608388063
  0.73121925325161141  0.74189148221541668  0.75235664786310075  0.76270887789527564
  0.77308860241409605  0.78374760811615862  0.79461932079575182  0.80530489251435067
  0.81563667411228458  0.82559935287745634  0.83590569777195745  0.84507519910349160
  0.85382313432088996  0.86291316552671538  0.87231814884935988  0.88195172271589306
  0.89170811768212033  0.90162202639863576  0.91165280938464965  0.92178765021273990
  0.93200036325826663  0.94203408632738117  0.95194926922858869  0.96187366419573883
  0.97175165379319051  0.98142260574121953  0.99069285217428449  1.00000000000000000
   6.7260785155519105E-006  -1.0000000000000000     
 T T T T F F F F F F F F T T T T F F F F F F F F F F F F F F F F
  <DiscreteSampler_grid>
  grouped_processes
  1 # 1 for a reference and 2 for a running grid.
  10 # Attribute 'min_bin_probing_points' of the grid.
  1 # Attribute 'grid_mode' of the grid. 1=='default',2=='initialization'
  0.0000000000000000 # Attribute 'small_contrib_threshold' of the grid.
  0.5000000000000000 # Attribute 'damping_power' of the grid.
 # binID   n_entries weight   weight_sqr   abs_weight
    10   10   1.525857451157834E+008   2.328240975634344E+016   1.525857451157834E+008
  </DiscreteSampler_grid>
