  0.00724856056919447  0.01553755092827054  0.02654963676352877  0.03813135383311243
  0.04882568074967329  0.05967799527703580  0.07082914037493628  0.08269881473113141
  0.09320157507676131  0.10380479222078132  0.11449542749131428  0.12498061607545939
  0.13520151908791966  0.14537967828054715  0.15654036504630534  0.16800975277548233
  0.17926204746152330  0.19036654376815876  0.20195933735195160  0.21334984051612038
  0.22454711755155660  0.23575709797515837  0.24696785164212331  0.25791993659293871
  0.26860031177407800  0.27892118054103604  0.28905243138121867  0.29863502375964840
  0.30826773826457476  0.31819761863581741  0.32831488624194166  0.33823631528518444
  0.34784999277270728  0.35719455004726530  0.36647156610829279  0.37568537691091886
  0.38518604730982015  0.39521825069117739  0.40625201087151708  0.41793571701720683
  0.42943122592284866  0.44030674563479244  0.45059477918398694  0.46100461106586005
  0.47137109124379045  0.48177350807357655  0.49165450719804527  0.50165694271579075
  0.51215565469214586  0.52293553359822231  0.53387026407737059  0.54420414974648446
  0.55482792463853448  0.56544865407932032  0.57625877246579171  0.58722918866261575
  0.59709560602753586  0.60724443580925025  0.61767934349647813  0.62825599683152455
  0.63864806085487247  0.64876443213448320  0.65934395280562186  0.66997635893626184
  0.68040173800459103  0.69056409876040037  0.70040579723268159  0.71052058528591977
  0.72062744773666887  0.73067308346810456  0.74036962742135570  0.74977504839064379
  0.75946883656018638  0.76938116945913748  0.77997892228910015  0.79102401357543062
  0.80207865328321970  0.81327708605374727  0.82454760157803808  0.83528719924145134
  0.84537810869712471  0.85544450129541050  0.86590649314303136  0.87640921535480276
  0.88641801079215332  0.89624485409193677  0.90638975268419963  0.91650908557653954
  0.92675502921043407  0.93688322365687315  0.94716631861272760  0.95747794939998043
  0.96802768338406608  0.97890622865729071  0.98950660759284248  1.00000000000000000
  0.00708706151224190  0.01629479677398632  0.02811533096501410  0.04024730593177100
  0.05191864661935008  0.06349566312165110  0.07597477985862022  0.08743415356220996
  0.09813947868500705  0.10847133152326309  0.11937702812409971  0.13030316431558478
  0.14181420696025160  0.15302694226227723  0.16432385557141244  0.17538972398107058
  0.18603695398827991  0.19599751023340550  0.20558876541908211  0.21539540241447674
  0.22548356840233993  0.23603380410679844  0.24718925449114279  0.25880669293375652
  0.27041842500386398  0.28233173207057483  0.29371325398084486  0.30409849928696603
  0.31449666885389255  0.32505991585389699  0.33548895199430717  0.34526638577713908
  0.35507482007875329  0.36545019540429197  0.37581390912688867  0.38592771612415733
  0.39617155117197944  0.40681264822258989  0.41735674737430517  0.42806981966325613
  0.43910155434836506  0.45033353955117122  0.46141978075490508  0.47206802796913244
  0.48216612420246091  0.49178136550374274  0.50147024157343734  0.51094837179397801
  0.52051485266942743  0.53000406634351926  0.53932225493207719  0.54892305503904204
  0.55909257399596435  0.57016713886806214  0.58174633390953012  0.59240000712977192
  0.60258484491259823  0.61314827813564643  0.62313681581038549  0.63265765908798854
  0.64196921228874904  0.65163176838246117  0.66197373384839231  0.67251963555505179
  0.68310714200898859  0.69336911014864744  0.70384257968327057  0.71461132650048442
  0.72545692289784125  0.73594767268147332  0.74594362109574186  0.75554597359186670
  0.76487567901305764  0.77452706020121576  0.78496953025436067  0.79530914570801736
  0.80568884494056858  0.81623785537172755  0.82731577615000840  0.83829185325560929
  0.84916821932620234  0.85906789733496902  0.86845463784583043  0.87778978850098677
  0.88691254455376178  0.89548188757212488  0.90440918882037513  0.91314830114620837
  0.92240414736073306  0.93175331895128899  0.94166975568682554  0.95272254663710876
  0.96287860076583909  0.97234716722721914  0.98203164135709653  1.00000000000000000
 -0.00982901637566383 -0.00287749586013754  0.01010359175735832  0.03885367967842310
  0.06780059047432038  0.09691864070446754  0.12247784980071975  0.14702983967694561
  0.17044982360879757  0.19385191007399186  0.21723951392092949  0.24196592030400524
  0.26706318553230107  0.29280077545396477  0.31832872901908632  0.34374974658971735
  0.36842068047936910  0.39297944528917389  0.41729092365551695  0.44139182156709944
  0.46533373468125860  0.49112711338987319  0.51734170420255099  0.54424013505267033
  0.56932800622687363  0.59059567671847302  0.60723492827813097  0.62022512717049949
  0.62718279255354425  0.62869252490854133  0.63286260871752376  0.63838031291435238
  0.64372444192230938  0.64906983238863147  0.65439540958390696  0.65972563102053217
  0.66508422710179338  0.67050097276771492  0.67594882283144575  0.68138339815503379
  0.68679361734164035  0.69219268680038604  0.69763243744459880  0.70313214043214589
  0.70860755284665033  0.71405577243076868  0.71950303029599594  0.72498704854601148
  0.73048833355127496  0.73600757691723750  0.74155509086749249  0.74714346000747667
  0.75275753335949092  0.75838207157654469  0.76398243249223119  0.76953754625998183
  0.77509800692732000  0.78067500320203831  0.78627459845718850  0.79188825990035672
  0.79749756081522072  0.80309437832942288  0.80868824034446218  0.81430636079351837
  0.81996997986098863  0.82566306291962310  0.83135681560876673  0.83707151434910965
  0.84282741293066743  0.84856611946470195  0.85428082540265293  0.86002361798721361
  0.86578813819210310  0.87155919021428829  0.87738400488296375  0.88319965814753298
  0.88899021407880863  0.89480015424833859  0.90061977117695746  0.90640925599345135
  0.91221147251691215  0.91800986391496264  0.92378963686476312  0.92959131941121220
  0.93544699001814313  0.94129680677314653  0.94715528179522734  0.95302066708892852
  0.95888613924155264  0.96474742283379145  0.97062582441105683  0.97650859570006621
  0.98239172496548588  0.98828322148696190  0.99416014685308940  1.00000000000000000
 -0.00251809926528330  0.00968646436653442  0.01987871088510483  0.03020970285160562
  0.04031303520761059  0.05000782019240380  0.05968964001758008  0.06978143134556948
  0.07961503370075010  0.08933999342655155  0.09907675064756991  0.10995145527413841
  0.12187940061861186  0.13419545580910608  0.14597752760660587  0.15698393312806380
  0.16782748695712443  0.17855107932012368  0.18967219013438594  0.20129505565274769
  0.21261551086551811  0.22371542853721463  0.23375503903972936  0.24378782336055968
  0.25385993185164019  0.26333282394831808  0.27279891769531700  0.28257753218512621
  0.29232344396742010  0.30233945157648301  0.31223429673213543  0.32302376293286550
  0.33362823871075403  0.34501525991503718  0.35667589145584633  0.36843324748247663
  0.38003571094982380  0.39153170656555264  0.40223731261744960  0.41251364139317581
  0.42247414065544625  0.43250412749145728  0.44259967925868599  0.45251566579863001
  0.46257687102210415  0.47259124319690621  0.48230923645308360  0.49240472395124635
  0.50260993536536336  0.51259996698658117  0.52290473835861873  0.53322032420452004
  0.54352497505716768  0.55342578603032377  0.56334717071792095  0.57347745229816816
  0.58350513337217769  0.59319332990914098  0.60339273517906511  0.61405930023429367
  0.62466995410018389  0.63514937755212497  0.64581831695229852  0.65677541946361950
  0.66775188832625731  0.67832338445195328  0.68831158556607730  0.69783735765945820
  0.70721182103689184  0.71706883986185488  0.72743052306216949  0.73826224538058771
  0.74924344478712923  0.75995563060044424  0.77059795401373210  0.78146828251508016
  0.79221641731990078  0.80251250533646679  0.81288288531844621  0.82372627550531829
  0.83481756012541919  0.84588711084721713  0.85686778382448625  0.86791294937716690
  0.87894588913363869  0.88973775600313421  0.90060817009397631  0.91146034443169111
  0.92267115942880373  0.93429769230017146  0.94613595749920687  0.95756570897239013
  0.96831953514864466  0.97856015394719964  0.98918181419725126  1.00000000000000000
 -0.00245360749136596  0.00863492099421946  0.01811211587103002  0.02727579296023632
  0.03647279392983252  0.04599848082209913  0.05555435875554155  0.06513618637173808
  0.07486603431716300  0.08521245366303713  0.09613011622592281  0.10679107113031297
  0.11699582350415946  0.12734202302763986  0.13819339620253523  0.14899096333331119
  0.15904385472260518  0.16877863785147956  0.17903707728455395  0.18979690188509921
  0.20090400363297500  0.21200283773949608  0.22276470498806544  0.23339274288929107
  0.24354216508962637  0.25431713663785815  0.26510271871927976  0.27614657309430468
  0.28726489722140580  0.29836652026846766  0.30973752509808034  0.32132268007447412
  0.33245501087869828  0.34287041233877780  0.35300640350159807  0.36331043651173101
  0.37387283453862297  0.38429063073294428  0.39471098527422299  0.40528596764339331
  0.41585047924255164  0.42643156816985045  0.43701725893831517  0.44788439497069649
  0.45884187883959060  0.46982475393624806  0.48079290627025145  0.49087858968264703
  0.50080267802997336  0.51105066103333696  0.52182160655255649  0.53272148707157230
  0.54305177142035199  0.55307842329161616  0.56304473039769698  0.57312380354627890
  0.58326185793743490  0.59329445195202668  0.60313969363353059  0.61269377939158287
  0.62220186870260441  0.63189515627143222  0.64198402905308549  0.65257629800583594
  0.66309290693876533  0.67374578933816498  0.68421113112895660  0.69429133151689415
  0.70406657630173108  0.71463864728553972  0.72571645320539591  0.73639526718421289
  0.74667056672563514  0.75755952396377535  0.76871809855519335  0.77891957846028759
  0.78840347790931264  0.79808881350915550  0.80826107327003016  0.81842965369950271
  0.82840750234385341  0.83864521308323658  0.84953236524607323  0.86071058985407223
  0.87216002992824104  0.88378373847279501  0.89536837760197252  0.90678422350880061
  0.91778585917986821  0.92857348587346955  0.93937942231395688  0.95032339700442303
  0.96164298836157169  0.97319079388200436  0.98617509666677894  1.00000000000000000
 -0.00265580002302442  0.01059245388911928  0.02128622220417704  0.03219659845085232
  0.04336787557044158  0.05473462427067134  0.06594102989523837  0.07649443613152125
  0.08729096131368390  0.09793470638411478  0.10832060200803349  0.11807580828530209
  0.12842832935571982  0.13936159923916538  0.15008251305261805  0.16031001299770603
  0.17034241117126303  0.18034736670588669  0.19037985821283343  0.20013934631512714
  0.21039969060868124  0.22075921408145829  0.23119734188114249  0.24136997648825001
  0.25174500112184373  0.26308168256047598  0.27484973735844598  0.28623778466210842
  0.29750384415624692  0.30853077250345257  0.31927283508684301  0.32937588244686067
  0.33958706690216450  0.35006898549757981  0.36073851283410124  0.37084288245061658
  0.38096072775924250  0.39103077052932556  0.40111830339635657  0.41128807742661261
  0.42204103407802795  0.43392970226935673  0.44536901041534116  0.45639749453865652
  0.46732179090530540  0.47839276829021338  0.48931644779650058  0.50056731448758973
  0.51223796219685602  0.52375534090243769  0.53479371152012001  0.54543727156211896
  0.55600733461931939  0.56673234979392584  0.57773791664788532  0.58879507218736504
  0.59994114160461276  0.61157012312454984  0.62345362926015602  0.63486026363933767
  0.64565104146991148  0.65608548246542797  0.66615961351640263  0.67597802538625185
  0.68603042377298384  0.69678404382677239  0.70785342686081310  0.71926529928605931
  0.73062044728705455  0.74150562761398231  0.75183813232538121  0.76185352928201133
  0.77166874763926252  0.78155370452872985  0.79173303832598951  0.80239716321042176
  0.81310592122272363  0.82335130935208867  0.83340957796114878  0.84301645414387405
  0.85235676643445757  0.86189779247616150  0.87198775120485161  0.88317804302698133
  0.89443568988795097  0.90501761155623295  0.91503025226593715  0.92470408287599848
  0.93426654073797699  0.94350717744013124  0.95283212450019961  0.96212851242961217
  0.97143347175115280  0.98045724104948206  0.98990720226329265  1.00000000000000000
 -0.00308864244685440  0.01363858123292200  0.02800262267412132  0.04327619474761263
  0.05785051917229581  0.07149460236076510  0.08465867941366670  0.09827056444285164
  0.11258702817175924  0.12721278591637625  0.14177350049430298  0.15620058224646666
  0.17040074994045071  0.18436515404353271  0.19857339275109973  0.21241464853075484
  0.22552748463871594  0.23851151213903959  0.25125227305041120  0.26356089820874590
  0.27554480180331714  0.28728961376654538  0.29862292739205226  0.30994937026242264
  0.32067059923624985  0.33151938331614900  0.34206432105809204  0.35210985583795140
  0.36196834245427939  0.37214714949399730  0.38295279909394586  0.39409128169746804
  0.40523113782894449  0.41633193777054878  0.42727664708951407  0.43860168202461358
  0.45027433344831103  0.46117938352725074  0.47123643463682646  0.48147700635553115
  0.49204289528454381  0.50250998997768737  0.51273054270672824  0.52328966984248138
  0.53421811270867736  0.54515928726694562  0.55616336411604295  0.56768866406609708
  0.57950058898736867  0.59069242803458266  0.60121810904666728  0.61159715439432272
  0.62177801599076221  0.63237854974085683  0.64324593839253741  0.65423727778369578
  0.66485545150118552  0.67456885704616465  0.68426013744995551  0.69320687393749603
  0.70225225630003907  0.71108999317748578  0.71995437712218102  0.72889339095222427
  0.73740904776673866  0.74578020059714456  0.75413867668135981  0.76253096719619995
  0.77145838677291523  0.78102226021233689  0.79089107187062946  0.80081164646670822
  0.81058014217141017  0.81994990046691374  0.82924783323137974  0.83833977373384749
  0.84719287642684404  0.85580827470382681  0.86383512841897403  0.87199737690076873
  0.88008441313111774  0.88810012116683024  0.89609612446850284  0.90394100330761629
  0.91169779168796905  0.91956616511350087  0.92775509561164848  0.93629060842504053
  0.94498363846092226  0.95366788108043787  0.96185377659767213  0.96962217564153252
  0.97722357622622946  0.98466003453528161  0.99247640948848559  1.00000000000000000
 -0.00232366629956213  0.00886114985460748  0.01870035053760205  0.02874691289539858
  0.03891697621177129  0.04822778754572066  0.05733644595973311  0.06645135192050657
  0.07585174797586000  0.08543950911536828  0.09543256710145664  0.10588519036081170
  0.11717652743211794  0.12810127208342512  0.13802223323580787  0.14754416087330216
  0.15692620197084775  0.16648684146911383  0.17594863526189641  0.18505441347214821
  0.19434012254934688  0.20393183874131879  0.21381245190087256  0.22382256361112182
  0.23394867948840944  0.24470265055588558  0.25623602009933449  0.26859445538375576
  0.28101527852420044  0.29309343529654336  0.30533493663374200  0.31710235498012190
  0.32888428318475216  0.34014794769706824  0.35116911108603693  0.36167802113272446
  0.37197795843304760  0.38257397583018726  0.39320241819118923  0.40263827350727532
  0.41183600665993259  0.42134480881348368  0.43117787731536933  0.44117578297811627
  0.45074948794235686  0.46065336598090900  0.47174151591046731  0.48293374661043570
  0.49391118504923870  0.50460873046170618  0.51526391654998149  0.52597809000051932
  0.53705815854507288  0.54917138251934894  0.56166990683218609  0.57369654761122135
  0.58489201993171358  0.59559533128880415  0.60615701371481345  0.61675989726019165
  0.62720928394305553  0.63748297688982125  0.64785064767384437  0.65835526082152784
  0.66849367340127253  0.67833555556559844  0.68844199970979136  0.69950060620599697
  0.71041980738973520  0.72096523070032270  0.73199738888159271  0.74383038982493488
  0.75631043828814970  0.76871064637543696  0.78036322097140687  0.79152369014839297
  0.80238255132942193  0.81316967748734414  0.82366086921979098  0.83395798344510152
  0.84438887529867956  0.85503139366366687  0.86609789454594877  0.87712343846905860
  0.88745171935526512  0.89712528652094159  0.90644052314726575  0.91578331608783670
  0.92568784017528138  0.93569005944165917  0.94628862330908159  0.95688447148095457
  0.96780739448923325  0.97872413906344702  0.98943052751348437  1.00000000000000000
   1.5596168929144156E-006  -1.0000000000000000     
 T T T T T T T T T T T T T T T T T T T T T T T T T T T T T T T T T T T T F F F F F F F F F F F F F F F F F F F F F F F F F F F F F F F F F F F F F F F F F F F F F F F F F F F F F F F F F F F F F F F F F F F F F F F F T T T T T T T T T T T T T T T T T T T T T T T T T T T T T T T T T T T T F F F F F F F F F F F F F F F F F F F F F F F F F F F F F F F F F F F F F F F F F F F F F F F F F F F F F F F F F F F F F F F F F F F F F F F F F F F F F F F F F F F F F F F F F F F F F F F F F F F F F F F F F F F F F F F F F F F F F F F F F F F F F F F F F F F F F F F F F F F F F F F F
  <DiscreteSampler_grid>
  grouped_processes
  1 # 1 for a reference and 2 for a running grid.
  10 # Attribute 'min_bin_probing_points' of the grid.
  1 # Attribute 'grid_mode' of the grid. 1=='default',2=='initialization'
  0.0000000000000000 # Attribute 'small_contrib_threshold' of the grid.
  0.5000000000000000 # Attribute 'damping_power' of the grid.
 # binID   n_entries weight   weight_sqr   abs_weight
    10   10   1.236936389550536E+005   3.845497361782126E+010   1.236936389550536E+005
  </DiscreteSampler_grid>
