 -0.00601805497553184  0.00000238998202288  0.01067840363542552  0.03238551927311031
  0.05422663741726561  0.07615622605349835  0.09696465582909780  0.11696135472122712
  0.13516360706676350  0.15368038144935231  0.17229991146701168  0.19061367258406584
  0.21007847336523591  0.23056785167103891  0.25087512854199756  0.27115555823234078
  0.29141370839988295  0.31146230182782619  0.33135456691522830  0.35119413425585122
  0.37103030849910135  0.39087113968926418  0.41062456222907845  0.43031798784632824
  0.44990247724237264  0.46944446922131033  0.48887620216668476  0.50820623003641185
  0.52744493060170561  0.54665464162226785  0.56588488642184243  0.58525986537275843
  0.60450993507847928  0.62362618416698790  0.64257617384195898  0.66145729202062409
  0.68013367987766804  0.69888437914683277  0.71773641295504342  0.73676443343655840
  0.75586721602424456  0.77512733419551760  0.79417714816401708  0.81261054819045198
  0.83050086256284261  0.84798433781282501  0.86814341146173624  0.87837737681637917
  0.87868651032597522  0.87933547223293629  0.88092244514766049  0.88355779344597529
  0.88615084501740182  0.88875335990019766  0.89136774240271610  0.89396142553859648
  0.89654263463370643  0.89913533269853740  0.90172803772601984  0.90431981009822360
  0.90690178687614553  0.90949079601180827  0.91209931825695689  0.91470116771244125
  0.91730498412954531  0.91991144862750795  0.92252178104638738  0.92512772749947925
  0.92774737288297537  0.93036323720815739  0.93299054125481962  0.93564796213752666
  0.93832721401079888  0.94099701229136390  0.94366241132216133  0.94632432465299832
  0.94896883000304344  0.95163045585840522  0.95429290223474528  0.95697900523290869
  0.95966187395050351  0.96230814912079965  0.96496279313070776  0.96763862680816415
  0.97032894558358118  0.97302752596110798  0.97570887128502792  0.97839927867035392
  0.98109489746551304  0.98377913995717370  0.98647757219959575  0.98917313366375181
  0.99185512115275931  0.99455733241457867  0.99728723160340660  1.00000000000000000
 -0.00306551570624593  0.01105226366386651  0.02383764814191889  0.03640480978118151
  0.04934596098895637  0.06270344756419230  0.07685113361533076  0.08819539855987234
  0.09796906529032451  0.10794199557670663  0.11749340044795958  0.12689939130786815
  0.13629266895450479  0.14674543202688953  0.15939637327323763  0.17265259575535627
  0.18548798084501300  0.19830712077904811  0.21134413574129463  0.22407683236965070
  0.23526808140082725  0.24428064333139801  0.25453163569288267  0.26549630957504955
  0.27498312181438178  0.28305656083175229  0.29062051226518498  0.29804792720883011
  0.30586826787884425  0.31381982170995087  0.32141995891889913  0.32884339993034439
  0.33648874092035852  0.34426642538868873  0.35262442385282150  0.36217165403136659
  0.37211626520465335  0.38145114854779599  0.39090577217668632  0.40128947590442360
  0.41344041837809947  0.42621615126274631  0.43907460573574308  0.45211163081903610
  0.46330222513507857  0.47331015383099939  0.48409525363796624  0.49478355532364476
  0.50537427287393544  0.51579673288049421  0.52619596773134136  0.53972452712169450
  0.54849398512514524  0.55706187162646947  0.56543488666039199  0.57443185648409190
  0.58424775841230003  0.59423571760518445  0.60334651396080063  0.61429748579415777
  0.62679090809050220  0.63910197548552206  0.65156230619398925  0.66170707317781730
  0.67275810106306244  0.68285095912023241  0.69317895766369764  0.70340808432136503
  0.71533973175742771  0.73045556395034406  0.74497214563649794  0.75874111668369626
  0.77201994077426039  0.78461126673573489  0.79724431718080790  0.80961047235957240
  0.82030953486350555  0.83043634369636832  0.84023882232868330  0.84932607032321550
  0.85770056804671946  0.86497219131537872  0.87239579143906609  0.88057111812239630
  0.88932481406210484  0.89795654139536829  0.90600707053799612  0.91396643357216589
  0.92282357878628196  0.93253998624329970  0.94186562087402437  0.95069886387923297
  0.96004454234640824  0.97171867708523585  0.98494815134442115  1.00000000000000000
   5.3373428828709629E-005  -1.0000000000000000     
 T T T T F F F F F F F F T T T T F F F F F F F F F F F F F F F F
  <DiscreteSampler_grid>
  grouped_processes
  1 # 1 for a reference and 2 for a running grid.
  10 # Attribute 'min_bin_probing_points' of the grid.
  1 # Attribute 'grid_mode' of the grid. 1=='default',2=='initialization'
  0.0000000000000000 # Attribute 'small_contrib_threshold' of the grid.
  0.5000000000000000 # Attribute 'damping_power' of the grid.
 # binID   n_entries weight   weight_sqr   abs_weight
    10   10   1.629995594658262E+008   2.656913948623504E+016   1.629995594658262E+008
  </DiscreteSampler_grid>
