 -0.01177992954518758  0.01123082914471155  0.04007961838467747  0.07737298969693736
  0.11134905249772971  0.14357907227010308  0.17196328467122873  0.20014184630430978
  0.22818178784264873  0.25631225281407477  0.28431044721294474  0.31200788504326732
  0.33893937766565663  0.36537304235006929  0.39061681799288533  0.41498235795545563
  0.43722744646719902  0.44066979661762412  0.44346498432444875  0.44934785011664308
  0.45620391669007282  0.46280609359972241  0.46934481810855344  0.47582069048388947
  0.48228502063918677  0.48877614468022307  0.49530451526721020  0.50185658377802989
  0.50841952368765264  0.51500685330083484  0.52163569897304185  0.52829353138594293
  0.53496826127020269  0.54164782457311755  0.54832801129104036  0.55501895206484531
  0.56173369023577047  0.56848506199086246  0.57526440971177950  0.58205865441518156
  0.58884611594793945  0.59565636356348961  0.60249451603684967  0.60937296044764022
  0.61627959010487399  0.62318741139276368  0.63008486335007619  0.63698546856473126
  0.64391251388949444  0.65087847827140599  0.65787056468019478  0.66487754649018460
  0.67187134762410583  0.67889398690193004  0.68593517232567947  0.69300198676795488
  0.70009656246506635  0.70724377017023365  0.71442819825032555  0.72161607553481322
  0.72881310828622636  0.73603524789549180  0.74327313771449954  0.75052935987342828
  0.75780861982080516  0.76513066355408899  0.77247943413493014  0.77985512862591855
  0.78726747620604787  0.79469796531877257  0.80215869178057075  0.80965354452050453
  0.81718162572965791  0.82475341761775656  0.83235927332594772  0.83999617732940413
  0.84765090006017330  0.85532101243246350  0.86302239833257277  0.87076372246665990
  0.87855496230836283  0.88638219716659017  0.89424063112444174  0.90211978488441646
  0.91004499348378343  0.91801481286001752  0.92603770464290125  0.93409605546546648
  0.94220639257039362  0.95034509197395090  0.95851009539842091  0.96671446749389045
  0.97495528495659656  0.98326373348761498  0.99158998111186347  1.00000000000000000
 -0.00259072508027821  0.00958224019320348  0.02031837130148277  0.02993719186646526
  0.03978521183601067  0.04966982882487796  0.06027952142036585  0.07125225562340712
  0.08180164654178906  0.09210626466765726  0.10220825059800910  0.11199130193233156
  0.12202079262657414  0.13235572174331131  0.14252845408031586  0.15294461732993012
  0.16409861385393071  0.17431851463871847  0.18448151457385903  0.19398929606112469
  0.20359736363003203  0.21344825199763287  0.22383503646753941  0.23521884650324559
  0.24737970773738227  0.25901677491090103  0.26999796894640243  0.28095453143126881
  0.29160835132032575  0.30247849346464201  0.31329705970530514  0.32430364082299423
  0.33494340307578035  0.34543171280852908  0.35611548415671235  0.36657329054930543
  0.37737265815347693  0.38825143684978558  0.39924860949111551  0.41034584872889640
  0.42146794303439844  0.43286801679621539  0.44432530254753494  0.45556766968964174
  0.46656447144657509  0.47752908157016888  0.48874522378017726  0.49990532893454209
  0.51096091032765834  0.52211229199490150  0.53311041319745511  0.54372136338249388
  0.55412962287878986  0.56484470415438504  0.57584592269582424  0.58699146209229125
  0.59829822094882201  0.60971614903424309  0.62129253888808988  0.63271237406972425
  0.64379235668877210  0.65412301650124571  0.66418316586534065  0.67456800742818646
  0.68506192815500322  0.69516579938516387  0.70467116051440548  0.71379224096440630
  0.72273628911044652  0.73192296367094423  0.74161674784164666  0.75188378739297990
  0.76214904279351947  0.77223097115649697  0.78214664979822168  0.79193378347863752
  0.80180974879506739  0.81223232309871218  0.82359288176094270  0.83514114684666241
  0.84637178009105651  0.85765059703037627  0.86868724368214534  0.87896241890169380
  0.88873467196599121  0.89868070201483108  0.90919139084655076  0.91931209764675303
  0.92927475124854630  0.93914417645873272  0.94936981414736754  0.95940098170372168
  0.96867769966631523  0.97854578187407104  0.98885190089360309  1.00000000000000000
   1.3147797662144804E-005  -1.0000000000000000     
 T T T T F F F F F F F F T T T T F F F F F F F F F F F F F F F F
  <DiscreteSampler_grid>
  grouped_processes
  1 # 1 for a reference and 2 for a running grid.
  10 # Attribute 'min_bin_probing_points' of the grid.
  1 # Attribute 'grid_mode' of the grid. 1=='default',2=='initialization'
  0.0000000000000000 # Attribute 'small_contrib_threshold' of the grid.
  0.5000000000000000 # Attribute 'damping_power' of the grid.
 # binID   n_entries weight   weight_sqr   abs_weight
    10   10   3.291603788136847E+007   1.084286195541015E+015   3.291603788136847E+007
  </DiscreteSampler_grid>
