 -0.00354363611189576  0.00754999859010584  0.02132971204474559  0.03683732180268577
  0.05324312699074956  0.06950210306371828  0.08624987232550055  0.10187563823044921
  0.11612554868359939  0.12965493173961448  0.14386137437271695  0.15795556336248437
  0.17192671334423620  0.18588906688740142  0.20008185720711666  0.21437222860800789
  0.22946595378967188  0.24479485160215425  0.25994824028464736  0.27504193255614295
  0.29013276133036758  0.30522426392391833  0.32029885201314157  0.33527084801265117
  0.35023182981958639  0.36522533064419327  0.38026069180454092  0.39533763315669990
  0.41047053019024238  0.42558652705498984  0.44067940390605626  0.45576274463004379
  0.47077092209696492  0.48577695908965352  0.50078223151255363  0.51577324859725171
  0.53070471509309158  0.54563376738316838  0.56053923737270572  0.57539546849398748
  0.59022861631688783  0.60504264098978455  0.61988266056456753  0.63478333163332701
  0.64979810027113949  0.66485775668995928  0.67991166640275691  0.69501921746053830
  0.71047510660391344  0.72601663867103028  0.74204767636300495  0.75857676092420767
  0.77536850073670160  0.79350260313128340  0.80846553574744495  0.81864535498664504
  0.82570257155061910  0.82869507702199341  0.83126792066467481  0.83572193559727426
  0.84010327616928804  0.84446181372232132  0.84885974046101753  0.85326009386264901
  0.85763280595919400  0.86201561796268067  0.86642060729487558  0.87085407694607619
  0.87532293484418811  0.87979423159379044  0.88423870711013675  0.88868046339636730
  0.89314871726270761  0.89762727126702946  0.90212187616873563  0.90664533100957034
  0.91116526453362190  0.91573288967503164  0.92029592512940439  0.92484314045026594
  0.92941874094302002  0.93402385516985320  0.93866309573569651  0.94329412278340385
  0.94794343192858754  0.95260413196134586  0.95726505403672313  0.96194903140976529
  0.96667753540241774  0.97141432357057989  0.97614420528121204  0.98083621476539307
  0.98556424941434828  0.99035235087586126  0.99516606294695142  1.00000000000000000
 -0.00227926829364207  0.00900192410304786  0.01832303687242014  0.02776992047846773
  0.03699657840579543  0.04660297578501188  0.05578690021739150  0.06482603750168334
  0.07394500736756977  0.08337108302387111  0.09311577262270042  0.10293004876481956
  0.11265925725806947  0.12249103207903017  0.13275501865990086  0.14345915466446554
  0.15501215660609935  0.16704766936928805  0.17888959433445031  0.19023884010006256
  0.20077546119980380  0.21084629964850532  0.22091763578252355  0.23064128998582345
  0.23988680554583339  0.24944716301099248  0.26021207275647684  0.27112663308484031
  0.28040430333604272  0.28859898800503536  0.29668189741402368  0.30545204684097277
  0.31444629535466645  0.32333117825436919  0.33212231407956655  0.34188045891677438
  0.35184638979402616  0.36272188774428549  0.37617539299995600  0.38858226105549915
  0.40056170312769679  0.41241805764208861  0.42412327679031148  0.43577759737647392
  0.44758876767335332  0.45986430295770386  0.47263724601422358  0.48546062344070684
  0.49788247790565709  0.50787874889494034  0.51706970425069987  0.52687354120837637
  0.53685376807357843  0.54694400000580867  0.55648656634049654  0.56682641019661528
  0.57912381528266366  0.59199092928593322  0.60410094829222805  0.61522224200480158
  0.62544640564719833  0.63485317501127914  0.64422381596950329  0.65381222641711223
  0.66377219273763566  0.67439821607732298  0.68512008210020614  0.69591715073009042
  0.70748536829472652  0.71928417665074296  0.73109382457303707  0.74297499167381942
  0.75501499459711030  0.76675650691644515  0.77668806176388605  0.78595570635058520
  0.79564985376999076  0.80571653242106911  0.81551677228089792  0.82539865854910166
  0.83551581058223123  0.84711619973991170  0.85871109946590618  0.86963532482650585
  0.87977298664215220  0.88951286948948360  0.89966802654125733  0.91070925358623345
  0.92326073938317521  0.93581383469655233  0.94760718307167502  0.95908907180569636
  0.96899013405187473  0.97981436214975415  0.99014508827481817  1.00000000000000000
   1.1874346834260792E-003  -1.0000000000000000     
 T T T T F F F F F F F F T T T T F F F F F F F F F F F F F F F F
  <DiscreteSampler_grid>
  grouped_processes
  1 # 1 for a reference and 2 for a running grid.
  10 # Attribute 'min_bin_probing_points' of the grid.
  1 # Attribute 'grid_mode' of the grid. 1=='default',2=='initialization'
  0.0000000000000000 # Attribute 'small_contrib_threshold' of the grid.
  0.5000000000000000 # Attribute 'damping_power' of the grid.
 # binID   n_entries weight   weight_sqr   abs_weight
    10   10   5.215150893603375E+009   2.720693161470772E+019   5.215150893603375E+009
  </DiscreteSampler_grid>
