 -0.00428558218209379  0.01058412081122961  0.02583504959774385  0.04136406566191168
  0.05706038606593013  0.07271875539854841  0.08858181452453832  0.10360072373664847
  0.11749977776158789  0.13118330224951932  0.14511116433162907  0.15894628428737703
  0.17266646346311715  0.18645821098019424  0.20067814293891315  0.21499860242327123
  0.22972071911903910  0.24452326040849409  0.25920995687368609  0.27383640943671989
  0.28841384776883200  0.30300259475689206  0.31760781809777966  0.33218965093896291
  0.34675718755512769  0.36133395956290809  0.37589303444083438  0.39040570390898743
  0.40493405231421525  0.41938752087245318  0.43381134152631201  0.44823218678661741
  0.46267292244556252  0.47711268968736975  0.49157337820551922  0.50601438322870385
  0.52038672161674837  0.53475822679130558  0.54915029503582780  0.56357347675255443
  0.57802259616880547  0.59246258490126735  0.60699120719042454  0.62152571530658118
  0.63602694177066410  0.65046218900256880  0.66486598091550264  0.67927763524785423
  0.69372229279178654  0.70820672438618937  0.72270361886829926  0.73731318297779680
  0.75193530380356965  0.76653422658566495  0.78108547320654320  0.79577391846100254
  0.81059053277823634  0.82565968460377281  0.84108400854147392  0.85708206498956274
  0.86994501456877293  0.87733748113319832  0.87907084385823020  0.88145266520884702
  0.88510207974735522  0.88869869895447018  0.89229438396420568  0.89592514372109988
  0.89956270851451747  0.90322484322529484  0.90688832883376236  0.91053349127422445
  0.91418495559147539  0.91783404336275765  0.92146645124053583  0.92510884296405071
  0.92877302472392176  0.93243942917814626  0.93614772316630501  0.93985259824094269
  0.94356769043273014  0.94728395613864125  0.95099523831304777  0.95472098003555483
  0.95847053843072394  0.96222040979787149  0.96596883874334838  0.96971232997968371
  0.97346266201104859  0.97721932934261213  0.98097085432048803  0.98474119742637867
  0.98853420415887883  0.99233964217058090  0.99616017758224762  1.00000000000000000
 -0.00219616461907229  0.00889828687580986  0.01943647954938799  0.02993314565942012
  0.04110462403321087  0.05057153007001459  0.06014344679892895  0.06975208422826117
  0.07970182898783965  0.08963764107298519  0.09984551392866461  0.11045787893095914
  0.12152024648939105  0.13252857735287205  0.14677302111615634  0.15536768588875463
  0.16593416897114072  0.17664599462180519  0.18751024226275811  0.19753235013000675
  0.20767261598409228  0.21768013748556597  0.22715783364662631  0.23647583495398611
  0.24594144166846543  0.25565750279325777  0.26516019859758000  0.27509122683198806
  0.28666755611888001  0.29872457167311817  0.31052773333242123  0.32299746611133967
  0.33472755597551357  0.34398888946156414  0.35340159946746025  0.36343592539002084
  0.37386130664914341  0.38433096269786160  0.39443186844255740  0.40751973410795805
  0.41981035842715181  0.42999502490675551  0.44033147615300089  0.45111118647465726
  0.46184894965554890  0.47147434906047492  0.48077090473903944  0.49040053841045639
  0.50013553060588123  0.50961678313202341  0.51924351686217696  0.52929360196161668
  0.53987275016986525  0.55161790815031941  0.56387855330828396  0.57582460286414483
  0.58648379382575555  0.59590036063286678  0.60554760660400708  0.61573072055823475
  0.62537391531477282  0.63418288487686447  0.64302975784860927  0.65304666749232620
  0.66370781042249416  0.67385440755748360  0.68366535203665468  0.69463598842198193
  0.70653301812534341  0.71769416136536635  0.72794488435303539  0.73750553577751521
  0.74668188807065217  0.75617886748919672  0.76585178109242191  0.77530802362041784
  0.78391564889870413  0.79375285156663011  0.80536359133066138  0.81693907049387393
  0.82768076640631694  0.83844482906844287  0.84936992963875235  0.86031396761595424
  0.87083637739345876  0.88068987960945844  0.89019359662834618  0.89998411488747021
  0.91067408256399529  0.92210363217391722  0.93427124676339557  0.94739162942217925
  0.96120235121550868  0.97488664258979463  0.98760438192956623  1.00000000000000000
   1.0126164712272743E-003  -1.0000000000000000     
 T T T T F F F F F F F F T T T T F F F F F F F F F F F F F F F F
  <DiscreteSampler_grid>
  grouped_processes
  1 # 1 for a reference and 2 for a running grid.
  10 # Attribute 'min_bin_probing_points' of the grid.
  1 # Attribute 'grid_mode' of the grid. 1=='default',2=='initialization'
  0.0000000000000000 # Attribute 'small_contrib_threshold' of the grid.
  0.5000000000000000 # Attribute 'damping_power' of the grid.
 # binID   n_entries weight   weight_sqr   abs_weight
    10   10   4.678490156135674E+009   2.188909824904951E+019   4.678490156135674E+009
  </DiscreteSampler_grid>
