 -0.00091241956930353  0.00721784073186982  0.02369272650070868  0.04126982826189832
  0.05832166295210270  0.07539715116072303  0.09117342058057473  0.10664980057121708
  0.12154716469773053  0.13599800111625834  0.15065845205202061  0.16527840095434279
  0.17977853304373184  0.19458925869435176  0.20975979697877467  0.22507871628199236
  0.24007899907152133  0.25508876825664145  0.27006353290335766  0.28497235139200933
  0.29978751847207902  0.31454347461507348  0.32926794369413637  0.34395052813872767
  0.35858289668439991  0.37316641344243262  0.38744021001989870  0.40165823777482840
  0.41589016161258135  0.43015136667440362  0.44439841107170808  0.45863132287918507
  0.47269863093074715  0.48657737680218083  0.50044279043127871  0.51422425124067861
  0.52795364778090448  0.54164208134805558  0.55529218787854362  0.56882159828995371
  0.58234911271107859  0.59587892915108998  0.60939136665814320  0.62283989320385891
  0.63626107283843447  0.64962281348847772  0.66294609619395994  0.67624790695098735
  0.68948511730718609  0.70269124144947492  0.71587961253532484  0.72905547416234751
  0.74221940773328132  0.75531685537406212  0.76834440563744633  0.78131502777246242
  0.79424879006352467  0.80721327461521031  0.81998042808470462  0.83270337603802980
  0.84555595963962449  0.85914977103772050  0.87267744881386655  0.88620436844806982
  0.89976987711614542  0.91349351999710571  0.92731892459418463  0.93351006078768284
  0.93392054611112663  0.93567589002648877  0.93815538580355262  0.94061754234128847
  0.94308758216056621  0.94555849164299854  0.94801815365893960  0.95047835206434261
  0.95294084349173447  0.95541806198850454  0.95789931701841957  0.96037527166755643
  0.96285173869145868  0.96532171701036962  0.96778483552643391  0.97025447964588329
  0.97272724546696931  0.97521031992441864  0.97769288350887884  0.98016531329905321
  0.98264168986770040  0.98513236976919449  0.98761858714736606  0.99009839925368470
  0.99257698561448138  0.99505914240645832  0.99752956734688636  1.00000000000000000
 -0.00294645549601744  0.01018141070374081  0.02206207233637062  0.03253115167139873
  0.04255859612763538  0.05318857243039976  0.06405203388158442  0.07437547594297997
  0.08457024277797022  0.09491986883815168  0.10595658054108187  0.11735785720672566
  0.13058342103391138  0.14394785133920346  0.15499544966403422  0.16455494531587850
  0.17454069898843569  0.18461783667979020  0.19434454163135731  0.20475088019244023
  0.21682050109745254  0.22952661519987955  0.24146986094604300  0.25246186685665767
  0.26314908793908204  0.27375477803825543  0.28441921589074248  0.29515159793176327
  0.30572484723833354  0.31666920489276101  0.32762791378948575  0.33818426606728574
  0.34841466913017261  0.35917167719126247  0.37246194770084068  0.38573071675793652
  0.39881010452414162  0.41144545982743413  0.42184533722738726  0.43098847312658589
  0.44063906240102457  0.44978172570026537  0.45877994337442113  0.46803150830839035
  0.47731265578086168  0.48834616729596297  0.50001052907438170  0.51094971579398718
  0.52156906227161737  0.53237482104921141  0.54286976892791505  0.55299232136293475
  0.56295353918499069  0.57271479045795404  0.58211706792682627  0.59102699155110483
  0.59995701818675007  0.60921220378554775  0.61914423930594165  0.62978208971921801
  0.64062837566576358  0.65103264323997123  0.66115127550379715  0.67143997573933356
  0.68176091542559991  0.69236294259566589  0.70386588945230666  0.71580812691831819
  0.72727813109513773  0.73776692977985092  0.74784060803618724  0.75840276622852776
  0.76960305091667969  0.78088735403205600  0.79186634944377920  0.80272718281706246
  0.81356561902205293  0.82422939866948919  0.83438321448107211  0.84391387985183808
  0.85341304610653734  0.86320806763318303  0.87293787452582094  0.88276313120579775
  0.89265945726893803  0.90271969450722855  0.91277140620634656  0.92245661976245685
  0.93205561406394966  0.94168270874099524  0.95109592143456401  0.96069533844921462
  0.97025605862270059  0.98020897481448865  0.99021507554417232  1.00000000000000000
   2.8677152491627038E-006  -1.0000000000000000     
 T T T T F F F F F F F F T T T T F F F F F F F F F F F F F F F F
  <DiscreteSampler_grid>
  grouped_processes
  1 # 1 for a reference and 2 for a running grid.
  10 # Attribute 'min_bin_probing_points' of the grid.
  1 # Attribute 'grid_mode' of the grid. 1=='default',2=='initialization'
  0.0000000000000000 # Attribute 'small_contrib_threshold' of the grid.
  0.5000000000000000 # Attribute 'damping_power' of the grid.
 # binID   n_entries weight   weight_sqr   abs_weight
    10   10   2.588797038301860E+007   6.702235399626788E+014   2.588797038301860E+007
  </DiscreteSampler_grid>
