 -0.00472899037984003  0.01426452983079920  0.02864212121533384  0.04303184914258269
  0.05759732035174011  0.07211203426316273  0.08459034487361781  0.09724397391304726
  0.11007583137393558  0.12289624770605649  0.13585991484005999  0.14897990605673106
  0.16295550561187744  0.17691682265311959  0.19082212010565250  0.20457794246165534
  0.21827246349803131  0.23187962702443898  0.24541465264390394  0.25892874852742132
  0.27245953150924057  0.28599665332733620  0.29953867443015381  0.31310568374225572
  0.32673314820287230  0.34043546598936852  0.35414766450987445  0.36807746822468035
  0.38236262055174530  0.39661041660589402  0.41081030729048185  0.42491611909019250
  0.43924119215684032  0.45362428629275459  0.46793586534002896  0.48223485957283974
  0.49652497614223884  0.51102621247965041  0.52563230641660086  0.54040629965857978
  0.55518525216743886  0.56995495622251613  0.58467081319137315  0.59942987167576856
  0.61422250070026274  0.62913099691770313  0.64394021486281661  0.65859818280120297
  0.67293676989831930  0.68720596200042183  0.70144955050093405  0.71566771918426819
  0.72977385642476078  0.74346134625873161  0.75732323635705112  0.77128674360471428
  0.78531691661249259  0.79949173200881340  0.81372825913692337  0.82787476517565928
  0.84184173562748221  0.85572030070512539  0.87009455812130476  0.88485936863862413
  0.90006010523724111  0.91534811553892848  0.93043376044747816  0.94509277432359973
  0.95878130067309064  0.97252420526267225  0.98703592835882314  0.98741749534498302
  0.98748333473278804  0.98767523502773547  0.98824860303401507  0.98881021578333728
  0.98936998598697012  0.98993214526405393  0.99048831342652222  0.99104083774011997
  0.99160511460502687  0.99217109925314162  0.99272769847034137  0.99327978157648289
  0.99383302113298988  0.99439482734154416  0.99495478729998954  0.99551456752399425
  0.99606645068728328  0.99662655268416755  0.99718728344549867  0.99774905254198598
  0.99831153796163807  0.99888058480467756  0.99944030338447343  1.00000000000000000
 -0.00222920507497264  0.00904911782047621  0.01831602241929580  0.02794001244748201
  0.03696418864879886  0.04585469159289743  0.05517419318559504  0.06922585718396124
  0.08523712089502428  0.09552922813732978  0.10421213232260192  0.11269634449109775
  0.12126227999550775  0.13004326317801715  0.13821562739354862  0.14788810294315355
  0.16290675796159398  0.18210585508424298  0.20133657652636880  0.21541555497135209
  0.22545232574632629  0.23487122358282661  0.24230141774939704  0.24979099561412921
  0.25691842555199257  0.26440603603185003  0.27221047842572338  0.27962612860563091
  0.28692161653183124  0.29420625770109987  0.30190716472303342  0.30915412381393981
  0.31790977311229091  0.32874834679796122  0.33989826692210656  0.35076252797721241
  0.36062256645609408  0.37015474026576844  0.37983868149917877  0.38974187751218975
  0.40104886591721944  0.41604611826157167  0.43289782115808606  0.44880065708006461
  0.46209639149465526  0.46950541822752756  0.47991280124673952  0.48941625868349514
  0.49879100373467311  0.50720273795319759  0.51559143684224451  0.52502316015624850
  0.53616295165937111  0.54709209893931721  0.55628313933055362  0.56633178671751527
  0.58424639146357982  0.59984607637175447  0.61091096601174988  0.62049938885251299
  0.62980291526925836  0.63927237733645048  0.64847169158806706  0.65743909907000531
  0.66690171773836682  0.67725702212629257  0.68713326353490456  0.69675416132558243
  0.70639595148868639  0.71766316620653026  0.72931321539879190  0.74029555631626909
  0.75118647076006728  0.76514307799394621  0.78076766287663846  0.79693543212532114
  0.81294332840627137  0.82778390357629283  0.83946971848741059  0.84675221798824318
  0.85543669655515697  0.86446946159017146  0.87326650717820786  0.88131427763348846
  0.88881060291612868  0.89694091947446808  0.90654450685526655  0.91672938529462988
  0.92584673467961698  0.93621219822239599  0.94927838763813177  0.96293321535843202
  0.97299854364687033  0.98284444440929009  0.99173664431136643  1.00000000000000000
   9.4411624103162340E-006  -1.0000000000000000     
 T T T T F F F F F F F F T T T T F F F F F F F F F F F F F F F F
  <DiscreteSampler_grid>
  grouped_processes
  1 # 1 for a reference and 2 for a running grid.
  10 # Attribute 'min_bin_probing_points' of the grid.
  1 # Attribute 'grid_mode' of the grid. 1=='default',2=='initialization'
  0.0000000000000000 # Attribute 'small_contrib_threshold' of the grid.
  0.5000000000000000 # Attribute 'damping_power' of the grid.
 # binID   n_entries weight   weight_sqr   abs_weight
    10   10   1.978354522235420E+007   3.913888171008541E+014   1.978354522235420E+007
  </DiscreteSampler_grid>
