 -0.00744887262883452  0.01166352567514040  0.03144334292163280  0.05347681922192992
  0.07587055942596409  0.09867953725143290  0.11732213208840414  0.13484972449756941
  0.15287276751293816  0.17069535504450958  0.18836721887775748  0.20684347378277507
  0.22587952886426269  0.24618051667372631  0.26643348420811963  0.28665495993794871
  0.30719848124565385  0.32775368193500398  0.34823628575681731  0.36863246827342322
  0.38895256280402424  0.40895027495030867  0.42886631733489111  0.44867411140051960
  0.46848845158418018  0.48831350130570106  0.50824958482064841  0.52824145049466209
  0.54827827927223216  0.56829535970246703  0.58824605547124387  0.60806693320973115
  0.62777092238302223  0.64713552214804837  0.66640529348128263  0.68551676301513453
  0.70469305014596562  0.72399595369673619  0.74374077662609006  0.76381529681910187
  0.78408877011635258  0.80428283911597731  0.82226777311633326  0.83911072751395299
  0.85408232599757805  0.86990155688006277  0.87854562230928135  0.87882229159924297
  0.87946002951298097  0.88155593300492929  0.88414389760535850  0.88664452262629212
  0.88915513206445174  0.89169831735794169  0.89426482148910535  0.89679045757818621
  0.89931614109139402  0.90186774623319832  0.90441311304636307  0.90693005444070152
  0.90946610287525931  0.91204493998413672  0.91462754427095594  0.91720069349511779
  0.91974433053308968  0.92226041711601969  0.92478966016476272  0.92737195689347118
  0.92995506862550947  0.93251884451072631  0.93506959561583636  0.93762990529710954
  0.94019043578138672  0.94275550074924686  0.94533858275853044  0.94792710419566795
  0.95050210547118319  0.95307308076049435  0.95565117330759830  0.95822599377673690
  0.96079361932103924  0.96339960616083942  0.96603495809939099  0.96867673302727320
  0.97131056624022316  0.97391621154669095  0.97651497962996670  0.97911700855288275
  0.98173637768447142  0.98434566583120231  0.98692141354193019  0.98948440130170201
  0.99207454023924624  0.99470809772965763  0.99735247074672084  1.00000000000000000
 -0.00432359601528539  0.01446717590948113  0.02920918301732013  0.04113343016631761
  0.05075588441837273  0.06010171925873246  0.07039251607961228  0.08176694603679968
  0.09146133657790541  0.09947478835738367  0.10793408525113023  0.11729511235914429
  0.12723023848925011  0.13617521062692003  0.14514219364442085  0.15492333850426049
  0.16517668633362839  0.17501773732452336  0.18488448828136328  0.19668218315329139
  0.20933065812086635  0.21940855002339926  0.22814413822951901  0.23673379198793479
  0.24592784047160851  0.25552055574955207  0.26410981636639758  0.27287886239670711
  0.28290007935324291  0.29280720009896577  0.30128771465934284  0.31004912015996650
  0.31871348136178573  0.32704699718524427  0.33476517938955896  0.34220505842195631
  0.34913294742568485  0.35639422671004395  0.36440376866830626  0.37304847173861150
  0.38243626226140826  0.39187376414664615  0.40113393659904278  0.41032905467328640
  0.41966847542974572  0.42903306865726304  0.43837446925903811  0.44798901699466404
  0.45800213019187946  0.46855377894391753  0.47927318090724685  0.49086721721700899
  0.50361254862442562  0.51617395661853793  0.52944863920578333  0.54395392822057942
  0.55997918314839712  0.57623381398377804  0.59155029059436015  0.60549372086680842
  0.61918636702955399  0.63231886491304012  0.64508207823201102  0.65772037184381160
  0.66899327119573315  0.67780072460334972  0.68695677159458068  0.69576034230025408
  0.70487094653651683  0.71424839975495147  0.72325863213432573  0.73261660255522387
  0.74264057816414708  0.75374360216988112  0.76678482617693922  0.77900747626643974
  0.78979179426880097  0.80038088941212249  0.81053724897152746  0.82020251334422212
  0.82961776615753524  0.83896871063547895  0.84863225290028854  0.85824672664027701
  0.86699136126602983  0.87559248345183260  0.88400909224113144  0.89252746535224958
  0.90170600776835996  0.91211431388714725  0.92492261947730792  0.93976638520399292
  0.95519928374269658  0.97056336952125555  0.98573104782639409  1.00000000000000000
   1.0827460488554946E-005  -1.0000000000000000     
 T T T T F F F F F F F F T T T T F F F F F F F F F F F F F F F F
  <DiscreteSampler_grid>
  grouped_processes
  1 # 1 for a reference and 2 for a running grid.
  10 # Attribute 'min_bin_probing_points' of the grid.
  1 # Attribute 'grid_mode' of the grid. 1=='default',2=='initialization'
  0.0000000000000000 # Attribute 'small_contrib_threshold' of the grid.
  0.5000000000000000 # Attribute 'damping_power' of the grid.
 # binID   n_entries weight   weight_sqr   abs_weight
    10   10   2.681738942480022E+007   7.192218005071958E+014   2.681738942480022E+007
  </DiscreteSampler_grid>
