 -0.00394326924020553  0.00881833226839632  0.02318998960370664  0.03880677435678018
  0.05459019420011311  0.07040174750381735  0.08615955137598537  0.10173700942656702
  0.11715841990092096  0.13248515354128523  0.14771968441531252  0.16306442217821454
  0.17993387331666061  0.19848176204114071  0.21639533309222103  0.23426802918626208
  0.25217144517398504  0.26989242543255926  0.28755283775467938  0.30534218972705346
  0.32326565166078264  0.34131121438448148  0.35940921780470880  0.37755472947827706
  0.39577923374291346  0.41350482258151428  0.43099150601058561  0.44804127827282603
  0.46503689074411714  0.48199558963527833  0.49844793801614729  0.51476036902761957
  0.53083162266559580  0.54681850933905496  0.56277765239019806  0.57882134118544726
  0.59447607621445986  0.60961874911081182  0.62470048218688157  0.63973912926956056
  0.65464649867100366  0.66975233348324181  0.68503258387067056  0.70058375002600559
  0.71614397591689982  0.73159919735623213  0.74672586418753384  0.76160858486360683
  0.77593324220604043  0.79018864536250799  0.80442368653880481  0.81875480838395331
  0.83319911955887538  0.84795465496851474  0.86281679009364942  0.87746262930496532
  0.89216731901912538  0.90716099186064236  0.92116353420146113  0.93384470829222199
  0.94707717628701582  0.96029909494443100  0.97234354793924327  0.97506266531186692
  0.97515264020365600  0.97533110535610246  0.97606740579925433  0.97690343789642098
  0.97773093407069267  0.97856425194149510  0.97940213654266217  0.98023068794773927
  0.98104660231430685  0.98187032863621992  0.98268955268440583  0.98350842147020856
  0.98432753871442402  0.98515467439103388  0.98597526548155390  0.98678432073838562
  0.98760767998462584  0.98844004468209190  0.98925738066033952  0.99009188756297917
  0.99093263525579633  0.99176029877819594  0.99259035446954713  0.99341783094764591
  0.99422525710774934  0.99505516971773145  0.99589923621762710  0.99672274760756197
  0.99754277287687043  0.99836339850759681  0.99919369981794615  1.00000000000000000
 -0.00436804228972408  0.01325590611541330  0.02880948428513540  0.04317029421378311
  0.05699074631789466  0.07035183846238290  0.08283433996400492  0.09653013863124540
  0.11113630559066585  0.12412618955801195  0.13371830752487349  0.14191484502470553
  0.15004593475812178  0.15774076686279828  0.16522772139448827  0.17328809292245079
  0.18200290795970492  0.19148604235028763  0.20064456792947702  0.20996895250265374
  0.21937089224467923  0.22871956926787143  0.23822588836587366  0.24642323729096269
  0.26052037092463093  0.27699206628008810  0.28933288488574549  0.29862722701681449
  0.30646078623181705  0.31485099291736740  0.32400756291519678  0.33309749440196107
  0.34186700670856734  0.34962997645699989  0.35722549432626788  0.36558090490532597
  0.37394899863251307  0.38176967825393188  0.38954919051858528  0.39764958043343224
  0.40581787097576816  0.41377922568446079  0.42134379214810003  0.42859706365572586
  0.43556874382853406  0.44221178633657177  0.44901562525531291  0.45582258021884203
  0.46311823433201144  0.47053562801341570  0.47812727447772707  0.49111100697114735
  0.50720546678225276  0.52411975721506010  0.54067055695816901  0.55597288917801391
  0.57024055721743239  0.58378649037385077  0.59672294454746300  0.60955389517661951
  0.62282175045364441  0.63736726249157005  0.64988488596942406  0.65741804283143157
  0.66575966330483793  0.67434956374406740  0.68282983585436074  0.69044220398352041
  0.69780326023770090  0.70503597533139550  0.71272793014424374  0.72094812879058900
  0.72928124176041931  0.73784010971902536  0.74590388187428114  0.75669949913515733
  0.77381428033971889  0.79076780360392307  0.80842376467201338  0.81875005940557555
  0.82643086677211719  0.83482195378892765  0.84386662308683902  0.85268057495371585
  0.86118527966287783  0.86970949650216822  0.87948259094752301  0.89407805974772747
  0.90830797445770373  0.92403377990972213  0.93944888512623903  0.95348432839812136
  0.96622644396837587  0.97800070059511668  0.98908051974843436  1.00000000000000000
   3.8402464280507678E-007  -1.0000000000000000     
 T T T T F F F F F F F F T T T T F F F F F F F F F F F F F F F F
  <DiscreteSampler_grid>
  grouped_processes
  1 # 1 for a reference and 2 for a running grid.
  10 # Attribute 'min_bin_probing_points' of the grid.
  1 # Attribute 'grid_mode' of the grid. 1=='default',2=='initialization'
  0.0000000000000000 # Attribute 'small_contrib_threshold' of the grid.
  0.5000000000000000 # Attribute 'damping_power' of the grid.
 # binID   n_entries weight   weight_sqr   abs_weight
    10   10   8.328682448856957E+005   6.936865083442966E+011   8.328682448856957E+005
  </DiscreteSampler_grid>
