 -0.00431369985243826  0.01408464421895430  0.02805754438934503  0.04201776203846395
  0.05629803640581728  0.06959750582367145  0.07976871728368230  0.09028128699682460
  0.10089488256503641  0.11150301716371537  0.12199005075299067  0.13342772501192016
  0.14593286218274706  0.15944689945525559  0.17287919565568158  0.18617147727996949
  0.19937915021075847  0.21257012061466965  0.22575774881345700  0.23886530644632942
  0.25194714082318509  0.26515838051068291  0.27831639494260257  0.29142384122546949
  0.30459062466673825  0.31775372068039426  0.33090406446156323  0.34402826388393931
  0.35716432502712420  0.37035639500776746  0.38356551115325377  0.39679959925778041
  0.41013191736873350  0.42350725727023530  0.43690533328922776  0.45020196420679154
  0.46354230880322445  0.47692766325295760  0.49038982225791966  0.50386785394456290
  0.51736372321113588  0.53092385025625466  0.54455159882618731  0.55837084200959342
  0.57222711769602397  0.58611291154844525  0.60010979670312470  0.61415746644944125
  0.62825381142990488  0.64232184436570616  0.65639707662819280  0.67048575853742043
  0.68450579585972160  0.69851000818600251  0.71250851125273429  0.72641232948989432
  0.74027353468298707  0.75410218732885415  0.76795061194115932  0.78181511536234183
  0.79574988065028474  0.80965030884869260  0.82351391807242358  0.83738832882669800
  0.85129386103970284  0.86524926162557592  0.87921455700061346  0.89317818145872707
  0.90713311987802181  0.92103154225962880  0.93503156727506609  0.94950862238085898
  0.96436276952300448  0.97909392066794032  0.99165058712563225  0.99367820215960678
  0.99371089117466782  0.99382867864029445  0.99417362590248493  0.99451861688411936
  0.99486168849974754  0.99520559091838823  0.99555006119640566  0.99589368512253740
  0.99623605793791292  0.99657699493799023  0.99691818992070091  0.99725973882597463
  0.99760041997189386  0.99794233832989554  0.99828519800881887  0.99862725568165278
  0.99897097135751756  0.99931282931699328  0.99965392903055217  1.00000000000000000
 -0.00215374874056519  0.00872775366451747  0.01778683935705595  0.02720163060021475
  0.03723200923636180  0.04826961443212159  0.05971079288715463  0.07078584729062740
  0.08162883968274143  0.09175248771733849  0.10199717057141218  0.11267831674248820
  0.12332753338578567  0.13374595037333131  0.14347189003802860  0.15311138054691187
  0.16244343123816668  0.17169387079735721  0.18044097676865783  0.18925196681225517
  0.19774418334268209  0.20652043534551290  0.21598847562991610  0.22520505329808199
  0.23515012431153884  0.24620011575248704  0.25625915159128992  0.26602423764726207
  0.27646440387821686  0.28700207764143559  0.29708765345020188  0.30623855979483372
  0.31591186721152836  0.32692951178457319  0.33817483752004424  0.34862467318881979
  0.35839857785771939  0.36777926992939269  0.37733985090326538  0.38691954156326214
  0.39662450623551881  0.40658962036538909  0.41639347981299452  0.42658612668040524
  0.43757051017300441  0.44990234670903945  0.46089734435953966  0.47005435526227646
  0.47872539125138169  0.48813873614946524  0.49737888180753337  0.50586873746658978
  0.51469607804784678  0.52477611795738721  0.53671790753490956  0.54797232388106853
  0.55856918692902324  0.57708745977510423  0.58972477692948422  0.60176883977211348
  0.61311180632813522  0.62380907817316023  0.63374364004324901  0.64642239968698201
  0.66184553735950613  0.67848373135833617  0.69350261066932628  0.70137165533447565
  0.71100990022739541  0.71947343564694177  0.72792490715095559  0.73603805872629524
  0.74400254277513123  0.75226360355205124  0.76127725725931239  0.77115063170826426
  0.78122063622936766  0.79386404064507321  0.80928256397463216  0.82206979334421737
  0.83175157926837195  0.84121507876287427  0.85031065386878169  0.85909935755989819
  0.86796028937983105  0.87742449962086555  0.88766695324875955  0.89805619715294882
  0.90846762795071834  0.91920100442609765  0.93047624662090034  0.94095357647586975
  0.95139700085896339  0.96396464048102370  0.97992003843271802  1.00000000000000000
   1.5039914896032057E-006  -1.0000000000000000     
 T T T T F F F F F F F F T T T T F F F F F F F F F F F F F F F F
  <DiscreteSampler_grid>
  grouped_processes
  1 # 1 for a reference and 2 for a running grid.
  10 # Attribute 'min_bin_probing_points' of the grid.
  1 # Attribute 'grid_mode' of the grid. 1=='default',2=='initialization'
  0.0000000000000000 # Attribute 'small_contrib_threshold' of the grid.
  0.5000000000000000 # Attribute 'damping_power' of the grid.
 # binID   n_entries weight   weight_sqr   abs_weight
    10   10   1.734639487131632E+007   3.008974283024534E+014   1.734639487131632E+007
  </DiscreteSampler_grid>
