 -0.00550462998912688 -0.00014528425779077  0.00960739512055576  0.02667326991623070
  0.04387053050223631  0.06101862407408197  0.07760618604489762  0.09311676952592304
  0.10782707399225008  0.12295185073418849  0.13797915931873486  0.15297767386940761
  0.16917392288356814  0.18536690624130245  0.20155538409224488  0.21757366742709205
  0.23341513906251629  0.24905562572439680  0.26451769225768318  0.27997262047904659
  0.29544546722238346  0.31071249919351995  0.32589256322085047  0.34096501946628266
  0.35613056320722075  0.37133375479791231  0.38650560348111368  0.40182773863901855
  0.41724799780264521  0.43269481892469852  0.44812443577610539  0.46354046517583936
  0.47915531764189428  0.49471957063535965  0.51021932484282295  0.52554767972319127
  0.54090226838789623  0.55642001765830706  0.57190312524146003  0.58736666909120083
  0.60296508052842035  0.61847471175917790  0.63384012762250364  0.64912504542143212
  0.66440578344040646  0.67978056672452858  0.69496220531790509  0.71000306447787787
  0.72463875571782244  0.73924990176066852  0.75383031032391723  0.76837853131196088
  0.78270946160434363  0.79655739331952569  0.81049483967696068  0.82447644367914230
  0.83851293095810975  0.85287779650717144  0.86744623786191688  0.88225763636059196
  0.89696026894190495  0.91156581084357446  0.92591025082926925  0.93947448054406213
  0.95160607626947791  0.96470210911369836  0.97556956314907473  0.98121225631939102
  0.98126546439376039  0.98141058039982954  0.98201820034943577  0.98274173068820991
  0.98345972876980514  0.98418391861097587  0.98490056356715183  0.98562506391993798
  0.98633293465599847  0.98704687238800026  0.98777488823126436  0.98850688843033296
  0.98922538627935619  0.98993013302508437  0.99064108028479825  0.99135018047176238
  0.99207629372063211  0.99279317630684705  0.99351036144076232  0.99422217619591413
  0.99493726821036643  0.99565999374175651  0.99638435400481373  0.99710190451435599
  0.99782919676965176  0.99856096230413249  0.99928187842963534  1.00000000000000000
 -0.00229826893332610  0.00920312579312285  0.01860363155109429  0.02829783658170435
  0.03743827642761649  0.04645328832011753  0.05540510964005104  0.06746348013942703
  0.08600260404416382  0.09523033544734548  0.10465011672996238  0.11343903807680258
  0.12205712923193748  0.13104996405490424  0.13920584390816548  0.14849838495070691
  0.16419937871734105  0.18139241965084821  0.19845354746828814  0.21366966519283559
  0.22598328435094800  0.23547611741536650  0.24308072358159755  0.25054212794236957
  0.25777904652544620  0.26530857368344235  0.27308920051814561  0.28046677071868803
  0.28784510774357575  0.29544758480552868  0.30355325780790515  0.31108476277321212
  0.31977933204417719  0.33009113746202706  0.34103918145760165  0.35194534998281163
  0.36182950367910510  0.37121954386970174  0.38069608972760505  0.39053251051614984
  0.40270100638490519  0.41736209857669382  0.43281632664283570  0.44755368536986717
  0.46145235346064828  0.46891884128494071  0.47916440508594332  0.48896902628734101
  0.49885281377028601  0.50713631417960892  0.51561331394268461  0.52513174575411792
  0.53617166498579805  0.54693554802614630  0.55636257423970792  0.56743393537427522
  0.58343384270813126  0.59959633011048097  0.61069563319368458  0.62016898503613616
  0.62942422409520693  0.63876379679059703  0.64796787661296618  0.65716672837329893
  0.66709270675292709  0.67804158615170773  0.68819656248494632  0.69786391458927399
  0.70779000958806826  0.71885020819552670  0.73031497258865541  0.74105499949541975
  0.75318542144350220  0.76730487268648351  0.78222783403331675  0.79756812908693031
  0.81298204952687114  0.82750453945318725  0.83919862496247843  0.84650269658531896
  0.85516375336304828  0.86436096832422482  0.87355124416764751  0.88200254281422530
  0.88966096226520763  0.89803704757489411  0.90786175115943146  0.91816168866068093
  0.92731597930621890  0.93812158062251638  0.95226228527045587  0.96362285349132126
  0.97366820785185737  0.98320729836163923  0.99189393592246522  1.00000000000000000
   1.2235837589597670E-005  -1.0000000000000000     
 T T T T F F F F F F F F T T T T F F F F F F F F F F F F F F F F
  <DiscreteSampler_grid>
  grouped_processes
  1 # 1 for a reference and 2 for a running grid.
  10 # Attribute 'min_bin_probing_points' of the grid.
  1 # Attribute 'grid_mode' of the grid. 1=='default',2=='initialization'
  0.0000000000000000 # Attribute 'small_contrib_threshold' of the grid.
  0.5000000000000000 # Attribute 'damping_power' of the grid.
 # binID   n_entries weight   weight_sqr   abs_weight
    10   10   2.475937934033201E+007   6.130274640715805E+014   2.475937934033201E+007
  </DiscreteSampler_grid>
