 -0.00234732315499738  0.00577783486660212  0.01697649605963784  0.03010220846709190
  0.04375901425913383  0.05737086964012826  0.07110094956100101  0.08384426449559287
  0.09635707891475671  0.10843475103388328  0.12036677561781528  0.13236021365068013
  0.14422418265250767  0.15581528684009138  0.16828846838991163  0.18098922235066178
  0.19412079977582386  0.20755941557601976  0.22090426978783806  0.23424273668956519
  0.24755378686107540  0.26080748264870574  0.27397330077522031  0.28703251503016691
  0.30005631715740361  0.31309769512108471  0.32618745260724469  0.33930401400312699
  0.35241199412280333  0.36548404841355153  0.37856247956600880  0.39162165905699270
  0.40467515495752560  0.41772169908844875  0.43074745925002705  0.44377726184417715
  0.45684768923517022  0.46996068111460565  0.48309027574724867  0.49623340053512927
  0.50952765294328051  0.52282224767290686  0.53612044724848984  0.54937856794197071
  0.56258055896942960  0.57576661964610909  0.58891374250896567  0.60203029496031313
  0.61513654081539682  0.62825190742302339  0.64139401978444610  0.65463711727999785
  0.66774408353571801  0.68078594510122303  0.69382594617318394  0.70691079736788520
  0.72002516627713375  0.73311944409461660  0.74626786315022708  0.75944303220836251
  0.77261225058283922  0.78577432966455751  0.79891917247066158  0.81202442734790847
  0.82514945707063492  0.83834054202524022  0.85162959792010207  0.86560008746564876
  0.87954953218772680  0.89359746596823153  0.90744257731961686  0.92034550634173329
  0.93262797609984782  0.94318233690749631  0.95470720677396048  0.96192748771631831
  0.96318406375921262  0.96466469854340542  0.96661018075424365  0.96854949841442639
  0.97050614118918377  0.97248083481805003  0.97443321437693298  0.97637303740721937
  0.97833034923378337  0.98029602058420084  0.98224085234436276  0.98419992417258328
  0.98615854209375009  0.98812077693831391  0.99009927058219649  0.99207483496532312
  0.99403892436819463  0.99601729014514551  0.99800269172567646  1.00000000000000000
 -0.00223626150501248  0.00883799690818107  0.01906896875432971  0.02968505514949620
  0.04054993459531289  0.05017791780048837  0.05948668635509742  0.06896751116801045
  0.07833129403137974  0.08813829845289070  0.09798516227703585  0.10830866747583602
  0.11893048464541242  0.12918585887926468  0.14629286914526846  0.15451778597668600
  0.16464537314572916  0.17512157835978198  0.18604939595146314  0.19611065371322592
  0.20602763268297852  0.21595533142532006  0.22559635178090423  0.23508156257119378
  0.24479255981570158  0.25466812642876524  0.26449253118487426  0.27416521716775921
  0.28632467208571938  0.30005048743169482  0.31318837478394146  0.32608182365862459
  0.33775439026745679  0.34737297638125370  0.35700373247794298  0.36707903793244978
  0.37740418358393246  0.38739250340137665  0.39861140842788134  0.41199512835584340
  0.42381692376924629  0.43416918175394109  0.44399695800346528  0.45354007179934780
  0.46315749312823112  0.47245215884296771  0.48157851038786287  0.49056777399919566
  0.49932616752454451  0.50848142924617434  0.51778701917440828  0.52733484526887775
  0.53730671350202874  0.54827632419372252  0.56079582700992792  0.57374504605476528
  0.58490047985636551  0.59463337430578411  0.60458079241089935  0.61441325334423613
  0.62381454633668987  0.63249356772435106  0.64136970955760120  0.65151269633651365
  0.66232796704698893  0.67232359884980974  0.68197029842735102  0.69349916738997797
  0.70561199766130145  0.71691806208860598  0.72713065151660772  0.73642234164171705
  0.74545970525151439  0.75478464593659056  0.76409189997672500  0.77301349320574375
  0.78173952751660003  0.78898655650027638  0.80281114577714341  0.81472875973396996
  0.82510221729947353  0.83617982679029146  0.84731704899154248  0.85820774728646543
  0.86846567492639593  0.87813840578384661  0.88757821601442466  0.89748167821403690
  0.90835172560941724  0.91963556167580807  0.93152747267356739  0.94470792041764462
  0.95873997977568104  0.97290596696248044  0.98669145216630416  1.00000000000000000
   5.7110095157528770E-004  -1.0000000000000000     
 T T T T F F F F F F F F T T T T F F F F F F F F F F F F F F F F
  <DiscreteSampler_grid>
  grouped_processes
  1 # 1 for a reference and 2 for a running grid.
  10 # Attribute 'min_bin_probing_points' of the grid.
  1 # Attribute 'grid_mode' of the grid. 1=='default',2=='initialization'
  0.0000000000000000 # Attribute 'small_contrib_threshold' of the grid.
  0.5000000000000000 # Attribute 'damping_power' of the grid.
 # binID   n_entries weight   weight_sqr   abs_weight
    10   10   4.608248305846069E+009   2.123595770849765E+019   4.608248305846069E+009
  </DiscreteSampler_grid>
