 -0.00386117440684275  0.00814892684386774  0.02165561537391991  0.03651926121154042
  0.05160734680475691  0.06669669330686594  0.08178331127349719  0.09684119684811984
  0.11175061280815346  0.12658414007488203  0.14140918841628189  0.15581284238987661
  0.17087823795176471  0.18866977717994846  0.20633974006375758  0.22395054038819251
  0.24166941047742219  0.25931785420221448  0.27686393675775695  0.29453013806642608
  0.31224944901018720  0.33005973780392073  0.34808167799829348  0.36624434583994603
  0.38450297062001526  0.40268996904829080  0.42077003288790221  0.43820251024677698
  0.45546404699396953  0.47272153894726943  0.48978214591263047  0.50670266497678174
  0.52328262308236762  0.53980163811473159  0.55622202485569705  0.57284460495780842
  0.58957365370925907  0.60544915501385743  0.62125404576868148  0.63694519291685114
  0.65256583469520157  0.66819116378235899  0.68403962340437774  0.70011635122038951
  0.71646226261327561  0.73266438279214929  0.74876251727187271  0.76452189460774933
  0.77990941315471229  0.79494323731989236  0.80999883926059590  0.82507038369664443
  0.84023357634142959  0.85591855074154322  0.87239583073629690  0.88875470546048574
  0.90504565334754206  0.92113655919961468  0.93603824609452924  0.94583593169718383
  0.95682439682374010  0.96574970807205851  0.96898603832632157  0.96910956169014140
  0.96941089243759115  0.97032715354695886  0.97132110102498326  0.97231439040532075
  0.97330550150507311  0.97431413436709469  0.97531345619118637  0.97629776477241925
  0.97728246516600337  0.97826593360115321  0.97924337048470500  0.98022533535308198
  0.98120582602397677  0.98220036074066974  0.98317552548793175  0.98414846090993635
  0.98514811969741123  0.98613710600537463  0.98711751138745296  0.98812929457801935
  0.98912706673635720  0.99012120605335219  0.99111809427256103  0.99210704783626558
  0.99307482597339158  0.99408007475796645  0.99508710084695196  0.99607564063856091
  0.99705519936942566  0.99803943796545280  0.99903351238273175  1.00000000000000000
 -0.00423212611460224  0.01297306780609681  0.02816250794091198  0.04220935429757839
  0.05573004735342142  0.06878933903180483  0.08105648349973385  0.09432297767456192
  0.10892808219314752  0.12256336411769954  0.13254713197408902  0.14072085432677517
  0.14898505319130204  0.15687312526870623  0.16449203617565752  0.17262287968025725
  0.18140695105761562  0.19098164740955251  0.20010939716412279  0.20941824870438797
  0.21878468819230878  0.22818267086960337  0.23774134962199756  0.24604469660276304
  0.25962854933365409  0.27567668043810917  0.28847554865497177  0.29802663030419380
  0.30571998541393947  0.31405100600664160  0.32307657143631002  0.33223059181811315
  0.34108657993988201  0.34881880330940845  0.35654285386592893  0.36523566742656471
  0.37395350359743679  0.38199137488798257  0.38993472224121895  0.39806234093643095
  0.40611739662743740  0.41399366587346631  0.42151484697464925  0.42871812141213783
  0.43561095917035558  0.44212178924148121  0.44876821329892286  0.45536260618445656
  0.46270256915997898  0.47030887911646857  0.47716520727173117  0.49035071775412314
  0.50589925243307665  0.52218208960336354  0.53852329940982768  0.55414631145500737
  0.56894319970927265  0.58227463781823208  0.59512503107089787  0.60754031993397650
  0.62031286559866328  0.63528619185225943  0.64826697539834399  0.65669659906917222
  0.66492443810421342  0.67360824195867053  0.68236388703900730  0.69040216447366642
  0.69794764282317834  0.70552876024881395  0.71352260129640865  0.72185470985083144
  0.73020555641765794  0.73856346529813011  0.74769497154525388  0.75962801346412312
  0.77497189080619944  0.79180409962487630  0.80728156132243023  0.81836697210437970
  0.82669753808126878  0.83480862695621427  0.84366403819027602  0.85260991713812706
  0.86104340858757289  0.86937653870088671  0.87801738043194144  0.89342623867948068
  0.90787688007535494  0.92388408423991819  0.93973949799128498  0.95399549923501781
  0.96662564682339180  0.97817573622918563  0.98913571885775509  1.00000000000000000
   3.4106620982987384E-007  -1.0000000000000000     
 T T T T F F F F F F F F T T T T F F F F F F F F F F F F F F F F
  <DiscreteSampler_grid>
  grouped_processes
  1 # 1 for a reference and 2 for a running grid.
  10 # Attribute 'min_bin_probing_points' of the grid.
  1 # Attribute 'grid_mode' of the grid. 1=='default',2=='initialization'
  0.0000000000000000 # Attribute 'small_contrib_threshold' of the grid.
  0.5000000000000000 # Attribute 'damping_power' of the grid.
 # binID   n_entries weight   weight_sqr   abs_weight
    10   10   6.216454950157797E+005   3.864546785028187E+011   6.216454950157797E+005
  </DiscreteSampler_grid>
