 -0.00501738094605212  0.00858070161225574  0.02272454443181743  0.03812449164389878
  0.05376649715940708  0.06956744160430861  0.08267677564903839  0.09551166962747831
  0.10811531591799461  0.12083952287555663  0.13349903901582416  0.14596633639941592
  0.15988346356407912  0.17422839395597911  0.18862451795793311  0.20306677072832408
  0.21754424242525291  0.23198074188855103  0.24638142980270980  0.26071890507668799
  0.27507256045442374  0.28943937874129094  0.30385131542239452  0.31842944259258632
  0.33314784288458932  0.34783062329237241  0.36249679308818311  0.37713684431292893
  0.39153586807270885  0.40587329501607250  0.42026712010560702  0.43464794609356511
  0.44901857105273574  0.46371748386627587  0.47846519623359490  0.49327412210215682
  0.50807596878711203  0.52289115539498643  0.53779078558245152  0.55269488356250929
  0.56760243222186291  0.58260492931598307  0.59760547846492962  0.61259878085534547
  0.62768896475966085  0.64280058012188546  0.65790443779129637  0.67294680430268583
  0.68793717845941726  0.70261818834877854  0.71733323773374369  0.73208690170637691
  0.74688423080179234  0.76169364343056578  0.77651744909569442  0.79132782652186662
  0.80613527151030662  0.82095180539685608  0.83590288435763671  0.85095168162993906
  0.86612004592930480  0.88126144332526524  0.89636589695129731  0.91220354784652380
  0.92838131212803598  0.94517952947421058  0.96334228945874500  0.97897423079998525
  0.98120608625526118  0.98126552833808600  0.98139938495851720  0.98205187529185367
  0.98280121418755850  0.98354771387145246  0.98429305610093853  0.98503878791544985
  0.98577935156136043  0.98652444133947093  0.98727723785824495  0.98803141096896796
  0.98877972854065632  0.98952752922351461  0.99027317997676567  0.99101538268662948
  0.99176142138203216  0.99251370312156151  0.99326566072760636  0.99401169531589584
  0.99475777027464096  0.99550915286770802  0.99626191475310710  0.99701265081660551
  0.99776411709930479  0.99851199434010784  0.99925610958846800  1.00000000000000000
 -0.00452780470628746  0.01347556681535548  0.02730722798257713  0.03850070333469843
  0.04914160385259336  0.06027572994193595  0.07098076979020011  0.08124044777231762
  0.09143938373396147  0.10209315365116342  0.11298929370073009  0.12790616714843792
  0.14338756057472429  0.15432960340462964  0.16357922840680017  0.17281198695324032
  0.18204094460979151  0.19157562105473419  0.20013129531602161  0.21182924361625119
  0.22574977242986397  0.23806873727321287  0.24828811350877633  0.25946412328657326
  0.27073641988933900  0.28149039622569844  0.29219535424184850  0.30241457197401189
  0.31271507938085474  0.32363240232831453  0.33426986632754718  0.34428091077070655
  0.35467278235815347  0.36783648531808705  0.38443096079038896  0.40017314219700162
  0.41470907473571267  0.42436070774645107  0.43280947340250747  0.44208080188249271
  0.45061012538840783  0.45895529922995559  0.46763933920363915  0.47663304908187476
  0.48809317551282111  0.50019552275315482  0.51197711264186718  0.52303948172569403
  0.53428132737647693  0.54445889081852783  0.55412478182399483  0.56361944092149940
  0.57295841222875221  0.58266726461608898  0.59168631054539822  0.60045649525872513
  0.60936368749776226  0.61885456500430192  0.62922066382440667  0.64023403168878779
  0.65080442399384386  0.66065064171654031  0.67048039460583531  0.68054890373413457
  0.69103768311442570  0.70184084661661084  0.71277698127897171  0.72379160485832428
  0.73440865924872512  0.74453950537655056  0.75465480007795871  0.76528623432056098
  0.77658747903625502  0.78798205465684101  0.79869466711742365  0.80925197692945228
  0.81998261812318951  0.83063475266081943  0.84015659022155986  0.84879108902117362
  0.85767887264175435  0.86699278895156362  0.87627885436254394  0.88592209041838876
  0.89562387602177507  0.90563756536338780  0.91562593584176566  0.92526227267036787
  0.93489273283949437  0.94416114426608122  0.95311068101877006  0.96223444981977346
  0.97146049069650353  0.98116963745581687  0.99076466645549455  1.00000000000000000
   3.1119704036646637E-006  -1.0000000000000000     
 T T T T F F F F F F F F T T T T F F F F F F F F F F F F F F F F
  <DiscreteSampler_grid>
  grouped_processes
  1 # 1 for a reference and 2 for a running grid.
  10 # Attribute 'min_bin_probing_points' of the grid.
  1 # Attribute 'grid_mode' of the grid. 1=='default',2=='initialization'
  0.0000000000000000 # Attribute 'small_contrib_threshold' of the grid.
  0.5000000000000000 # Attribute 'damping_power' of the grid.
 # binID   n_entries weight   weight_sqr   abs_weight
    10   10   1.953155321815095E+007   3.814823753542041E+014   1.953155321815095E+007
  </DiscreteSampler_grid>
