 -0.00333347143553023  0.00712002407794599  0.01959094021969367  0.03329643066809336
  0.04706595707155287  0.06088606141611332  0.07465385295131041  0.08833572847498723
  0.10186693069799768  0.11527379544461373  0.12853076799724622  0.14157681918130949
  0.15660174133657637  0.17218471731410812  0.18823454553147931  0.20421281822981560
  0.22016011199626312  0.23606059934164250  0.25210886734548582  0.26823738640123695
  0.28446858965226918  0.30083977850440491  0.31733020580904586  0.33416636414841144
  0.35093208681077270  0.36761837216818122  0.38373519087520908  0.39972823094784193
  0.41560034773193000  0.43104276589308554  0.44635923320067644  0.46149186432814232
  0.47640295260626914  0.49131039164401485  0.50652664080726240  0.52152957990903492
  0.53636561696445018  0.55073613368185237  0.56510343695975807  0.57946753533133477
  0.59373376829368463  0.60830449630219874  0.62333884078900159  0.63822595574856134
  0.65300911137943896  0.66759263217138032  0.68168182535596067  0.69553844275581389
  0.70935146118197923  0.72330766560256299  0.73747509685559731  0.75165381903573358
  0.76583332513460090  0.78000314140999560  0.79409820554140942  0.80811624443450158
  0.82207790668539493  0.83601376033284014  0.84987392094028524  0.86375146988580698
  0.87764591259259184  0.89151895731830166  0.90577706171504924  0.92130436445515917
  0.93663047202428562  0.95178707310248079  0.96591285331762466  0.97723782993482644
  0.98143416375499959  0.98727989918458559  0.98744135322406890  0.98752993952620416
  0.98793740663286855  0.98846018014282455  0.98898228025942636  0.98950783041473656
  0.99003400114312856  0.99055860930538109  0.99107743398171522  0.99159980090555833
  0.99212562179606012  0.99265520690472631  0.99316843013269474  0.99369031903819860
  0.99421655157728095  0.99474294682703013  0.99527602703763896  0.99580477825961589
  0.99632937178718495  0.99684865966416103  0.99737659728570371  0.99790994393034671
  0.99843377216381490  0.99895463757590375  0.99948246759175441  1.00000000000000000
 -0.00486828596282183  0.01392936544454615  0.03059101382205473  0.04595414174896795
  0.06079537816534195  0.07514178755699626  0.08795454465475207  0.10205594449161588
  0.11642240443643145  0.12720341894561851  0.13527230650461344  0.14310991078675631
  0.15081734749304918  0.15817779977510360  0.16543249195968462  0.17312081734476897
  0.18144878152199356  0.19035364186592779  0.19930014680542074  0.20856399488193750
  0.21810813534465529  0.22752709823117614  0.23657489698800721  0.24565692462969871
  0.25786312091199198  0.27475851616469799  0.29005568307893698  0.29907625673599392
  0.30691614301151232  0.31520801955423894  0.32421696552583068  0.33333644697224951
  0.34196667527216890  0.34946756359788811  0.35662468669186925  0.36457885643611065
  0.37296613992653055  0.38100695922180217  0.38912760037436911  0.39720498854126285
  0.40503637682975274  0.41282289542321732  0.42044332716388144  0.42739968654023169
  0.43394781702565199  0.44046261007489279  0.44704976687832648  0.45335113997926479
  0.45980629180826948  0.46710122887587457  0.47475180278096651  0.48544715529768356
  0.50484231990504502  0.52288250592988617  0.53913145487006242  0.55382509530397694
  0.56768029558324018  0.58135189778651097  0.59438756658766823  0.60773679673958059
  0.62201207040779061  0.63855326125557710  0.65032157802052637  0.65775042281585128
  0.66597364509721912  0.67427420119004411  0.68241268037674585  0.68986102722403242
  0.69670390879751964  0.70373204650396248  0.71068627413118690  0.71820409511161665
  0.72586592630468094  0.73390317694017315  0.74160937396124316  0.75187848219059605
  0.76701500071897810  0.78583413079543341  0.80697093100021122  0.81662848305304681
  0.82448508023838551  0.83246108497445059  0.84135105641089170  0.84992808007159948
  0.85838230844486285  0.86699739992610314  0.87605257848975937  0.88832921923527142
  0.90429975359963266  0.92026682701233375  0.93542222370561245  0.94982013395722398
  0.96341366205451828  0.97616904285134087  0.98820724405148153  1.00000000000000000
   2.6425049987022514E-007  -1.0000000000000000     
 T T T T F F F F F F F F T T T T F F F F F F F F F F F F F F F F
  <DiscreteSampler_grid>
  grouped_processes
  1 # 1 for a reference and 2 for a running grid.
  10 # Attribute 'min_bin_probing_points' of the grid.
  1 # Attribute 'grid_mode' of the grid. 1=='default',2=='initialization'
  0.0000000000000000 # Attribute 'small_contrib_threshold' of the grid.
  0.5000000000000000 # Attribute 'damping_power' of the grid.
 # binID   n_entries weight   weight_sqr   abs_weight
    10   10   7.425606703401037E+005   5.513979732530997E+011   7.425606703401037E+005
  </DiscreteSampler_grid>
