  0.06156559930306277  0.08769573359597586  0.11382586788888896  0.13995600218180207
  0.16608613647471518  0.19221627076762829  0.19877768491168868  0.20012979671831357
  0.20148190852493850  0.20283402033156339  0.20687299727122441  0.21254078916209107
  0.21822263978506218  0.22385594546954041  0.22945044376114510  0.23507074082994650
  0.24069635035235237  0.24631546025258025  0.25193721713047756  0.25760355784250061
  0.26330303626921109  0.26903275283770411  0.27470949942248107  0.28035153441898097
  0.28592191765725061  0.29148605259982169  0.29701666569785345  0.30250383747902460
  0.30742631975109108  0.31673838084572070  0.33243025570601076  0.34835996128353414
  0.36407536255611206  0.37958766284618395  0.39541434134127773  0.41097431876313806
  0.42607813404268652  0.44124017034260926  0.45627660227911337  0.47112875322083114
  0.48562988113973299  0.50012688259088378  0.51464549880300992  0.52901661665546196
  0.54326347946065279  0.55738211286004502  0.57180822209077853  0.58622223219887870
  0.60061336073641558  0.61526454751562876  0.63002817228053087  0.64491316539979748
  0.65982016767099194  0.67486037489527551  0.69005472554929315  0.70522221216194592
  0.72026574407942368  0.73518780996109667  0.75034544223445110  0.76533549824596092
  0.78020993940112504  0.79524387560833976  0.81035267451306414  0.82550453120867906
  0.84066882204543791  0.85563970543554291  0.87052174556105910  0.88534492277207466
  0.90036050685309055  0.91558814587527970  0.93130256026534675  0.94681158068215376
  0.96229976802611616  0.97797163237295537  0.98924904486362997  0.99367983843169527
  0.99371081034727404  0.99382477677119940  0.99416582896110228  0.99450816379602380
  0.99484863662001977  0.99519316600013108  0.99553475736353003  0.99587551876575120
  0.99622452878802492  0.99657054693754388  0.99692033970123961  0.99726691173541226
  0.99761226882432097  0.99795374365985545  0.99829055434272562  0.99863090812540367
  0.99897114890144623  0.99931620379699293  0.99966191313753827  1.00000000000000000
 -0.00239743407626243  0.00713422919834725  0.01878002534311671  0.02343684988357839
  0.02665963942557896  0.03234663658310860  0.03833278875546749  0.04569911400926559
  0.05302023688513544  0.05993202250335808  0.06687367986586813  0.07379166551993012
  0.08014120635569448  0.09035365973109986  0.10575709039705286  0.12267194045649570
  0.13954388254321398  0.15660794593272062  0.17505593806443800  0.18697021414226669
  0.19417207074279488  0.19993678150914848  0.20564278952205406  0.21151531486176994
  0.21746112935432738  0.22393761526315364  0.23048460915980612  0.23611463020894269
  0.24153613565246634  0.24747039647678651  0.25830983253071510  0.27530972444522833
  0.29166015940927831  0.30657438165044953  0.32065420302269648  0.33458718309554325
  0.34867578741574068  0.36311409929817307  0.37670603966527255  0.38696269075251560
  0.39746505871729987  0.40786850190687796  0.41763988048116268  0.42647704976214623
  0.43529389784330458  0.44187520063039359  0.44707959329531582  0.45247905478332240
  0.45808439179549104  0.46321163245706309  0.46865396690298716  0.47383733188268085
  0.47963541573247892  0.48559351030460601  0.49152485526394457  0.49757192619094170
  0.50377777976131688  0.51064186284732183  0.51671423249384207  0.52677143106608559
  0.54094329838589239  0.55662296596352923  0.57140611335683122  0.58584298649088196
  0.60025509275680966  0.61410311784197369  0.62801609946646519  0.64211196340042798
  0.65668648568423504  0.67104732707558701  0.68540575798931702  0.70021659872791686
  0.71581785914272777  0.73066186070626093  0.74572122016793319  0.76040073056775948
  0.77543961772924053  0.79117887975008283  0.80812030828045522  0.82672830795727381
  0.84481872288022886  0.85766362554196929  0.86438565007083823  0.87225685863906277
  0.88039675576055831  0.88809718990948905  0.89517464776626732  0.90202662772060038
  0.90864322377020090  0.91542666642477155  0.92648631081656740  0.94087282070934508
  0.95518779447008351  0.96941803179448027  0.98404806200967720  1.00000000000000000
   2.6901021324873315E-006  -1.0000000000000000     
 T T T T F F F F F F F F T T T T F F F F F F F F F F F F F F F F
  <DiscreteSampler_grid>
  grouped_processes
  1 # 1 for a reference and 2 for a running grid.
  10 # Attribute 'min_bin_probing_points' of the grid.
  1 # Attribute 'grid_mode' of the grid. 1=='default',2=='initialization'
  0.0000000000000000 # Attribute 'small_contrib_threshold' of the grid.
  0.5000000000000000 # Attribute 'damping_power' of the grid.
 # binID   n_entries weight   weight_sqr   abs_weight
    10   10   8.875704936143324E+006   7.877814373094412E+013   8.875704936143324E+006
  </DiscreteSampler_grid>
