 -0.00409095636559625  0.00929360755762777  0.02405113031498630  0.03939790686097423
  0.05474073520188086  0.07023960021604558  0.08606792311586130  0.10092472839907993
  0.11450467539608719  0.12768297177572685  0.14131064038217050  0.15486985240056206
  0.16833320961081252  0.18183225060846367  0.19568835363353332  0.20965570764774055
  0.22420222196135139  0.23893199364828618  0.25354423935251230  0.26804386744150144
  0.28256063413638022  0.29707809843074245  0.31156682500452554  0.32596151365430304
  0.34038096806447732  0.35481050746659792  0.36922969603695727  0.38361686420400681
  0.39799021905148663  0.41234912867686935  0.42668951090937074  0.44101908611585572
  0.45537732444051915  0.46974575602197605  0.48411153363068632  0.49848566421220575
  0.51289040646563877  0.52732370179449573  0.54171312887216916  0.55611287129502862
  0.57056368381966860  0.58503552827562821  0.59942955191760194  0.61376176371902047
  0.62807566486857702  0.64245366266318527  0.65690182213439341  0.67127400601730669
  0.68564620769526463  0.70009417272625674  0.71460679149699435  0.72910820502654594
  0.74359919625671045  0.75810424975458512  0.77268131025957265  0.78735498085999267
  0.80266448731491180  0.81840409435369821  0.83429529193252405  0.85138723051806831
  0.86520868471906687  0.87516690191025781  0.87873657647706871  0.88028437709323715
  0.88377858261676479  0.88742784935460339  0.89103569116688364  0.89465577909259586
  0.89828184814056666  0.90192987481121778  0.90563300883116882  0.90932220632278482
  0.91304171535055656  0.91674101158227495  0.92045823425108864  0.92415814795157802
  0.92787150637862703  0.93161357608495188  0.93532777071720263  0.93904771477935955
  0.94277471529021828  0.94651788909577372  0.95027146366309367  0.95402251313485653
  0.95776314577962152  0.96153663672764378  0.96537560626091756  0.96920339110724973
  0.97303718511304527  0.97686072958769532  0.98070281252425928  0.98452438041512191
  0.98836681312691588  0.99223314310387523  0.99612769694109504  1.00000000000000000
 -0.00345617586196818  0.01252804622400977  0.02379788815164459  0.03432942215961142
  0.04493453237561079  0.05516651652407516  0.06547164372045501  0.07502885975800794
  0.08512100480210119  0.09739207557882394  0.11063093082778958  0.12283222856706981
  0.13323753711460254  0.14265815924590530  0.15170556606436869  0.16085480236903005
  0.17001226734371827  0.17865778351130485  0.18707470021937359  0.19655095538687620
  0.20732214857622763  0.21905037966488666  0.23262047475708436  0.24477976226568901
  0.25709395158065484  0.27008428856394068  0.28274159894464257  0.29452765906802525
  0.30541719092940883  0.31548991849888847  0.32499638105410783  0.33445958739814713
  0.34446871865988793  0.35478907239955615  0.36498547663478687  0.37595942985298747
  0.38812590057669155  0.40018747350275302  0.41118925486370311  0.42171211745799081
  0.43246191715245091  0.44309120264930701  0.45351706601985547  0.46473640749961137
  0.47680171997369886  0.48909104503041040  0.50143792937012610  0.51369009565650814
  0.52649919151177826  0.53792485031262816  0.54957235239397118  0.56150777248209061
  0.57345775571134427  0.58570935985418593  0.59815404141686968  0.60843004339012696
  0.61710590074606697  0.62588595479380782  0.63464850583671328  0.64366050737309410
  0.65247519781753915  0.66069001208673672  0.66952935406960512  0.67992199974835310
  0.68989825449703246  0.69950745932755831  0.70890893199379246  0.72245352537078478
  0.73384841264002021  0.74416211230535345  0.75458281480783984  0.76506747402916830
  0.77543061996582019  0.78485337647332820  0.79407543082494003  0.80355572413471832
  0.81320787369020686  0.82275845256661417  0.83233410962125653  0.84211215455730093
  0.85200779030649698  0.86182761380134565  0.87158244497068749  0.88157450127552439
  0.89155639387621244  0.90107564495358938  0.90995554761018871  0.91911313845155507
  0.92865835768407001  0.93843918166058737  0.94775818984909888  0.95704914879668990
  0.96712080545451828  0.97827437804922968  0.98927179404662557  1.00000000000000000
   1.0535845162127184E-003  -1.0000000000000000     
 T T T T F F F F F F F F T T T T F F F F F F F F F F F F F F F F
  <DiscreteSampler_grid>
  grouped_processes
  1 # 1 for a reference and 2 for a running grid.
  10 # Attribute 'min_bin_probing_points' of the grid.
  1 # Attribute 'grid_mode' of the grid. 1=='default',2=='initialization'
  0.0000000000000000 # Attribute 'small_contrib_threshold' of the grid.
  0.5000000000000000 # Attribute 'damping_power' of the grid.
 # binID   n_entries weight   weight_sqr   abs_weight
    10   10   5.203697983116900E+009   2.707987368985198E+019   5.203697983116900E+009
  </DiscreteSampler_grid>
