 -0.00534533221440040  0.01183428567081757  0.02986290772592918  0.04909559096536625
  0.06855599081516929  0.08806720497117559  0.10758460774457701  0.12733465870848498
  0.14717708163559892  0.16694046010849789  0.18652052639714584  0.20597177316752113
  0.22795557382788764  0.25044067379515161  0.27379433499768580  0.29690708589582099
  0.31992153026049763  0.34328984247488498  0.36664097709919502  0.38995695444860540
  0.41330097970659030  0.43666098230393585  0.45950291482665551  0.48233933503273901
  0.50522355803007013  0.52792082131059226  0.55050439189764111  0.57169271204973038
  0.59280138751154721  0.61384097995442510  0.63476830665670236  0.65562152544780694
  0.67559077877342733  0.69542377074095429  0.71505567371290280  0.73426474149264798
  0.75304890804412650  0.77346832552980671  0.79458584941724997  0.81548633086381028
  0.83634569787321678  0.85574725780406147  0.87043014259566565  0.87410904137471479
  0.87863194071493755  0.87910802976499758  0.88014313336682182  0.88255809820522069
  0.88503899613161441  0.88749562155267137  0.88994877923491955  0.89242317561128603
  0.89491709639667583  0.89741693853770510  0.89989758270550546  0.90236230191077260
  0.90482314629733274  0.90732045078659029  0.90981824213218576  0.91228561976592903
  0.91475383640704788  0.91726223223125680  0.91973311468251728  0.92216472768787250
  0.92458543398967397  0.92699795303480315  0.92939975356856630  0.93186638591504467
  0.93434377995258067  0.93678151319152336  0.93919172329629752  0.94159037487346964
  0.94403717545565924  0.94650745495694977  0.94895908057301304  0.95139875070929725
  0.95387560055882126  0.95635820720415410  0.95877592173437387  0.96121021092810832
  0.96367380958179549  0.96611914147315270  0.96858394000298143  0.97102236666034336
  0.97340935072090828  0.97579445641750029  0.97824151620586730  0.98069964629475304
  0.98312877371538299  0.98556114078637092  0.98797989239432316  0.99037371839810073
  0.99278585216206350  0.99522413438929269  0.99762516400634749  1.00000000000000000
 -0.00331733549639544  0.01087099055263596  0.02326199110995397  0.03511663559898592
  0.04669274300784688  0.05766526202124778  0.06892743797893817  0.08090455043721451
  0.09358535534629270  0.10705976073773743  0.12069934412163419  0.13178773517798076
  0.14032582666414914  0.14862186783820491  0.15672755380676479  0.16545849870560014
  0.17438605503704815  0.18358383610598378  0.19321340254016039  0.20341662197057253
  0.21380899258649064  0.22456386596625563  0.23540290391282467  0.24490075605557057
  0.25678547763182286  0.27039713056827075  0.28318440773728487  0.29441780281326035
  0.30277123359039537  0.31302319260684458  0.32347870618924995  0.33320980001436973
  0.34152826898655181  0.34918559084811479  0.35762213971336082  0.36701457975407903
  0.37680583549459440  0.38604207387138795  0.39487487463611209  0.40359887361758573
  0.41230087043063379  0.42067881862294393  0.42878017870081497  0.43643535941816447
  0.44364984610467290  0.45052057084370073  0.45743429318186574  0.46516827528217314
  0.47319994921676628  0.48252891842826806  0.49386787177028546  0.50529702320499204
  0.51739581576742277  0.52944332585514220  0.54181394445367592  0.55609993709457506
  0.57176289759552634  0.58655941744608964  0.59935633879951489  0.61065430732334336
  0.62157306309517679  0.63277556538272206  0.64403161310302337  0.65404508837904762
  0.66242889150801865  0.67065729606883762  0.68011828052026813  0.69017549429155645
  0.69877967158343490  0.70690912356776181  0.71605706746952225  0.72536740464537497
  0.73461530472369108  0.74278774727734909  0.75203629230983560  0.76446745843860109
  0.77787625500177193  0.79240778775114262  0.80690708778132980  0.81914235662698121
  0.82859921875223075  0.83725680639639133  0.84572232402199732  0.85531076915642146
  0.86511179674357486  0.87553599660395565  0.88752767343688055  0.90050151487834662
  0.91341064796535265  0.92755612108454588  0.94228711902095563  0.95586714864640832
  0.96798831758806581  0.97909736958140159  0.98967692882872338  1.00000000000000000
   8.0515145121262814E-007  -1.0000000000000000     
 T T T T F F F F F F F F T T T T F F F F F F F F F F F F F F F F
  <DiscreteSampler_grid>
  grouped_processes
  1 # 1 for a reference and 2 for a running grid.
  10 # Attribute 'min_bin_probing_points' of the grid.
  1 # Attribute 'grid_mode' of the grid. 1=='default',2=='initialization'
  0.0000000000000000 # Attribute 'small_contrib_threshold' of the grid.
  0.5000000000000000 # Attribute 'damping_power' of the grid.
 # binID   n_entries weight   weight_sqr   abs_weight
    10   10   9.196804386793256E+005   8.474955226685812E+011   9.196804386793256E+005
  </DiscreteSampler_grid>
