 -0.00437511632359199  0.01245930005150159  0.02622181050111821  0.03999282362602303
  0.05395653195580186  0.06750969753219738  0.07947811550502089  0.09157617983745500
  0.10372626772756754  0.11587803271476864  0.12813402615092231  0.14079908612887296
  0.15416344522611447  0.16739356014929327  0.18054812751586358  0.19361202396330984
  0.20653570985465328  0.21942271522493190  0.23227798227443064  0.24511679749537699
  0.25797802383126150  0.27090722728708799  0.28381069291141020  0.29673935997720008
  0.30976208535265648  0.32272385983076268  0.33580824113201319  0.34925413839424907
  0.36269133914369595  0.37612497808953044  0.38955558663529183  0.40311477098260778
  0.41673397887657371  0.43042414675314961  0.44404196045751082  0.45764104312456561
  0.47127278914902615  0.48511450587559174  0.49908682204803662  0.51301740881480062
  0.52699251581108975  0.54101698033328183  0.55499243456063063  0.56902142366228947
  0.58314776825630366  0.59710129647858567  0.61086367840490596  0.62427589573548958
  0.63766426798588960  0.65109185188474261  0.66463451843525012  0.67765339281860881
  0.69057273677532238  0.70360409341804775  0.71673519431237465  0.72991755151983029
  0.74315151911068733  0.75641652349833977  0.76958840420842312  0.78261088648433863
  0.79570587536445891  0.80906139200654958  0.82287321627956311  0.83667337094861272
  0.85040874903291896  0.86402122022101979  0.87815288228383259  0.89243325353678826
  0.90679709509009288  0.92115219303052387  0.93550734490528109  0.94992189928655624
  0.96471173704489843  0.97978192800346386  0.99098056372619381  0.99367882238420591
  0.99371290012072477  0.99383968079992591  0.99418694732584179  0.99453100742967981
  0.99487756920294323  0.99521419536660516  0.99555460063493462  0.99589945068727881
  0.99624211667927498  0.99658114714811752  0.99692047546463680  0.99726390170861123
  0.99760455991067276  0.99794174354010667  0.99828494645339472  0.99862755486037624
  0.99897042966700467  0.99931579463779829  0.99965878950161613  1.00000000000000000
 -0.00207592663918754  0.00860428520701946  0.01769770381536309  0.02766536751042613
  0.03695760364816902  0.04593387482859716  0.05547952497389425  0.07000137125471965
  0.08606605087644398  0.09643210588871291  0.10525675662369617  0.11386784789917756
  0.12259131786269706  0.13150028100477090  0.13952123060854801  0.15011253132872648
  0.16771306501474534  0.18800075452743070  0.20608775451307293  0.21859751954036771
  0.22796682660409900  0.23621206306851097  0.24349481855482993  0.25086166043548425
  0.25769681038933562  0.26524119745149427  0.27301290517673982  0.28041315259736221
  0.28752562888466726  0.29490688510936752  0.30249851936516176  0.30957569729594270
  0.31845409680069187  0.32914112170069626  0.34021034342199735  0.35105760840172995
  0.36076886342732006  0.37040353400018045  0.38046992865423307  0.38958179295895673
  0.40118710945256669  0.41766689047869282  0.43547480660081012  0.45147083441912833
  0.46364518647393638  0.47149164933798754  0.48162039477832302  0.49106443337418842
  0.50019584767732195  0.50841214404342994  0.51651178283782773  0.52568275664430364
  0.53656066289749704  0.54768424976887442  0.55707637094243301  0.56631044078020132
  0.58732033914328419  0.60149448625882140  0.61207761432228658  0.62135924873575987
  0.63026241092626023  0.63932140362724243  0.64823831477048877  0.65701188344069816
  0.66621231073808951  0.67608175173909424  0.68584962480145195  0.69486057833736004
  0.70430919486134536  0.71492074975547282  0.72635651349316077  0.73757224079751393
  0.74740802488170599  0.75925253566061868  0.77572839242802882  0.79299379347385501
  0.81023438711292628  0.82648453353924589  0.83861375215752787  0.84588113100099505
  0.85472544890276958  0.86382903817246293  0.87249150572405265  0.88038471620719694
  0.88781612147520639  0.89557951725336016  0.90521256964399488  0.91541000834368824
  0.92493193286837883  0.93499296516441388  0.94913315154272637  0.96239713649100145
  0.97288870661828164  0.98272915680018691  0.99173238201527170  1.00000000000000000
   6.6158408693153700E-006  -1.0000000000000000     
 T T T T F F F F F F F F T T T T F F F F F F F F F F F F F F F F
  <DiscreteSampler_grid>
  grouped_processes
  1 # 1 for a reference and 2 for a running grid.
  10 # Attribute 'min_bin_probing_points' of the grid.
  1 # Attribute 'grid_mode' of the grid. 1=='default',2=='initialization'
  0.0000000000000000 # Attribute 'small_contrib_threshold' of the grid.
  0.5000000000000000 # Attribute 'damping_power' of the grid.
 # binID   n_entries weight   weight_sqr   abs_weight
    10   10   2.008854824370424E+007   4.035497860694622E+014   2.008854824370424E+007
  </DiscreteSampler_grid>
