 -0.00582842014786115  0.01602846807783836  0.03278503928966196  0.04583207735403576
  0.05927827694067229  0.07275172708668327  0.08611982349600418  0.09949856352582687
  0.11294739335411857  0.12656137766825121  0.14028619462472794  0.15404608906225256
  0.16782165571416427  0.18148457337338869  0.19503562245595304  0.20843238761235827
  0.22146875158359663  0.23445850310949073  0.24745660732241406  0.26071018868402018
  0.27393343338527659  0.28706718465704434  0.30018247730795328  0.31327495300094005
  0.32633925834677041  0.33936121644762501  0.35236654415073254  0.36535368460151091
  0.37834349900954234  0.39136592880304150  0.40443237553464878  0.41766176247419662
  0.43085185024187639  0.44397656142609715  0.45734397328151188  0.47078158486823057
  0.48428296558480904  0.49797184730800192  0.51158563815526226  0.52510868341688399
  0.53848856555175451  0.55199443817261029  0.56565758407100419  0.57931954196890023
  0.59306270526513816  0.60695446530394903  0.62106637875136705  0.63521508664616977
  0.64934674125374614  0.66343557546404797  0.67741703822005550  0.69116646530628023
  0.70474276399235414  0.71829106268744469  0.73187819414782918  0.74521005712074984
  0.75850914991147800  0.77191500992596362  0.78527024822096592  0.79857603126473320
  0.81180456412375934  0.82494678064597848  0.83804671815526066  0.85109561384638044
  0.86404438125413230  0.87705824600492488  0.89029124447784291  0.90373183468709306
  0.91727700063011119  0.93093635676895525  0.94422684482500463  0.95730865119401176
  0.97015314223787996  0.98436210445037609  0.99269535098394457  0.99368057080655747
  0.99372016380493311  0.99389447926406860  0.99422908112182407  0.99456849905010469
  0.99490551321085607  0.99524663975598815  0.99558782587205663  0.99592434965133869
  0.99626685147639760  0.99660382285478966  0.99693990396561560  0.99728579197817024
  0.99762735581664186  0.99796371764217984  0.99830083230852817  0.99863955595057197
  0.99897789895400124  0.99931817853547233  0.99965693950891288  1.00000000000000000
 -0.00426475554854676  0.01316248881293141  0.02350311621194772  0.03124546693926310
  0.03955150191070016  0.04722447418999819  0.05424168686365504  0.06088152040384533
  0.06713542001327032  0.07365255358613376  0.08000790390393224  0.08627403786722140
  0.09297803071145458  0.09977428049029621  0.10637234357975694  0.11295462029755185
  0.11938872522469762  0.12586889576977014  0.13411674083704614  0.14259065632251089
  0.15069369342879382  0.15851205109130218  0.16723706667590024  0.17907804757015205
  0.19447275830005817  0.20923035405839274  0.22482123054698114  0.24031429605306004
  0.25302839903471785  0.26212439948630095  0.27018202499146549  0.27840836403364760
  0.28694463775805901  0.29468680386670054  0.30148005236959435  0.30816639946468599
  0.31513132400435817  0.32293631198305667  0.33078942658233385  0.33854882518438151
  0.34590152961091658  0.35410620737019344  0.36753397086425105  0.38374863461159503
  0.39957699416831172  0.41463271220609904  0.42884653868838307  0.44303072941772048
  0.45736835747564741  0.47178412063332426  0.48596864907857806  0.49998050108866327
  0.51386557143159217  0.52792866190858212  0.54256678274560022  0.55791062109594891
  0.57330428729215843  0.58700031970657696  0.59440186819624197  0.60297859545175148
  0.61121293649876351  0.61957056765913432  0.62727064832387147  0.63398272025399216
  0.64058398854661847  0.64788916371654415  0.65620245012312151  0.66391984917572666
  0.67119593624325358  0.67849550564949146  0.68503167076299132  0.69827563788666114
  0.71460349786736177  0.72934027896192466  0.74377085518652941  0.75816780916186455
  0.77288849520986658  0.78790448097632693  0.80374934452131963  0.81891102785340042
  0.83329267909643512  0.84753225701461454  0.86167732913095829  0.87574535792060881
  0.88818135629621220  0.89876542544009119  0.90633020872568892  0.91404932843333941
  0.92204321917339405  0.93025805620678004  0.93864181117270484  0.94737830823251434
  0.95696096898877681  0.96974114716115611  0.98452792149862267  1.00000000000000000
   2.6670109072402871E-006  -1.0000000000000000     
 T T T T F F F F F F F F T T T T F F F F F F F F F F F F F F F F
  <DiscreteSampler_grid>
  grouped_processes
  1 # 1 for a reference and 2 for a running grid.
  10 # Attribute 'min_bin_probing_points' of the grid.
  1 # Attribute 'grid_mode' of the grid. 1=='default',2=='initialization'
  0.0000000000000000 # Attribute 'small_contrib_threshold' of the grid.
  0.5000000000000000 # Attribute 'damping_power' of the grid.
 # binID   n_entries weight   weight_sqr   abs_weight
    10   10   2.522339296574601E+007   6.362195585629038E+014   2.522339296574601E+007
  </DiscreteSampler_grid>
