 -0.00567859759071580  0.01399251489480948  0.03243034626867076  0.05032941504447996
  0.06854566512569742  0.08596425785393857  0.10319512362836797  0.11944397869117671
  0.13445860137966714  0.14952292836997033  0.16472561837990615  0.17981479317745852
  0.19483872085324924  0.21009146741736417  0.22631702197996303  0.24218373793687384
  0.25784711707800462  0.27343100385964902  0.28904838232472646  0.30467181630259316
  0.31999049566763410  0.33523190905489419  0.35049064893484089  0.36574359653548555
  0.38090729604312473  0.39601351957155517  0.41109094376565519  0.42617031689545970
  0.44116953374304141  0.45609759705500968  0.47099025947179390  0.48586648816870220
  0.50070212951588189  0.51537702491401183  0.52997880785179918  0.54457256632017437
  0.55927900365319028  0.57397724595338850  0.58863648767049914  0.60321533618376499
  0.61766333375136462  0.63194213205196859  0.64625265461659498  0.66058303535150364
  0.67490695711824733  0.68908452092604311  0.70326256613655125  0.71750071298841178
  0.73178740837234235  0.74599374914177008  0.76016301441395229  0.77440962124609303
  0.78879339042672281  0.80342891786401371  0.81655496483736623  0.82953626962724536
  0.84261385195430183  0.85577876359883132  0.86812013371343844  0.87735807692827816
  0.87891160251473521  0.88094624999433591  0.88439624551539553  0.88786099370825344
  0.89134568239805712  0.89484297598738693  0.89834200200700032  0.90184515216875272
  0.90530092169428589  0.90876010590683531  0.91225172125124987  0.91570830681047810
  0.91915050842167811  0.92261278709778682  0.92612260070431007  0.92961304163124625
  0.93309523708402153  0.93660777165358422  0.94013617472256295  0.94363698014920561
  0.94715981851394015  0.95067128682238822  0.95413727051332198  0.95764515743411804
  0.96116256838417391  0.96467860410290285  0.96819257815437143  0.97168963708055356
  0.97519700327140235  0.97874336142766383  0.98229762707437607  0.98583778134801969
  0.98939229445478571  0.99293983512463579  0.99646659466109155  1.00000000000000000
 -0.00324548344957602  0.01108272958941037  0.02141096370743377  0.03051602841090115
  0.03986886735963606  0.04967664996721376  0.05938241291841827  0.06920468558163828
  0.07893128298648479  0.08854820656346696  0.09835454445120005  0.10819759352264810
  0.11795626783678331  0.12788393027430514  0.13718543661200722  0.14611605960529211
  0.15514491518851548  0.16420520686074794  0.17315255883134786  0.18205963398826042
  0.19170759764912768  0.20148183049419777  0.21135142723817565  0.22037253069418694
  0.22969366208460618  0.24197125508160461  0.25407770318340889  0.26352590011037064
  0.27311881022583678  0.28270988351225940  0.29232239266332066  0.30168646264589782
  0.31121763492538063  0.32190363122278615  0.33438681807836268  0.34649605024842867
  0.35909161860659955  0.37320399264103832  0.38728968017558918  0.40097167727070709
  0.41441543065317582  0.42785266796601951  0.44142208111448888  0.45529592070210972
  0.46683298654368621  0.47695480360946307  0.48750359645235308  0.49697733704986707
  0.50690550519413613  0.51666542274507976  0.52680479206323871  0.53680553812142129
  0.54701211729018395  0.55745582620644696  0.56830698104899657  0.57856926574623813
  0.58949122882182536  0.60288880557268454  0.61469238272322868  0.62665851961832186
  0.63849256749567473  0.64917358090839583  0.65859155856616802  0.66782760768352400
  0.67689378003266409  0.68631631974383678  0.69490140654059285  0.70335778920595293
  0.71210070124921299  0.72093897696559450  0.72999300292229463  0.73890191582496112
  0.74774431894111248  0.75756187330690572  0.76740733667645544  0.77898252152622482
  0.79165532963598484  0.80350560458155118  0.81468828535912952  0.82541756423403434
  0.83600341885376261  0.84670280968741940  0.85751775566315680  0.86840308364670105
  0.87937355260134986  0.89036729511838875  0.90135987379970872  0.91266146970863915
  0.92423710415891591  0.93594776502693133  0.94846520126735312  0.95947171477265747
  0.96930988622629743  0.97869697210509943  0.98832830219825263  1.00000000000000000
   5.5143485698848608E-006  -1.0000000000000000     
 T T T T F F F F F F F F T T T T F F F F F F F F F F F F F F F F
  <DiscreteSampler_grid>
  grouped_processes
  1 # 1 for a reference and 2 for a running grid.
  10 # Attribute 'min_bin_probing_points' of the grid.
  1 # Attribute 'grid_mode' of the grid. 1=='default',2=='initialization'
  0.0000000000000000 # Attribute 'small_contrib_threshold' of the grid.
  0.5000000000000000 # Attribute 'damping_power' of the grid.
 # binID   n_entries weight   weight_sqr   abs_weight
    10   10   2.705773922148468E+007   7.321344064474529E+014   2.705773922148468E+007
  </DiscreteSampler_grid>
