  0.00736343882976446  0.01538012285332392  0.02628824133692697  0.03831411873958501
  0.04968972855995860  0.06055139552681595  0.07085104207373299  0.08093770364351388
  0.09075776937714389  0.10043366461885395  0.11024767065014290  0.11997435027476351
  0.12966016626857496  0.13938976711547457  0.14933592015409072  0.15954528752657765
  0.16987518360347201  0.18010052272064811  0.19056145237790190  0.20142264802771603
  0.21260049914690507  0.22396645995254202  0.23533401327029410  0.24638998230625236
  0.25694245875227972  0.26715122775900058  0.27786743605083414  0.28917389618619105
  0.29967770547445022  0.30988886673224247  0.32048498072032672  0.33149749238798037
  0.34178771616039882  0.35154110279473655  0.36119093427758953  0.37141583920018179
  0.38177645541407446  0.39172642727681822  0.40152523217045810  0.41115644559633113
  0.42097674233313792  0.43119714270540699  0.44176440247752341  0.45249930184796416
  0.46341059154244196  0.47427241821853111  0.48446714600378088  0.49412959440903581
  0.50400549093735258  0.51395047760524903  0.52385260599285299  0.53389186733144867
  0.54464162543715211  0.55615522305221887  0.56804713798159789  0.58008009591799425
  0.59199202492283176  0.60383697663341829  0.61490896909825665  0.62560510769607636
  0.63625363651358824  0.64668459724204130  0.65671585960428502  0.66672972665564656
  0.67661418181821587  0.68661336295844422  0.69648217127718681  0.70658508608177839
  0.71663250146204216  0.72650367274899397  0.73588190062824888  0.74499279337087121
  0.75396841790310731  0.76298060376258692  0.77281309409365762  0.78360458207506889
  0.79459141066104066  0.80551390283819335  0.81667155197947094  0.82821184434199935
  0.83988760853217270  0.85133816605045443  0.86193234864772572  0.87205710382416035
  0.88190713120399700  0.89175529836425849  0.90188393514852683  0.91226259041102886
  0.92287902503073160  0.93377061174997267  0.94497266815443959  0.95618537051993602
  0.96651326062997189  0.97663122690214244  0.98783280240957749  1.00000000000000000
  0.00729374484466795  0.01500812490247051  0.02535195687144001  0.03704746921873479
  0.04884261492861804  0.06123021158651393  0.07255043755259208  0.08347442615142167
  0.09381906277142660  0.10394595398168135  0.11366461657069911  0.12302704932434362
  0.13254077370498826  0.14234558874430667  0.15243359483648025  0.16257634652923358
  0.17254304727328190  0.18271647916937109  0.19304997071325380  0.20336447418873774
  0.21348542561939737  0.22343482813098528  0.23360510197120182  0.24430060083504557
  0.25554083742376160  0.26693096268901001  0.27803048549635540  0.28828868377323646
  0.29844114350093154  0.30849259615169133  0.31816607250807710  0.32766340926844978
  0.33775992423455592  0.34876140301467401  0.36002836016935125  0.37124304359731508
  0.38299503838406995  0.39506450004497506  0.40604375612987237  0.41652053848105391
  0.42669443962977971  0.43760412341042065  0.44878707931752021  0.45957311947249896
  0.46897883253262479  0.47851419726769173  0.48843798144159384  0.49827390643703229
  0.50814680989721495  0.51791924545283052  0.52918466208520709  0.54096710134759007
  0.55252274543685165  0.56382806905121086  0.57491107802320873  0.58617653043544127
  0.59765156793631624  0.60918612823051765  0.62079367108719297  0.63237798110374910
  0.64344164025751405  0.65424479438650540  0.66486821409961161  0.67545638477072323
  0.68599833995337656  0.69651180945236779  0.70665395385549967  0.71636749520165510
  0.72588714217763273  0.73573435233582929  0.74554371546236442  0.75554984479140253
  0.76531304608296802  0.77536723590163570  0.78499992832638477  0.79493311533499467
  0.80451461568671234  0.81400540746614458  0.82362729730804340  0.83363317492362887
  0.84476331036160468  0.85597204824512396  0.86640157150094388  0.87646662081769477
  0.88682850143687419  0.89738364117865765  0.90769121337782233  0.91797299508158958
  0.92830981415154890  0.93856425900133855  0.94833632723013350  0.95774257156197240
  0.96786345202627000  0.97784215167716126  0.98828371296981266  1.00000000000000000
 -0.00906907589568800  0.00252072653685587  0.01858722366480903  0.04590729451767700
  0.07350665077534882  0.10131905106162734  0.12614890399370771  0.15037636652979403
  0.17394727155578854  0.19740255187286743  0.22079551768483796  0.24560946031243186
  0.27059564971359362  0.29589929144134874  0.32114081824062363  0.34635025726470620
  0.37123657673196703  0.39606442724692820  0.42076899530705764  0.44531128261664904
  0.46973014461668722  0.49538584537603547  0.52133322283005756  0.54810108010509506
  0.57267413374203824  0.59237881131419412  0.60886783599034078  0.62139181439725089
  0.62726116514641928  0.62887823578188518  0.63327588363843890  0.63883807548590843
  0.64418269899662095  0.64951139867232777  0.65487761416095969  0.66028960134573511
  0.66568698997160736  0.67107991461780347  0.67647730656947513  0.68188347434784147
  0.68727471936595363  0.69265813006601618  0.69804520587133445  0.70347262755924134
  0.70891077647476008  0.71431858651026314  0.71971838421123657  0.72518533417755415
  0.73071884279417409  0.73624350297292518  0.74174796124255749  0.74726537553941386
  0.75282783932837449  0.75839593940625749  0.76395332468130983  0.76952715083561307
  0.77511192194196088  0.78071811099612876  0.78633853249384322  0.79193948939467329
  0.79754557658390868  0.80318157944606916  0.80882634102770956  0.81445001987766752
  0.82007593746101759  0.82575859259968853  0.83147315257019216  0.83717738138634235
  0.84289870468528183  0.84864638966115413  0.85438631516342900  0.86010286764241672
  0.86583740491190742  0.87158657793560390  0.87733128383041159  0.88309717441515045
  0.88892577214117119  0.89478984274890683  0.90062713628999602  0.90643373668383120
  0.91225704774406580  0.91806573142540171  0.92386820745492804  0.92969547333645297
  0.93556992754428592  0.94142592523937874  0.94722001902656461  0.95297801061653353
  0.95882763601352927  0.96473539626297034  0.97061965838827613  0.97647771794837923
  0.98233602203873216  0.98820028150703243  0.99407570560877423  1.00000000000000000
 -0.00236204756587598  0.00882783783793570  0.01859353462620917  0.02893681413157928
  0.03893093857105004  0.04936845741760493  0.06001466731833786  0.06988971206795350
  0.07932268379185933  0.08907204281181255  0.09933671744485223  0.10971000225724725
  0.11996622722270338  0.13060115862505242  0.14211618490739919  0.15362593421800255
  0.16515600822089366  0.17659256987755367  0.18803725579027186  0.19915552005035270
  0.20979797997478394  0.21985095737394308  0.22974751620238867  0.23932000564106687
  0.24903049135853922  0.25912142956624767  0.26945606041077180  0.28041873033764531
  0.29167441283574702  0.30295874612533130  0.31423333966236361  0.32568649707871367
  0.33729231411362931  0.34841381255624132  0.35915396101791958  0.36914598584952124
  0.37908389639404527  0.38875577708716536  0.39846835522844720  0.40833568068274706
  0.41849147897345063  0.42903763246858195  0.43938531684680937  0.44948429253343464
  0.46009256642174617  0.47124039180058985  0.48209429188996378  0.49190691998424130
  0.50138248161339860  0.51094157458135647  0.52059385497066968  0.53023349960115063
  0.54010706483879589  0.55049179552763239  0.56139179832211084  0.57285643116315632
  0.58421133976884054  0.59515990807976338  0.60604210453083374  0.61698781548591808
  0.62766050887184066  0.63789545403787373  0.64825416319921070  0.65883024204260165
  0.66937751043863958  0.68002592246937088  0.69106007442114936  0.70254623955896123
  0.71370824061388505  0.72417674010944943  0.73447577916706097  0.74450532039646822
  0.75419925139121635  0.76384952991586041  0.77411547630702304  0.78465688891978858
  0.79513353299471823  0.80529909158473056  0.81580452743472598  0.82717016158859402
  0.83889084664685487  0.85144183249041805  0.86388693615570344  0.87592768120421471
  0.88657619927587872  0.89693380531254507  0.90757375634954396  0.91831743962621493
  0.92946430271491665  0.94041152307647480  0.95120991721175985  0.96132944739180115
  0.97105150795278516  0.98096603897894741  0.99043920466984403  1.00000000000000000
 -0.00222522824787150  0.00818072055015841  0.01739305373626020  0.02723830550897454
  0.03721602494391949  0.04754075741815075  0.05793416354726935  0.06817754496631070
  0.07799093628982812  0.08713387129204794  0.09586406745200167  0.10455142868135658
  0.11326040308158537  0.12208528866312779  0.13102300527941066  0.13996873600184684
  0.14930145070235334  0.15974267894852240  0.17041887760915320  0.18122508923821412
  0.19134237012807886  0.20068537482502882  0.20992619726431944  0.21974626215365467
  0.23012255097277320  0.24010453244273386  0.24977485891699261  0.25931762587304785
  0.26881229414811236  0.27789907463936309  0.28681146529318347  0.29623536939632178
  0.30624635453012122  0.31684420873350094  0.32773572418866104  0.33806282688074762
  0.34769119171699225  0.35724398130298496  0.36688297918168761  0.37709112914581688
  0.38726986109800221  0.39741837321668882  0.40793693981029516  0.41854228085033213
  0.42900979666681344  0.43993280304134241  0.45126747514512716  0.46296103573187974
  0.47473411255491083  0.48645637601554326  0.49816001968894152  0.50955500814676102
  0.52057797686026008  0.53109481874674080  0.54132630205356524  0.55130960090199532
  0.56126778809793498  0.57124267672010876  0.58124992123484331  0.59112860149052759
  0.60109180067148649  0.61102207039850143  0.62069441962589367  0.63068699053122623
  0.64134446268809309  0.65221712787029507  0.66268374896441518  0.67301224562558914
  0.68338301460862561  0.69420800549079587  0.70557420284356931  0.71799350640263671
  0.73034264249238823  0.74210913704386305  0.75336618337589978  0.76427793438553349
  0.77465703766377914  0.78486755864771551  0.79615830591394710  0.80803825217240699
  0.82004948510747655  0.83233680462013071  0.84469229871265927  0.85689899610413434
  0.86868044076140449  0.87999319222819872  0.89041693467615035  0.90103413952242872
  0.91161160602314728  0.92250304884157508  0.93373634411956408  0.94675853014225264
  0.96046254527646213  0.97447840117333340  0.98738192572963468  1.00000000000000000
 -0.00263278582629594  0.01012344011361935  0.02098943532881583  0.03109618966547855
  0.04102329724914066  0.05105191784813062  0.06106156940005397  0.07111349348767552
  0.08100491114587188  0.09185357522772607  0.10274883857572377  0.11288549415309294
  0.12346081328364501  0.13470240868065808  0.14549376170925643  0.15561764918346571
  0.16579044618887784  0.17686942197761946  0.18781123239958838  0.19820664675809091
  0.20846553393499231  0.21909150740771327  0.23041658134198520  0.24154427512864352
  0.25302107939091001  0.26484323745595051  0.27569536552894103  0.28590868880687165
  0.29614400503875427  0.30647715192695923  0.31650960177147724  0.32622417354097949
  0.33670687896344376  0.34773831541742733  0.35885674743621204  0.36965521319084532
  0.38090208288968702  0.39209327099470193  0.40375368374070553  0.41515981266296514
  0.42616309479141379  0.43668956339888010  0.44709876637811757  0.45745734109823166
  0.46755092920538682  0.47740479361688093  0.48725496452175038  0.49698453211541316
  0.50765262758382346  0.51847766964811681  0.52939606095964487  0.54034162979406641
  0.55043583486874181  0.56069190945236003  0.57103481785430010  0.58197068338881974
  0.59185688081964583  0.60170178813742292  0.61198957767092210  0.62267540810251643
  0.63306360158474329  0.64333254098980319  0.65452765039791705  0.66559516821525200
  0.67696098459024412  0.68848683796572374  0.70095677909438103  0.71390359081086530
  0.72695754490375308  0.73938048380414889  0.75095149742785705  0.76215880358205956
  0.77293001396358219  0.78344304958733357  0.79379030975793730  0.80418964501631662
  0.81478634838250164  0.82536953145130998  0.83570314400175216  0.84532420772670780
  0.85494638459567607  0.86461403871968845  0.87420921117085826  0.88367563847593333
  0.89325125085359236  0.90390407872601075  0.91524555197410329  0.92646477693884566
  0.93713865330569057  0.94691237576037657  0.95624929388924351  0.96532682412428383
  0.97439761504935840  0.98337617083548490  0.99185586247102520  1.00000000000000000
 -0.00264979758040021  0.01213267949411163  0.02494663516462609  0.03895377387336646
  0.05273280629497830  0.06591293806608768  0.07863577941073942  0.09102147334044045
  0.10332587260239509  0.11624647286274334  0.12949759101687813  0.14329644061885741
  0.15743953425313784  0.17158930420251703  0.18448286959221286  0.19767135997756524
  0.21054334555852855  0.22279033158933514  0.23514930918829072  0.24796553193470638
  0.26077539856321746  0.27383887616696440  0.28722400660080893  0.30036420481043941
  0.31336365486687279  0.32654998932242485  0.33925787472869889  0.35141395276595372
  0.36351698600996990  0.37570142096061987  0.38800156435760502  0.39989418011328087
  0.41116778660158448  0.42203120004174438  0.43272254022420065  0.44318695493723370
  0.45328129612635720  0.46316096694085401  0.47308505182398947  0.48321948430135914
  0.49366353333401919  0.50416387333957025  0.51412567875038828  0.52390720673003699
  0.53367247752128100  0.54352298302492064  0.55341257370733976  0.56372255529025272
  0.57434027215149586  0.58467899157742009  0.59413590662912941  0.60348339318606070
  0.61314096326845713  0.62319798066374466  0.63316947472579799  0.64277885643588084
  0.65236427102799355  0.66208555183843043  0.67210478796377349  0.68244614126821945
  0.69282986749251974  0.70301205284679713  0.71301461938404065  0.72297165617410564
  0.73281802540698626  0.74239154164705612  0.75201608492307181  0.76166763750045141
  0.77149485091325676  0.78149940483873026  0.79190042418055850  0.80161555214960123
  0.81098284917267605  0.82031251638441971  0.82966094427519244  0.83865416785413704
  0.84713662420416114  0.85526944389012827  0.86316567191058091  0.87089987790177792
  0.87838746932384004  0.88573404907328446  0.89321047425066402  0.90122419297811540
  0.90941813704823427  0.91739001566851741  0.92528794657932512  0.93334725736181146
  0.94188092269540891  0.95068402149383768  0.95914524351721697  0.96726947481489534
  0.97518771377388258  0.98325650317025481  0.99151382090931939  1.00000000000000000
 -0.00223397795159850  0.00876348753080959  0.01813090133581948  0.02882626900429823
  0.03971772066408021  0.05145949225620958  0.06266806289121214  0.07352594779023988
  0.08431677420559802  0.09547927852646126  0.10683582822269254  0.11816861217236203
  0.12919607846558678  0.13991263345711522  0.15031155137362023  0.16061825007373756
  0.17124654742324896  0.18257100378575364  0.19404838434109239  0.20559371908382976
  0.21720165267852468  0.22881499614140882  0.24038417696471148  0.25144522307529416
  0.26139600472984248  0.27131760277046302  0.28112978365062352  0.29093555627532919
  0.30036209998133157  0.30982001868984116  0.31982789285077062  0.33059546255416078
  0.34111411787138407  0.35152534870864510  0.36185519271854966  0.37187495571769918
  0.38183771580811016  0.39183784087370421  0.40253245503284268  0.41322843043003321
  0.42361471067680828  0.43402269259292059  0.44422090668467917  0.45461459425356043
  0.46448749054490551  0.47461945449101345  0.48453938945601682  0.49440893813343434
  0.50394496837336844  0.51389666177206206  0.52428303704562584  0.53677023813541402
  0.54792027859570713  0.55821680703860743  0.56855440292374915  0.57952061768966734
  0.59042261501766991  0.60096950268036198  0.61210876143486559  0.62332881740822044
  0.63419003290999010  0.64507782524238944  0.65567166349863426  0.66623824958295474
  0.67619663520872986  0.68624305315774725  0.69654077558197092  0.70660985290638856
  0.71702979418616164  0.72719007585152151  0.73772129304817435  0.74895283023800752
  0.76033986575038337  0.77201340923954465  0.78186768076520519  0.79165249603545929
  0.80081880846213049  0.81005893727092138  0.81952137511529655  0.82922181750724333
  0.83920902647614148  0.84935875212031731  0.85947881742794596  0.86985286824973385
  0.88060184933541286  0.89179424216164560  0.90328605567925702  0.91474707901535890
  0.92589664268028582  0.93690204287532253  0.94749458500065975  0.95832248255112573
  0.96907935302474701  0.97973009462094141  0.99000884996372274  1.00000000000000000
   1.5631983196203924E-006  -1.0000000000000000     
 T T T T T T T T T T T T T T T T T T T T T T T T T T T T T T T T T T T T F F F F F F F F F F F F F F F F F F F F F F F F F F F F F F F F F F F F F F F F F F F F F F F F F F F F F F F F F F F F F F F F F F F F F F F F T T T T T T T T T T T T T T T T T T T T T T T T T T T T T T T T T T T T F F F F F F F F F F F F F F F F F F F F F F F F F F F F F F F F F F F F F F F F F F F F F F F F F F F F F F F F F F F F F F F F F F F F F F F F F F F F F F F F F F F F F F F F F F F F F F F F F F F F F F F F F F F F F F F F F F F F F F F F F F F F F F F F F F F F F F F F F F F F F F F F
  <DiscreteSampler_grid>
  grouped_processes
  1 # 1 for a reference and 2 for a running grid.
  10 # Attribute 'min_bin_probing_points' of the grid.
  1 # Attribute 'grid_mode' of the grid. 1=='default',2=='initialization'
  0.0000000000000000 # Attribute 'small_contrib_threshold' of the grid.
  0.5000000000000000 # Attribute 'damping_power' of the grid.
 # binID   n_entries weight   weight_sqr   abs_weight
    10   10   2.397917359972550E+005   1.057222867629805E+011   2.397917359972550E+005
  </DiscreteSampler_grid>
