 -0.00257475543369275  0.00768110239432529  0.01925933944272453  0.03123727000865420
  0.04340600777831601  0.05549993949501772  0.06722176000696657  0.07845929619765808
  0.08901869449035919  0.09965820316277198  0.11034106783471337  0.12085408284243410
  0.13187859117077436  0.14324950996306940  0.15504543251940997  0.16704574472593056
  0.17894811691777801  0.19088224567675594  0.20279545527474790  0.21475096979511332
  0.22668298963642505  0.23858065608319814  0.25047374049227678  0.26240648527711974
  0.27443568064673352  0.28662618503954906  0.29881191287064368  0.31088086552994493
  0.32288675732599764  0.33486176594353723  0.34685815098035300  0.35887201110854544
  0.37079812955607594  0.38274996910250153  0.39462489155454811  0.40651734459092786
  0.41839804779451117  0.43027068868850260  0.44215081449764998  0.45403618136370000
  0.46598555062438612  0.47800903380135590  0.48998539286130538  0.50189334763117521
  0.51378292546896009  0.52569360396367226  0.53764175064568753  0.54963490670226389
  0.56152631020709698  0.57345978824989519  0.58540181087815535  0.59732033179751143
  0.60924427827620264  0.62121145862644078  0.63321963989278440  0.64524708265110686
  0.65713668354648469  0.66901757059468048  0.68085333620519695  0.69263955707698255
  0.70438124181535500  0.71605743448048642  0.72772253143082433  0.73957806519099123
  0.75131721116354078  0.76310991098647496  0.77498965833411415  0.78690283931980820
  0.79877991132327864  0.81049569270565769  0.82203095960500605  0.83358346644330206
  0.84511582392718931  0.85653486514480393  0.86793226330784601  0.87950463864854977
  0.89118777922320702  0.90311825816420965  0.91510655217574233  0.92699628881858487
  0.93874142291174412  0.95017436564515811  0.96131893596967555  0.97270788373125039
  0.98514920904758041  0.99225609593929975  0.99370570725391194  0.99419912151096212
  0.99493076060768004  0.99566591554128225  0.99639204762409794  0.99711616883456800
  0.99783683140104884  0.99855829591987932  0.99928347460987099  1.00000000000000000
 -0.00186532445956084  0.00804249002018323  0.01645112753020182  0.02600167766065958
  0.03580498303388633  0.04613946211740710  0.05852206425532866  0.07551183592250318
  0.08608720685156154  0.09516642027578791  0.10550558237541340  0.11501491230432132
  0.12431366561441749  0.13344894690600007  0.14196306888062502  0.15427387116363531
  0.16616253366262615  0.17534074606341427  0.18439890051280569  0.19313343413826631
  0.20130108329034499  0.20960272513996014  0.21807961415451604  0.22645112882823779
  0.23466157130695606  0.24298265032305266  0.25183369177767079  0.26145048406712446
  0.27061787113523400  0.27957825880274983  0.28800851577111841  0.30157882317465218
  0.31592620593477155  0.33040902768997921  0.34482165581901447  0.35890904512077870
  0.37247160199507817  0.38553387021346130  0.39841971063626896  0.41124076574362711
  0.42411981192802467  0.43769623067355096  0.45132104601948320  0.46511986661666088
  0.47910346824595701  0.49287330420708475  0.50523258159821238  0.51447423181424612
  0.52396277413127168  0.53237274423435754  0.54152526903646314  0.55038664142820226
  0.55911344654759909  0.56824060634042728  0.57724626281658864  0.58905742227523206
  0.60368872675055252  0.61897190035914151  0.63331599687053375  0.64477827047068670
  0.65427728516501060  0.66184542478701847  0.67009324578345875  0.67831815998439204
  0.68722164359744009  0.69593156836069769  0.70450419046917545  0.71362777529082577
  0.72173120421127535  0.73323924545816066  0.74713849515797448  0.76155061883379482
  0.77612154591052473  0.79103366212032478  0.80656808721002526  0.81562645418205215
  0.82466702765625521  0.83432936225197873  0.84240675488191419  0.85053964727107778
  0.85838270200101630  0.86619055031382464  0.87438880109712958  0.88385348009285258
  0.89321581487281876  0.90268942675903763  0.91233937358938322  0.92137377959935285
  0.93014150405893159  0.93943541810415265  0.94851131504142139  0.95693216675950354
  0.96523245672748414  0.97373922858266548  0.98288467409565938  1.00000000000000000
   1.9028870628210228E-006  -1.0000000000000000     
 T T T T F F F F F F F F T T T T F F F F F F F F F F F F F F F F
  <DiscreteSampler_grid>
  grouped_processes
  1 # 1 for a reference and 2 for a running grid.
  10 # Attribute 'min_bin_probing_points' of the grid.
  1 # Attribute 'grid_mode' of the grid. 1=='default',2=='initialization'
  0.0000000000000000 # Attribute 'small_contrib_threshold' of the grid.
  0.5000000000000000 # Attribute 'damping_power' of the grid.
 # binID   n_entries weight   weight_sqr   abs_weight
    10   10   3.020765003397898E+007   9.125021246540092E+014   3.020765003397898E+007
  </DiscreteSampler_grid>
