 -0.00820713642749599  0.01750515496364913  0.04041234624019246  0.05762269356101231
  0.07518758344120947  0.09302290860718410  0.11066546551598219  0.12832991677976502
  0.14608605812124589  0.16415686562301368  0.18241994384861770  0.20105018583690121
  0.21964837191817538  0.23821380995268823  0.25651428183343417  0.27453551710900131
  0.29189448270083745  0.30895474028082182  0.32583661396470298  0.34273997918537319
  0.35974627032613987  0.37696268663510879  0.39418317289068910  0.41139841151449130
  0.42852831685217441  0.44568080621273842  0.46286248672610025  0.47961102120724236
  0.49627556525448735  0.51304539244835690  0.52964925145806885  0.54611677507018530
  0.56287748410776950  0.57969892103708021  0.59660639959958206  0.61357080025957755
  0.63057684599531316  0.64777039779375889  0.66495687149658111  0.68208639003932225
  0.69923522184777298  0.71639516780603596  0.73352829118860241  0.75068468992960280
  0.76788843118299066  0.78494671638216185  0.80193050049803916  0.81844295235193698
  0.83549925971512240  0.85448311106944730  0.87365199775918079  0.89304189348002239
  0.91111051846582392  0.92576901424995095  0.92953969253942315  0.93358889080088370
  0.93385096196388262  0.93429735550615767  0.93606626968115192  0.93778229343495345
  0.93950204337671628  0.94120675133959164  0.94290222776445642  0.94461170869887956
  0.94633079172986390  0.94806808307675317  0.94980125713772401  0.95152540026070065
  0.95324626069171614  0.95496637803395001  0.95668021303696349  0.95838616281860323
  0.96007621971965418  0.96179538827769029  0.96353333640270256  0.96526420462348939
  0.96697890053636604  0.96869770515111486  0.97042378605032509  0.97214859264620268
  0.97389711262088419  0.97564220451355643  0.97737200393525525  0.97910342074992140
  0.98083518518031876  0.98256127677175709  0.98428259029965870  0.98601979264722228
  0.98775715752167814  0.98947764616421097  0.99122632134656063  0.99298429529436794
  0.99472125982940163  0.99646695906890614  0.99823624565743829  1.00000000000000000
 -0.00368994063614342  0.01256108525923674  0.02284702118081794  0.03162146604334974
  0.04071564580484740  0.04907238357044718  0.05651458192096064  0.06333371095234958
  0.06975855419496120  0.07678377802194683  0.08383490379904425  0.09141406759044512
  0.09864986600511913  0.10606051983184552  0.11358484492529465  0.12110638547534147
  0.12870916674537919  0.13746920047406749  0.14657618108737228  0.15612571317078830
  0.16617825457259289  0.17902948681524850  0.19249750363624066  0.20566838898029646
  0.21872897083157539  0.23203608382514512  0.24587227002325879  0.25492047510945592
  0.26397706024974954  0.27419006492315873  0.28378837642970350  0.29266801031676604
  0.30061027239328791  0.30833800898704056  0.31615255229293254  0.32429655085045606
  0.33289874901643951  0.34179918042762975  0.35020681544672788  0.35877270110525583
  0.37202297201706891  0.38396333443419273  0.39617817568093633  0.40903212787948895
  0.42269163256668013  0.43746651154167487  0.45291654215357591  0.46683272179094171
  0.47976896152639825  0.49218150492774226  0.50434293839758670  0.51639103129346275
  0.52860333203955989  0.54131015902301771  0.55457588225747434  0.56869505128484843
  0.58223093881301202  0.59213708192302328  0.60118972978036755  0.61023566022740783
  0.61911359552478906  0.62762181893601166  0.63533966996018765  0.64306633024075943
  0.65120449632700261  0.65980274474939327  0.66875843505042065  0.67768440304433919
  0.68568734792481545  0.69641073783477558  0.70948014566108986  0.72312413407671094
  0.73749574383102479  0.75155115202702494  0.76449958344006330  0.77678326902871120
  0.78916067600622164  0.80233832658275828  0.81572495446820559  0.83037454361553853
  0.84395446816841202  0.85611455825002858  0.86759480984234705  0.87870973014919396
  0.89005778419064840  0.89946709651471035  0.90736358744921963  0.91548292696803324
  0.92370248033880098  0.93224849352257122  0.94103985842186300  0.95027472303854066
  0.96132760691538177  0.97446130718131296  0.98756645975377999  1.00000000000000000
   8.6659879664823491E-006  -1.0000000000000000     
 T T T T F F F F F F F F T T T T F F F F F F F F F F F F F F F F
  <DiscreteSampler_grid>
  grouped_processes
  1 # 1 for a reference and 2 for a running grid.
  10 # Attribute 'min_bin_probing_points' of the grid.
  1 # Attribute 'grid_mode' of the grid. 1=='default',2=='initialization'
  0.0000000000000000 # Attribute 'small_contrib_threshold' of the grid.
  0.5000000000000000 # Attribute 'damping_power' of the grid.
 # binID   n_entries weight   weight_sqr   abs_weight
    10   10   2.651727945373663E+007   7.031749118685936E+014   2.651727945373663E+007
  </DiscreteSampler_grid>
