  0.05566900807491186  0.07458304432521518  0.08648415585833288  0.09602720431145095
  0.10415688851210181  0.11132181673135350  0.11853386075089223  0.12378537117095723
  0.12825412228574221  0.13270326712685424  0.13703977616085344  0.14144854338330345
  0.14577360598066069  0.14994582485534669  0.15382987304379103  0.15739668634762630
  0.16056214202386040  0.16328112217512175  0.16569845369360897  0.16787253331708826
  0.17009022446998384  0.17221259431747846  0.17422720007908785  0.17626406833583974
  0.17827190314632396  0.18032271443574946  0.18240569596977707  0.18445214206541324
  0.18642878388505174  0.18835774003841627  0.19017381068848521  0.19170680274680291
  0.19308387379531927  0.19444951713049805  0.19577405388183430  0.19704180213651815
  0.19828536777315811  0.19945281877644119  0.20050656635211542  0.20155041972612581
  0.20260946212747694  0.20358114817569972  0.20447896717178338  0.20538243939343917
  0.20629903557572499  0.20723136476696150  0.20818534819978535  0.20912467036820212
  0.21003547176893295  0.21087205755718952  0.21163347136830477  0.21233204296742167
  0.21298409696422685  0.21361605403840003  0.21423931778120711  0.21482913435148923
  0.21538975708065725  0.21593148006072704  0.21640530716079995  0.21687250849279183
  0.21735172892075177  0.21785144983458946  0.21836511672206430  0.21889466284346010
  0.21945854144949761  0.22016968646932986  0.22297309250884995  0.25747347991434216
  0.25901235637884351  0.26016379640673903  0.26115274076137784  0.26204872290022613
  0.26298196051591871  0.26401622310905137  0.26515349735996491  0.26639610260765140
  0.26776764131316183  0.26916789934761887  0.27061607174613928  0.27208965783672628
  0.27355389125088159  0.27504921671182764  0.27685016549772890  0.27884099074820673
  0.28109926403778929  0.28377516544098574  0.28694897829011229  0.29064373495943807
  0.29522747367171626  0.30150804883486620  0.31080542078867490  0.32422891285886668
  0.34512328341986676  0.39381299269409270  0.59930272041439747  1.00000000000000000
  0.05490479882878656  0.08007151665775111  0.09401116027482846  0.10421963526746612
  0.11319827178523068  0.12033629990267215  0.12668305257788567  0.13259913968261466
  0.13821382426632586  0.14305213226561561  0.14720376577348501  0.15097101007630162
  0.15463833708418698  0.15819597811517558  0.16172027647701898  0.16550905574309940
  0.16859335651109186  0.17102563135506146  0.17339721354369544  0.17579375611131279
  0.17829376713572578  0.18058483180182025  0.18283872523859213  0.18506110432205294
  0.18717561773730637  0.18910204198399014  0.19087805387873216  0.19254371341935461
  0.19414341813000988  0.19573538458436926  0.19727947347474095  0.19853348903686657
  0.19974334959933895  0.20095894087148505  0.20214504966141270  0.20328851122382616
  0.20433949932793799  0.20528532511580011  0.20618517975084114  0.20706472050911315
  0.20791676996903574  0.20873676332977095  0.20953953849346291  0.21036295480614328
  0.21119494054328738  0.21201741122573922  0.21283634193566786  0.21363692969997669
  0.21442097102793736  0.21519019736178838  0.21585895852744033  0.21649968328294444
  0.21714425947399446  0.21784446753067963  0.21855954057583746  0.21933385181683326
  0.22023957179368164  0.22133789075645210  0.25712482433362061  0.25846113948046512
  0.25953256248091566  0.26048066403332309  0.26128352847458292  0.26214036596258672
  0.26304919122030179  0.26398709101762724  0.26494015343239968  0.26591050159454477
  0.26690911021407659  0.26794481755195004  0.26895435723701022  0.26992131795937796
  0.27087784916681262  0.27192761616437006  0.27306906483882087  0.27436306534563670
  0.27581176081721037  0.27743208316078555  0.27942830321418194  0.28144434543346580
  0.28356133304908349  0.28605135526122361  0.28836696651125432  0.29073655443934515
  0.29335004853176910  0.29616300049549049  0.29970997820213097  0.30482793028525301
  0.31246873243790374  0.32278712674760479  0.33552458177606354  0.35117211988505592
  0.37418429903274009  0.41518785765815236  0.55690468757940781  1.00000000000000000
 -0.01281763360097963  0.01152024241427090  0.03585811842952143  0.06683261171607457
  0.09814758688313356  0.12604085230623543  0.15225843986680765  0.16886820335116093
  0.18807113205704334  0.20086286217555330  0.20471998535457203  0.21150037436484073
  0.21829275095254874  0.22367390230348619  0.22959747334097896  0.23698390345212275
  0.24545648865386871  0.25362726795784163  0.26170518314842406  0.26880164161439568
  0.27502251169193637  0.28165875319539424  0.28926028816295885  0.29626935455648751
  0.30239010632390262  0.30827447445831696  0.31409108779552580  0.32082124652393679
  0.32800079960832462  0.33531872475569080  0.34237040980065303  0.34967665285340871
  0.35766238889175445  0.36578314541505724  0.37385043625714920  0.38203306877383780
  0.38992512113362626  0.39817020314155249  0.40661022913259182  0.41764001976865062
  0.42837367223628653  0.43976424848469253  0.44984734334414228  0.45936429925293609
  0.46827152369987513  0.47541083782476884  0.48129171611551635  0.48700188867709227
  0.49323503614908615  0.50173423091476432  0.51059837405142283  0.51786001893976463
  0.52472959463172419  0.53244732804702211  0.54174673415687769  0.55107643107899029
  0.56018115770223487  0.56996670787817694  0.58027106621300550  0.59105988807377963
  0.60386033461846678  0.61725021760019905  0.62894857437938467  0.63959014294598826
  0.65079500863964479  0.66112575433415466  0.67021060612892780  0.67870298556930342
  0.68815736020007212  0.70023783290403929  0.71350132419914991  0.72591694901787263
  0.73707563172768564  0.74805729915241204  0.75870442986680053  0.76868228296563101
  0.77791894320623955  0.78800288593891910  0.79740878748076138  0.80707734727410874
  0.81750930191811066  0.82885148654934415  0.84131364158833899  0.85403814466730610
  0.86659542577561788  0.87909457426258686  0.89153115824237306  0.90449975371285118
  0.91871062335111453  0.93376962047377965  0.94770052651202463  0.95872338247926814
  0.96848866385697863  0.97804193161578612  0.98813700663471471  1.00000000000000000
 -0.00305819672569988  0.01101902496629698  0.02369789433935625  0.03454456699588566
  0.04524524979566392  0.05880144964654208  0.07064422379205933  0.08011937835288016
  0.09008561337714843  0.10024594224537152  0.11094487523463431  0.12188486774944086
  0.13320631954308063  0.14540433827661151  0.15581449631598893  0.16620780420407802
  0.17645723562920068  0.18649582065258638  0.19658730789725598  0.20701873834825321
  0.21773966705552450  0.22906140587743992  0.24067508178505784  0.25167040664183743
  0.26157172436959125  0.27136805182007567  0.28101357503908692  0.29102959078750806
  0.30063525430787319  0.30953114764257589  0.31798374515889444  0.32611580123448680
  0.33298501794601465  0.34061083046555352  0.34875021601609146  0.35743732398139572
  0.36701452206974255  0.37770879009320013  0.39022295771415244  0.40259100646650936
  0.41434881436118837  0.42463779985180572  0.43416532549565184  0.44306601552158137
  0.45151062674769610  0.46068262034066126  0.46925729968224295  0.47769401839416559
  0.48708369723591216  0.49732610926589121  0.50710795067724579  0.51637746399701290
  0.52629514679338829  0.53737681306454210  0.54900563320033458  0.55928020301639503
  0.57210855959794005  0.58569777927607769  0.59705753545546614  0.60729048135642971
  0.61754870605121936  0.62732604891679167  0.63737025960299987  0.64813446806856201
  0.65822119062463691  0.66846388052633721  0.67837566503684765  0.68784229624502680
  0.69752504591214837  0.70756651527883585  0.71986546422505215  0.73104852055499625
  0.74054366202261823  0.75028223695345386  0.76095786665684095  0.77186036523050516
  0.78106359486659860  0.79077679419478952  0.80122574978342453  0.81313087865071798
  0.82654269074780928  0.83881713814785730  0.85018243277877625  0.86167668391763874
  0.87368661845432338  0.88548948439383013  0.89785577720445597  0.91063680701660410
  0.92367640614198387  0.93676821102943153  0.95010823037007208  0.96153525520368366
  0.97215581405465545  0.98147396837762257  0.99114721284222795  1.00000000000000000
 -0.00209168618992092  0.01113313777183093  0.02375771237386113  0.03789938799894232
  0.05198400504462589  0.06684470319574148  0.08159020599917562  0.09420001041329423
  0.10603248370776712  0.11792932072058639  0.13059779480174930  0.14581602570048935
  0.16063279557511437  0.17334014123574309  0.18417791367027647  0.19439195034039208
  0.20542368074330994  0.21603314492983100  0.22472293421035561  0.23294530315353271
  0.24167898967616680  0.25167034305707120  0.26538446233700891  0.28046716145349443
  0.29387392388897099  0.30469018447420548  0.31384093477286884  0.32309362437793571
  0.33293772241389658  0.34358908062922583  0.35461905670028643  0.36597051408737868
  0.37537889619761938  0.38314830375820036  0.39046813570316374  0.39833199461613983
  0.40786767100589416  0.41808756663014712  0.42912146112812694  0.44031959779413249
  0.45116367257985562  0.46203532759868848  0.47209616937272036  0.48132657265710749
  0.48975482619658134  0.49851059496624739  0.50835818619908835  0.51870340257860836
  0.52938963999341260  0.53929768103810294  0.54805143560273561  0.55659664281597043
  0.56552993591291456  0.57539892482779531  0.58411692725578523  0.59339519079858771
  0.60348039636207051  0.61275001789779593  0.62106835890838952  0.62906963866105658
  0.63732580634195368  0.64666685297662874  0.65815624511926263  0.67124957778522998
  0.68410626513229622  0.69569435760556353  0.70699537803227053  0.71668636899981430
  0.72692143241872587  0.73681688033531501  0.74654631772150304  0.75723913226977702
  0.76850766635234846  0.77996932111547024  0.79096801794407323  0.80092644475047625
  0.81033063362598756  0.82050764411338450  0.83118303486097900  0.84151559021925593
  0.85125584227600903  0.86313152862422760  0.87636697077798287  0.88915518163477014
  0.90209056829067857  0.91406652482507278  0.92543066209553193  0.93709715798911342
  0.94802032360941346  0.95809835255844589  0.96627304364770328  0.97214271853813106
  0.97856814511988077  0.98485710190477904  0.99242871667369414  1.00000000000000000
 -0.00207161178447185  0.01002390745593739  0.02017383480386269  0.02978596929216521
  0.03831865560683288  0.04613111012780400  0.05386473367277032  0.06191516923374194
  0.06837050472790415  0.07447921300411528  0.08054186097877111  0.08954715141587562
  0.09864600291821958  0.10804734939903961  0.11769890489695041  0.12807745372935309
  0.13898352676304415  0.15057153947155058  0.16152355005934649  0.17129495618966309
  0.17979455656044965  0.18837440144765688  0.19849754523012145  0.20944730506281561
  0.22061820270084265  0.23255564480296198  0.24549117302046941  0.25803586865253009
  0.27061734695920314  0.28192541389944731  0.29389404975355043  0.30580636053561294
  0.31689432380191129  0.32566595183754654  0.33493219534195123  0.34438104106677364
  0.35506549769236279  0.36335193544405309  0.37184484585223343  0.38034912407369698
  0.39250802602055301  0.40536819111460459  0.41787127141397878  0.42909838253612648
  0.43987081140835987  0.45109694594222033  0.46281258257614127  0.47464907936502815
  0.48530409349977194  0.49566337256774001  0.50631390574963353  0.51734881418080247
  0.53089583907548243  0.54464482375441026  0.55699788752027501  0.56793170216925815
  0.57760509816685046  0.58616182431543928  0.59449445526341482  0.60344036300728843
  0.61324952348871231  0.62297705359090016  0.63294328535427158  0.64296938379639879
  0.65337679468696286  0.66398515517822698  0.67515518416682119  0.68596329081086838
  0.69693678555851835  0.70843780682458013  0.71964226939761233  0.73180458748341704
  0.74590589350103320  0.76109112906841847  0.77619779176364889  0.79028165031176445
  0.80352419346463777  0.81491007131267579  0.82490284172282202  0.83453540212667332
  0.84303052465222084  0.85172403842575650  0.85976455557896514  0.86934616839652945
  0.87985136502866612  0.89103901694032317  0.90166064175757332  0.91182503743270749
  0.92163505004469892  0.93244042519220072  0.94252745908848734  0.95217620051842577
  0.96215910129510129  0.97351009021400625  0.98648158360229510  1.00000000000000000
 -0.00201416810511155  0.00834301585022687  0.01613272968077418  0.02401698896614872
  0.03161351038293928  0.03968283171482496  0.04828808785857131  0.05738539955821369
  0.06626949938780273  0.07493150454947205  0.08410099634332052  0.09523890133129399
  0.10531862461259660  0.11485835974795489  0.12445113912332992  0.13497619099610667
  0.14595002433550358  0.15516948270903252  0.16353765159107853  0.17114204278909040
  0.17835000820306304  0.18714466069788172  0.19696803961269405  0.20639247897497118
  0.21470869327455150  0.22210608593104655  0.22996964711263565  0.23926497669126295
  0.24961746955048905  0.26006432848456895  0.27001632683556664  0.27987724313613577
  0.29053859677723159  0.29884216336775599  0.30716088751336679  0.31471000226959750
  0.32220246997422364  0.33070996075019832  0.33974258362972826  0.34941083049486055
  0.35946269249360935  0.36957130901570717  0.37974666656606870  0.39059098693655792
  0.40152455141040017  0.41216503768804691  0.42240255728762294  0.43145793132036370
  0.44192120948809421  0.45295269424947110  0.46279042797215003  0.47131710332392540
  0.48012209131018718  0.48955072709848202  0.49895257335743093  0.50824907013921450
  0.51865304002087742  0.53060896963068882  0.54300980563361423  0.55460340818564091
  0.56529484462297941  0.57560020728730843  0.58607394509977351  0.59600098490438425
  0.60588792940130154  0.61584131466124559  0.62628659615504656  0.63830882311009585
  0.65220741845343766  0.66523437112115869  0.67758634227241121  0.69043164376122867
  0.70212753148355611  0.71555076751096891  0.72738615632736925  0.74045403227638196
  0.75352638113548853  0.77063562347810621  0.78439361514344108  0.79781509640232884
  0.80967247412880838  0.82092838121497091  0.83171479284987115  0.84217198325369402
  0.85298633249131972  0.86451902518891632  0.87649259079766739  0.88945956877196353
  0.90443134345991838  0.91909574025437502  0.93568005275270250  0.94787984820171800
  0.96001975788454652  0.97292112991112467  0.98648694483309252  1.00000000000000000
 -0.00230007854420099  0.00960831843925674  0.01986252720331443  0.02932405307299232
  0.03975224842760722  0.05106372411254350  0.06297998101538731  0.07251239859407396
  0.08186294101927753  0.09164038841836279  0.10126249833454914  0.11237841716152568
  0.12338594746775638  0.13431058421257161  0.14619799925305008  0.16095451297278779
  0.17734374565656352  0.19075514364109503  0.20235322912339718  0.21172322640408806
  0.22044496674872793  0.22915889665355932  0.23780840867119840  0.24668194842046445
  0.25485244215417047  0.26235771823452797  0.27006497202942448  0.27907142110428573
  0.28875807193360137  0.29809596002576805  0.30818552447944664  0.31758309905278637
  0.32714757774164682  0.33769940870715304  0.34873926109044506  0.35986544307919432
  0.37163190675173974  0.38346818019476581  0.39527131598673665  0.40676164568880946
  0.41850050629660757  0.43055891348002917  0.44330444612151576  0.45623395460746352
  0.46828549829913635  0.47940639049969946  0.48958717021585718  0.50074782515518956
  0.51287537800529881  0.52413182006213888  0.53444671993798620  0.54457546408609903
  0.55503960121258689  0.56699444380712805  0.58003805583303936  0.59389474174717594
  0.60731838562768414  0.61907933314555796  0.63004888126828795  0.64054298888852623
  0.65165643792866845  0.66448249960421013  0.67891150504590347  0.69201976404621279
  0.70350216995940318  0.71351600738733079  0.72270623894326991  0.73213083206033147
  0.74242954086112456  0.75362385225465900  0.76528880231405283  0.77641419973662540
  0.78649904558717587  0.79726084227641625  0.80739794039761048  0.81642628763778868
  0.82416016710462914  0.83205760210334123  0.84051595238935406  0.85099423863982027
  0.86042962891841390  0.86983198638047643  0.88033270389497498  0.89048455530490211
  0.90056781967389310  0.91013439302876098  0.91956132867734330  0.92993949157654388
  0.94177737379680415  0.95215464238620795  0.96070336161348269  0.96720127297948810
  0.97369724035899274  0.98139944378866673  0.99081993808935598  1.00000000000000000
   1.6561069917136286E-008  -1.0000000000000000     
 T T T T T T T T T T T T T T T T T T T T T T T T T T T T T T T T T T T T F F F F F F F F F F F F F F F F F F F F F F F F F F F F F F F F F F F F F F F F F F F F F F F F F F F F F F F F F F F F F F F F F F F F F F F F T T T T T T T T T T T T T T T T T T T T T T T T T T T T T T T T T T T T F F F F F F F F F F F F F F F F F F F F F F F F F F F F F F F F F F F F F F F F F F F F F F F F F F F F F F F F F F F F F F F F F F F F F F F F F F F F F F F F F F F F F F F F F F F F F F F F F F F F F F F F F F F F F F F F F F F F F F F F F F F F F F F F F F F F F F F F F F F F F F F F
  <DiscreteSampler_grid>
  grouped_processes
  1 # 1 for a reference and 2 for a running grid.
  10 # Attribute 'min_bin_probing_points' of the grid.
  1 # Attribute 'grid_mode' of the grid. 1=='default',2=='initialization'
  0.0000000000000000 # Attribute 'small_contrib_threshold' of the grid.
  0.5000000000000000 # Attribute 'damping_power' of the grid.
 # binID   n_entries weight   weight_sqr   abs_weight
    10   10   1.215621512439138E-001   5.925416233951425E-002   1.215621512439138E-001
  </DiscreteSampler_grid>
