 -0.00924369747865210  0.00848363197561505  0.03077601734091780  0.05954622445421349
  0.08640538133549999  0.11203327131851715  0.13399249755797421  0.15595878569719879
  0.17793116241378462  0.19939958693621082  0.22071816300477906  0.24173603888528372
  0.26251519473009877  0.28310569176135486  0.30414302907159613  0.32527547624078235
  0.34650472702809076  0.36734827569586898  0.38744797341733034  0.40484572985213862
  0.42093141122766453  0.43722261829497061  0.44063773671579831  0.44287463876277228
  0.44725467296081012  0.45306029831972416  0.45874373497097709  0.46439373719904359
  0.47000573299000681  0.47560385222824270  0.48123154002857066  0.48689865432481716
  0.49259478287782743  0.49832178017621959  0.50406971393617783  0.50984975566209711
  0.51568206264914307  0.52154809343552955  0.52745946846366565  0.53340606366846866
  0.53937261722831220  0.54533996409075325  0.55133845132108517  0.55738737335231381
  0.56348174221851122  0.56961753524118308  0.57578796696967161  0.58199667978785619
  0.58823208792817050  0.59453266477095168  0.60089127217714966  0.60730840386925222
  0.61376467588910855  0.62026627610159879  0.62683590925782495  0.63346995026587416
  0.64015749807583666  0.64691405552844894  0.65375916800090883  0.66065311545502337
  0.66759933821837047  0.67461559600636944  0.68168952418915585  0.68880941071468660
  0.69597431281234579  0.70321495630721331  0.71054921066807153  0.71798484602006174
  0.72550420329043441  0.73310856218056775  0.74081884786228203  0.74865869908483540
  0.75660442482130952  0.76465446278709737  0.77281909508890367  0.78111767194412551
  0.78954821687098287  0.79812497355734902  0.80686438149558970  0.81575935946229405
  0.82481224190879487  0.83402533271733648  0.84347032294563840  0.85313914313121197
  0.86308559544299701  0.87331477984934036  0.88383030219720460  0.89466852014475429
  0.90586266931413961  0.91744548699475836  0.92950128524615738  0.94211037599751646
  0.95532957698799359  0.96929561121913566  0.98419984230197655  1.00000000000000000
 -0.00305350153175029  0.01027460953169485  0.02205541108169191  0.03309421542521000
  0.04410507494232495  0.05522350995353684  0.06627540636473211  0.07727256283028605
  0.08809989045802002  0.09871956765887052  0.10947985241749854  0.12018889977781697
  0.13080132440427003  0.14130686565924758  0.15147895735728203  0.16142381480213838
  0.17119357499241175  0.18069464522697140  0.19036029315036082  0.20016529476381956
  0.21058620424905886  0.22202325965784925  0.23349722442418436  0.24455599128436953
  0.25505191487679596  0.26562635818180774  0.27674851337094564  0.28834659664085183
  0.29906961200995391  0.30881525676802274  0.31883100066625158  0.32892612968214363
  0.33926208806986313  0.34918163819604930  0.35988282682432510  0.37104923895177189
  0.38225364840607223  0.39357834760804311  0.40506910085380787  0.41616928959090049
  0.42606169491075846  0.43578355283846792  0.44582116663178933  0.45583795985100034
  0.46569558796639310  0.47534027990941541  0.48563127104030845  0.49670546575628621
  0.50764547844985342  0.51845622238296885  0.52899349808868057  0.53955977755378881
  0.54989855564482937  0.56034122054003421  0.57067289740763549  0.58108905486782747
  0.59169736551492480  0.60246859097070093  0.61299491603939948  0.62313037866664256
  0.63321652383653448  0.64323306191478213  0.65353964642240270  0.66420633885049007
  0.67520161630248787  0.68621338561770262  0.69736426231958681  0.70837325896097536
  0.71909014297897300  0.72997839828819344  0.74120809206460492  0.75243017199462936
  0.76310391802812327  0.77352285188920133  0.78427822441353390  0.79501567640569604
  0.80624291338126752  0.81694026472277170  0.82799842131880386  0.83842287833559404
  0.84843192011955670  0.85794961485818499  0.86752057244480962  0.87719872604042848
  0.88733352506195495  0.89760689464518373  0.90816779593614105  0.91858157001912055
  0.92866774613113923  0.93873039683758874  0.94868562675288748  0.95879693926504728
  0.96920857331522658  0.97997358046105876  0.99005452723912468  1.00000000000000000
   1.2707040524515808E-005  -1.0000000000000000     
 T T T T F F F F F F F F T T T T F F F F F F F F F F F F F F F F
  <DiscreteSampler_grid>
  grouped_processes
  1 # 1 for a reference and 2 for a running grid.
  10 # Attribute 'min_bin_probing_points' of the grid.
  1 # Attribute 'grid_mode' of the grid. 1=='default',2=='initialization'
  0.0000000000000000 # Attribute 'small_contrib_threshold' of the grid.
  0.5000000000000000 # Attribute 'damping_power' of the grid.
 # binID   n_entries weight   weight_sqr   abs_weight
    10   10   3.733317984130857E+007   1.539054711555192E+015   3.733317984130857E+007
  </DiscreteSampler_grid>
