 -0.00151567870642906  0.00193691902771774  0.01157245139346935  0.02585237355183483
  0.04039230401319299  0.05480910052470844  0.06920894988903563  0.08224451228772962
  0.09504828274893355  0.10702482505792625  0.11885411427070038  0.13085915621376634
  0.14280259145133609  0.15461269812485406  0.16704847032812764  0.17967734202287741
  0.19276889025724347  0.20606343449582870  0.21926858862622192  0.23242341993540300
  0.24560404322841148  0.25878481393917901  0.27202305945994676  0.28530620972871573
  0.29857624621003626  0.31188226777819089  0.32528821118666723  0.33869077495511174
  0.35205204390494405  0.36536765966118412  0.37861926649213390  0.39190347784892166
  0.40522109379278348  0.41847797064615855  0.43159060428129664  0.44458056850326977
  0.45756427273216765  0.47050033838410765  0.48336453822120884  0.49621914340915763
  0.50920191752420474  0.52234801395782304  0.53552555687749770  0.54870981542193753
  0.56190114533340085  0.57510178255492095  0.58823142306437082  0.60132888461343348
  0.61442523803874494  0.62751365951990845  0.64058158666813458  0.65362904299929414
  0.66671774675678241  0.67983326342430761  0.69302143815120354  0.70625553755869264
  0.71938066596653505  0.73242743157559986  0.74553176985377734  0.75872718579041487
  0.77202460223626490  0.78540847617182385  0.79879857481002159  0.81215168153044848
  0.82559873034539666  0.83916371304410764  0.85277796957547836  0.86683017437335330
  0.88086685630156636  0.89505573313659070  0.90907785233046778  0.92164392047576515
  0.93366437547672465  0.94475894979457453  0.95523633826610488  0.96200327975246869
  0.96322075629742865  0.96474178497866214  0.96669901478130815  0.96862192589390050
  0.97059164986392066  0.97255630085119327  0.97449622957194681  0.97643687417001823
  0.97838186732219645  0.98032593502749921  0.98228699821649901  0.98424375964493571
  0.98621384369033183  0.98818783266024357  0.99015182007559543  0.99211769802602867
  0.99409682766916529  0.99604526123862036  0.99801060418122134  1.00000000000000000
 -0.00199728243507605  0.00834558810425794  0.01727476270278307  0.02650498138746676
  0.03483378264981332  0.04350927867723318  0.05224452598967342  0.06123717854673918
  0.07051513961567396  0.07948007330503500  0.08888459690237149  0.09925786677095468
  0.10961898815237614  0.12012976338459942  0.13241590272213896  0.14642803379388236
  0.16094733809540027  0.17499239851506906  0.18728255092145879  0.19696484770293327
  0.20643515143277466  0.21567916098495912  0.22478855307409043  0.23353980512137548
  0.24224481837343459  0.25137002515636148  0.26182662003681112  0.27205829124607056
  0.28095036392256700  0.28906114097250701  0.29709288418542473  0.30581423300301619
  0.31426499689143150  0.32271189236127179  0.33108878672525982  0.33988911270499156
  0.34854909590614314  0.35870040829083449  0.37163974496548113  0.38513119699433701
  0.39831733663709928  0.41165143062953602  0.42493013355240805  0.43807254813062840
  0.45118492220725265  0.46470824794024890  0.47875186094886046  0.49199886738643228
  0.50357297886524166  0.51287893408116869  0.52160209581318817  0.53071844857890405
  0.54013041924812599  0.54970061752909771  0.55895947900543130  0.56965257875871389
  0.58274793064361707  0.59588412948732650  0.60711906469786259  0.61668479992571701
  0.62622699129362014  0.63545325528870500  0.64466212207283824  0.65394025886309814
  0.66376403754131863  0.67476757598250481  0.68563288102919362  0.69673168731881319
  0.71020802952703432  0.72354065432166670  0.73648356070928411  0.75000173843415663
  0.76304256377762780  0.77332745068995878  0.78212708909097539  0.79109273770310962
  0.80045657501474343  0.81004362148555697  0.81956389050592560  0.82961512982755659
  0.84033449065110222  0.85143800182380913  0.86149332593285799  0.87097987005541933
  0.88016935585815237  0.88928304186693341  0.89877624687980140  0.90909085127569977
  0.92174546595769979  0.93647265833468352  0.95031666221774624  0.96196657766939175
  0.97180823134161609  0.98152456664652676  0.99090507452165633  1.00000000000000000
   5.7302895100003008E-004  -1.0000000000000000     
 T T T T F F F F F F F F T T T T F F F F F F F F F F F F F F F F
  <DiscreteSampler_grid>
  grouped_processes
  1 # 1 for a reference and 2 for a running grid.
  10 # Attribute 'min_bin_probing_points' of the grid.
  1 # Attribute 'grid_mode' of the grid. 1=='default',2=='initialization'
  0.0000000000000000 # Attribute 'small_contrib_threshold' of the grid.
  0.5000000000000000 # Attribute 'damping_power' of the grid.
 # binID   n_entries weight   weight_sqr   abs_weight
    10   10   4.608336075205908E+009   2.123676574911834E+019   4.608336075205908E+009
  </DiscreteSampler_grid>
