 -0.00529315459154707 -0.00107593972687699  0.00631854112722086  0.02184797740914874
  0.03755446249523899  0.05339788131400384  0.06938549190526597  0.08487144051533146
  0.09861670352659692  0.11267108450821897  0.12690137071626645  0.14107052350664975
  0.15555604714109716  0.17031971150835085  0.18580214843022261  0.20124530701931320
  0.21661153623677365  0.23182851896822415  0.24700330380549268  0.26213991705741702
  0.27720746647712591  0.29223028308821969  0.30732858372992539  0.32236089571344539
  0.33727044563923980  0.35230274466319750  0.36738075246680296  0.38248283715885556
  0.39775384817952664  0.41314927060617335  0.42893045465071544  0.44470016795398859
  0.46045657382307897  0.47612189281642531  0.49185591599861950  0.50777090285962934
  0.52360559876016921  0.53940080377361155  0.55513958639755145  0.57117422052303313
  0.58755490778454766  0.60398340235448944  0.62044324999874467  0.63698718509201280
  0.65345779993954589  0.66987715733634778  0.68643135620022155  0.70305995268992938
  0.71980701748149611  0.73612607770673522  0.75231901700036163  0.76846426120080757
  0.78459337907155668  0.80067631079136137  0.81635584847393583  0.83204899366758156
  0.84775462263860168  0.86352300491026213  0.87971570135042598  0.89645082315997460
  0.91412374176766076  0.93224408944689652  0.95112739354532760  0.96271145740620279
  0.96790607624248060  0.96900076632391396  0.96917082487336292  0.96970847449738629
  0.97078999891167994  0.97187325806049163  0.97295292864604266  0.97403584471850690
  0.97511366137065758  0.97619490111372831  0.97726435419908941  0.97832363920643162
  0.97940337751944140  0.98049678952378228  0.98159191398498136  0.98267065395509690
  0.98373201003641009  0.98480613498786718  0.98587478203963097  0.98696084719041854
  0.98804063561852717  0.98912482429453341  0.99020550450129274  0.99128331554429883
  0.99236906467183517  0.99345069653867080  0.99453794787349981  0.99562048052687879
  0.99672625254596647  0.99783131789700685  0.99891434979384264  1.00000000000000000
 -0.00218863965160838  0.00891985632154236  0.01795093950699490  0.02728702231795332
  0.03619129850948666  0.04490194184202593  0.05386417816201788  0.06550393720774479
  0.08228450600006737  0.09314428932069453  0.10200662520936567  0.11057083578476640
  0.11905190804516173  0.12777151253315022  0.13626115248113707  0.14544061339104802
  0.15827173996968297  0.17661593933878758  0.19707577478684515  0.21195029479182834
  0.22445709978857462  0.23374310906273094  0.24139690941230438  0.24937237136932544
  0.25684878932297972  0.26496073620513211  0.27336402466207238  0.28081455812496198
  0.28824994379316232  0.29593818658587817  0.30378282646870175  0.31115649927220163
  0.32025932419453773  0.33093144895933463  0.34193683944188952  0.35275293071626262
  0.36253496123098389  0.37196917737053414  0.38157073511682615  0.39211702611940380
  0.40455300930387678  0.41898718971543669  0.43436411990369528  0.44932176307831539
  0.46194221802242152  0.46977106303249067  0.48073118555906807  0.49081594581509785
  0.50023470479058274  0.50871728615036449  0.51729073864856379  0.52726509613943640
  0.53867093903670293  0.54881039789558639  0.55825627407164924  0.57038403412649596
  0.58551707356831950  0.60074984793679476  0.61248503444095881  0.62142999673626453
  0.63096122571002711  0.64033626962535650  0.64939967759260109  0.65850025596624684
  0.66836183419064976  0.67929587190863472  0.68924717081630849  0.69901849306937669
  0.70905521675908967  0.72032268993493376  0.73192868902727026  0.74349827739981200
  0.75570955882849977  0.77008606209468966  0.78496470579020794  0.79964136698038946
  0.81470522835887860  0.82979563565071313  0.83998892958863047  0.84755025553991392
  0.85623044933937753  0.86537796988145999  0.87458085378859285  0.88299668881574855
  0.89045057431030450  0.89889330186561445  0.90847963818599942  0.91864129258166083
  0.92739538163555735  0.93795776001951847  0.95050505069909175  0.96379386888862772
  0.97359256809422368  0.98331789906066391  0.99192225518545518  1.00000000000000000
   1.4547443609449792E-005  -1.0000000000000000     
 T T T T F F F F F F F F T T T T F F F F F F F F F F F F F F F F
  <DiscreteSampler_grid>
  grouped_processes
  1 # 1 for a reference and 2 for a running grid.
  10 # Attribute 'min_bin_probing_points' of the grid.
  1 # Attribute 'grid_mode' of the grid. 1=='default',2=='initialization'
  0.0000000000000000 # Attribute 'small_contrib_threshold' of the grid.
  0.5000000000000000 # Attribute 'damping_power' of the grid.
 # binID   n_entries weight   weight_sqr   abs_weight
    10   10   1.920280559930079E+007   3.687508275702201E+014   1.920280559930079E+007
  </DiscreteSampler_grid>
