  0.04925936705864205  0.07013468659640137  0.08144073206676659  0.09134929588327702
  0.09930761670332700  0.10638394923576446  0.11256885444423381  0.11813026539849081
  0.12313516066568125  0.12748633955054958  0.13119853498309142  0.13475526473204072
  0.13827104384038208  0.14173478507300794  0.14537190492085819  0.14867833507826300
  0.15176437458637690  0.15467320144422037  0.15736573323665493  0.15981688946652581
  0.16198526726211607  0.16389177497864083  0.16578338186345523  0.16757256705700682
  0.16917396526257211  0.17056628354920839  0.17169762329659097  0.17275240733093247
  0.17367113120228289  0.17463282278481562  0.17559266811645480  0.17650990271389452
  0.17743870984139187  0.17844532547549821  0.17942855068479541  0.18039517736530736
  0.18144357822695045  0.18242423859204060  0.18334151122731263  0.18421302073185991
  0.18504796192448864  0.18585509258184887  0.18666396079415501  0.18747834125251084
  0.18828775505290238  0.18902888830289002  0.18966231245200593  0.19027696599200655
  0.19087317075453719  0.19144594994715874  0.19200948363392575  0.19256383924194612
  0.19310873669367151  0.19363403696096382  0.19430168649496932  0.19512808427382275
  0.19853951104373049  0.23117167956520662  0.23196594797925718  0.23266633082934868
  0.23330100258919323  0.23394271588020174  0.23458754755148550  0.23523497086413478
  0.23602599140794941  0.23685976480210585  0.23773526497142453  0.23867320341697559
  0.23964957839489753  0.24062165345659337  0.24155585109199154  0.24243519688391035
  0.24331076140655478  0.24418990929854309  0.24508228237688623  0.24597096541521801
  0.24693294561822551  0.24800011010599687  0.24918139107181181  0.25051557575958078
  0.25200241657351580  0.25364145343634070  0.25524379280406068  0.25691552521681532
  0.25858747986559921  0.26024643220744287  0.26200416882382255  0.26393901261378067
  0.26599483517416422  0.26844470573775986  0.27193683192225171  0.27697958220655317
  0.28360668751804036  0.29445797396679951  0.31323292975212891  1.00000000000000000
  0.02786742079491748  0.04025910176910139  0.05179198304013417  0.06139619255868872
  0.07050254153639422  0.08017656380088779  0.09079144913340527  0.10131880759172943
  0.11216634534545397  0.12328333327998595  0.13429885304903336  0.14600798267794154
  0.15743937442500433  0.16938401141856924  0.18072379483603923  0.19190491613164617
  0.20282647522480776  0.21362685229167294  0.22385955051007675  0.23422368272148036
  0.24475928572134115  0.25615329951133370  0.26806621848353956  0.28002597188877787
  0.29215334454267750  0.30327705303892249  0.31338547220270513  0.32311079952342842
  0.33191463683704603  0.34147794998911662  0.35173167896566415  0.36292503474987692
  0.37493462229324986  0.38659682007321317  0.39786505110020082  0.40875057550165006
  0.41944327859554004  0.43013780744807106  0.44063894729992675  0.45088254916500309
  0.46064808648878192  0.46991694264632805  0.47902768447210547  0.48741579409923863
  0.49527780867268423  0.50362477568042041  0.51243146781140969  0.52307295153485123
  0.53400591093186434  0.54386342074029514  0.55315356991728792  0.56173939299163722
  0.57114002505635575  0.58216863668894148  0.59413394205116898  0.60553460390626224
  0.61549633885465582  0.62517421556546038  0.63540151138768142  0.64635118183630269
  0.65760566924635622  0.66812178261558175  0.67639720874910148  0.68442293065731896
  0.69243379336418742  0.70010501581601359  0.70893281221675120  0.72131149788751781
  0.73337921346156631  0.74438944933716544  0.75408238172136177  0.76288624697403173
  0.77255452620046694  0.78338150722353983  0.79395176059422501  0.80411814766893386
  0.81379076752223878  0.82315715678377421  0.83269359417136590  0.84367499411153590
  0.85445093220145585  0.86353078350750545  0.87152902455204317  0.87956707079296614
  0.88756799250603802  0.89559210929618127  0.90392480575994982  0.91295513090557623
  0.92240212940237420  0.93194488387416452  0.94097802493269211  0.95027891433594691
  0.95926603452401438  0.96665213383937576  0.96993073769677030  1.00000000000000000
 -0.00544467655677234  0.00756770581982361  0.02454192388864656  0.05047126971049227
  0.07539595878840973  0.09963541502336874  0.12125224677876460  0.14205416074443694
  0.16237469598259963  0.18260425492821972  0.20384775734301089  0.22537071082992605
  0.24852178079386467  0.27175663675317280  0.29510673300843637  0.31907220041334300
  0.34274960619167111  0.36297239052880492  0.38435947978343432  0.40474243719514214
  0.41324450380758793  0.41490900723042606  0.41986489037447866  0.42628125038996395
  0.43305362396264108  0.43937060516217835  0.44551787336156073  0.45226972337832788
  0.45836984064728464  0.46405255736338036  0.46986061133332235  0.47619597053868101
  0.48274001650802878  0.48938766034663356  0.49588290328100509  0.50244553539695469
  0.50908025228232390  0.51603510331399183  0.52317731217570540  0.53047967398553175
  0.53808041195205403  0.54639182841818734  0.55431678253329530  0.56127285525487536
  0.56801026757475515  0.57538371681776734  0.58325042673491800  0.59117229110766334
  0.59949615521878497  0.60822177418478640  0.61679916714794625  0.62488717427950768
  0.63230479821102925  0.63970418473561197  0.64718871619614549  0.65463930903474465
  0.66243535347790528  0.67089220680247097  0.67987585925331773  0.68800210975558507
  0.69573695586215878  0.70343273201841305  0.71113402465247588  0.71899592463012163
  0.72716759929181185  0.73545386673436686  0.74364729760776527  0.75190699613344991
  0.75994986980491064  0.76800808242640706  0.77662646902543331  0.78706396787218613
  0.79758374754501471  0.80665631163221674  0.81533118049126507  0.82423280574661328
  0.83347206206003388  0.84264534027072213  0.85184110708635408  0.86039624188693709
  0.86872647981918649  0.87718507802819190  0.88571121567525923  0.89425220456134491
  0.90269609884765811  0.91224642676620971  0.92139038387046102  0.93010363079719449
  0.93840613912686288  0.94708987456040550  0.95613838199148848  0.96525735287852510
  0.97439164570437231  0.98342976238446111  0.99194232879548161  1.00000000000000000
 -0.00144137484777538  0.00829017515804809  0.01817327943622303  0.02756061940328994
  0.03714179214625170  0.04804206750744357  0.06091352796799438  0.07370769452929547
  0.08431260798833443  0.09308026057596633  0.10185479503683205  0.11027653177556772
  0.11825710154661845  0.12634098103559055  0.13382672291654987  0.14138508301615865
  0.15161437157633662  0.16463661148210532  0.17647993679734211  0.18702645968154144
  0.19781167728542140  0.20862892153875179  0.21894000324108567  0.22915843141447262
  0.23896196986267779  0.24828953621689562  0.25696941218208058  0.26531139798823999
  0.27483397411995419  0.28635405684603465  0.29813317235319392  0.30990850045061097
  0.32238472014862279  0.33491654485011257  0.34562026144477170  0.35397690372647583
  0.36176929472383329  0.36887943306459070  0.37654411323254300  0.38533644422510238
  0.39523825878222124  0.40732485062696300  0.41763254877927436  0.42658804502940317
  0.43544402122773157  0.44476017198110818  0.45648669680089815  0.46914685778091164
  0.48066337444219315  0.49159356215733369  0.50177411955737228  0.51341457148019487
  0.52510976877061566  0.53730825022623430  0.54942034183127653  0.56124921905426994
  0.57225729441518236  0.58311676792898515  0.59443736055436991  0.60546134504533544
  0.61581629358106205  0.62557739683710056  0.63497675015279631  0.64472271284111793
  0.65516323325203096  0.66678182956423371  0.67964761060496004  0.69191848952130586
  0.70202538666832004  0.71208048050549910  0.72259785554792233  0.73386394657503795
  0.74702021336673352  0.76093609794255723  0.77495421452857338  0.78872337644557200
  0.80204427486248031  0.81445585239113405  0.82678380696505838  0.83813149961275402
  0.84836657060855580  0.85861070568058462  0.86945199282232932  0.88134607330230552
  0.89265984280867006  0.90357375278394136  0.91457625525961461  0.92510925525834409
  0.93536910292718312  0.94525594199672458  0.95486857881114529  0.96393847992103276
  0.97251099081335002  0.98127888363154647  0.99033639980416377  1.00000000000000000
 -0.00347069264413210  0.01423049643486369  0.02864449156860833  0.04250559418107622
  0.05458404595358707  0.06737795314576601  0.08053996815836770  0.09647022282974427
  0.11364445639734609  0.12882882382819841  0.14209596570287375  0.15314560156520049
  0.16483060285433077  0.17680684847648309  0.18868056885047660  0.20004794681327348
  0.21128496298289501  0.22320856657269991  0.23377791669563555  0.24199195796092565
  0.25003759398024600  0.25821869143669529  0.26713830194335469  0.27636164983488659
  0.28506867172510009  0.29512490060553309  0.30820164765951424  0.32037585392059292
  0.33176958278550017  0.34272960977501615  0.35354274378954231  0.36480060348545124
  0.37617775479765236  0.38761431894401183  0.39801786021193986  0.40852047802163566
  0.41797881912337481  0.42731567644172763  0.43711086986780373  0.44767443471333085
  0.45842182966462691  0.46949873274303827  0.47999304862637981  0.49164222303048977
  0.50376308218294641  0.51514630480220236  0.52465712738453252  0.53327178343901960
  0.54235407226993748  0.55228958230142877  0.56575068390916283  0.57628292530032255
  0.58693391497439196  0.59747524988746914  0.60852398356170423  0.61937962537875679
  0.63052248779663211  0.64223393946637441  0.65380312210624925  0.66583165964761970
  0.67649253252998531  0.68500513031253196  0.69296392645211169  0.70103586723319800
  0.71011321522004389  0.72015648965422574  0.73119233210552803  0.74266817577273136
  0.75262561246290016  0.76112894296331435  0.76922565463096571  0.77820082439055271
  0.78872423008865200  0.79994536071714561  0.81097701773662656  0.82154779277676149
  0.83136345378858156  0.83918527128021891  0.84598569729744566  0.85290638787050577
  0.85944363091255815  0.86571264209285637  0.87314115267159553  0.88190829027351347
  0.89167646775846299  0.90088366363092864  0.90947836272913662  0.91810414999632484
  0.92757309165602753  0.93774241015906845  0.94855035222344808  0.95782323063751462
  0.96723345127368165  0.97672572980124794  0.98831709474325757  1.00000000000000000
 -0.00207546247193112  0.01017382113208797  0.02169434253045287  0.03317516945158672
  0.04480777559893314  0.05623177679813762  0.06774155527292811  0.07988307745094618
  0.09220872559122625  0.10459387282703482  0.11658346695548324  0.12954863165580524
  0.14236920613215040  0.15444509946106694  0.16529274771493654  0.17569380299695331
  0.18657574146801834  0.19832094757523516  0.21135970257723985  0.22490361729379732
  0.23744568686950920  0.24944141208779577  0.26028621283532571  0.27097315829489926
  0.28173353630701070  0.29256238149554187  0.30401725390659884  0.31592238233954606
  0.32770506335593208  0.33686765283344644  0.34552935700218657  0.35470762313272036
  0.36512868895790562  0.37792690111069471  0.38995344239048757  0.40096769930570564
  0.41244102808645539  0.42412521006407533  0.43512070401483638  0.44480359058411129
  0.45431799382661181  0.46522231683595716  0.47672761899468791  0.48972426914501077
  0.50335291387094871  0.51590606382085935  0.52643201230202563  0.53572507677438042
  0.54485468467113229  0.55432937201775245  0.56602432538643654  0.57679046930917721
  0.58833320083465235  0.59957790197074023  0.61006260641908971  0.62010802391724174
  0.63029174643137298  0.64035851486674100  0.65050985065247113  0.66042070493441640
  0.67269403998699639  0.68548930529197138  0.69855125141557517  0.70957505297533308
  0.71859695873740781  0.72692272153881876  0.73570922584888454  0.74570465786706774
  0.75670361657342022  0.76691005246023580  0.77644736616873811  0.78634374037106469
  0.79581189221692072  0.80568364379626989  0.81600655279945400  0.82673276979824273
  0.83673669479229418  0.84694400279541471  0.85483131696626513  0.86328288857092328
  0.87243447914815231  0.87895350525488292  0.88613119906072901  0.89405539729508710
  0.90208072946169282  0.91001421161062146  0.91791513028423288  0.92580751134210937
  0.93376142366180559  0.94277955964321192  0.95400166063044034  0.96287175744778553
  0.97210223778405969  0.98064608692701627  0.98897972349383334  1.00000000000000000
 -0.00111366637369497  0.00523912198409844  0.00963869235250113  0.01398438418371854
  0.01832381736693830  0.02310498628365980  0.02828519196605997  0.03360154825364119
  0.03943867837494823  0.04772980580719825  0.05697437514558275  0.06609108710846509
  0.07537627542098209  0.08474944616807017  0.09389845263726984  0.10257980277757107
  0.11094869753244890  0.11931383772670215  0.12782688504945128  0.13707160473581304
  0.14575908153577813  0.15356682214704870  0.16107307080843045  0.16862464927645604
  0.17635173654392552  0.18469793878557397  0.19333226789757407  0.20215512488834939
  0.21098380288984228  0.21926862674520239  0.22719125981581900  0.23521235637178214
  0.24304343366699713  0.25085260435034856  0.25854157918116261  0.26597680208711055
  0.27380362846103778  0.28244449665752003  0.29193560438182303  0.30216967366697184
  0.31232427282794512  0.32220767815333029  0.33182591647004667  0.34145248819003898
  0.35062043761495665  0.35843933744535827  0.36546226550883198  0.37242888544090480
  0.37984471359273220  0.38795489626743679  0.39888702175666813  0.41247499440819502
  0.42635980617473468  0.44061301010901494  0.45505744730406517  0.46907537982899539
  0.48378618081620239  0.49724358076387987  0.51097128487168564  0.52504083729538376
  0.53961039264120991  0.55402585359754974  0.56743387848380433  0.58042426654705292
  0.59269196857094875  0.60366338297019773  0.61398118674968294  0.62405582491692946
  0.63448877115219560  0.64567314054269775  0.65838978033120843  0.67181438426061979
  0.68519106850356193  0.69590333377339730  0.70662309399471934  0.71787805798384619
  0.73069060620014659  0.74328327874782496  0.75638187208317875  0.76939769295161919
  0.78183546749595167  0.79460771613145420  0.80842822393644054  0.82088488475223242
  0.83242604690716215  0.84491194091159982  0.85832852114568647  0.87118244156909552
  0.88569731309570288  0.90211329037509658  0.91768844652547332  0.93425671774767804
  0.95098821644746179  0.96765683891567711  0.98408709945721939  1.00000000000000000
 -0.00264338128521307  0.00996983987051071  0.02068315859521099  0.03112293498297958
  0.04084345724895819  0.05096660336180899  0.06158323188461422  0.07366844461000974
  0.08563752173407234  0.09767331390775939  0.11033934120484089  0.12222087591357936
  0.13289498538099848  0.14289027694456699  0.15273643496819150  0.16261964870940612
  0.17215077789069824  0.18182105978238591  0.19284795938278512  0.20585609106923550
  0.21621542300345886  0.22507265470539087  0.23377201383823118  0.24249162758312282
  0.25308192618911096  0.26530074552767596  0.27730622873921978  0.28966269573864573
  0.30131797785016884  0.31278510619079641  0.32466944524295105  0.33677155482116655
  0.34868585175349820  0.35969045224078844  0.37060011559640915  0.38155776512381628
  0.39357573407033974  0.40323533215142765  0.41308275031544106  0.42243185357016505
  0.43244964502672545  0.44332266362299710  0.45488992185628946  0.46659759160349268
  0.47859258505911983  0.49099085128913517  0.50418181348220159  0.51808890333317037
  0.53086088852298574  0.54171451477333066  0.55131751039923726  0.56050388752219171
  0.56905199490884484  0.57878457534616090  0.58809702928941265  0.59809647316734194
  0.60754800137431386  0.61662075317324339  0.62608630166280832  0.63600905367423433
  0.64613718747352045  0.65586599477548735  0.66466744494329089  0.67363396211105464
  0.68316389216829954  0.69326367105288211  0.70607229047072528  0.71868926844653958
  0.72995539784297925  0.74043390826819966  0.75087111129309669  0.76132755757931037
  0.77189959872160840  0.78281826141174671  0.79442705798567992  0.80606348052176979
  0.81798219262643712  0.82996089059400524  0.84174011611890787  0.85270913327964237
  0.86294145198264005  0.87287841259281729  0.88296717409854120  0.89379778861163683
  0.90477342375254743  0.91521962307135696  0.92441515879227254  0.93345069747191112
  0.94210108190282682  0.95054675207576700  0.95953981194158611  0.96888811077925785
  0.97757863342278950  0.98503377077682619  0.99217013354137007  1.00000000000000000
   4.8040912626065502E-008  -1.0000000000000000     
 T T T T T T T T T T T T T T T T T T T T T T T T T T T T T T T T T T T T F F F F F F F F F F F F F F F F F F F F F F F F F F F F F F F F F F F F F F F F F F F F F F F F F F F F F F F F F F F F F F F F F F F F F F F F T T T T T T T T T T T T T T T T T T T T T T T T T T T T T T T T T T T T F F F F F F F F F F F F F F F F F F F F F F F F F F F F F F F F F F F F F F F F F F F F F F F F F F F F F F F F F F F F F F F F F F F F F F F F F F F F F F F F F F F F F F F F F F F F F F F F F F F F F F F F F F F F F F F F F F F F F F F F F F F F F F F F F F F F F F F F F F F F F F F F
  <DiscreteSampler_grid>
  grouped_processes
  1 # 1 for a reference and 2 for a running grid.
  10 # Attribute 'min_bin_probing_points' of the grid.
  1 # Attribute 'grid_mode' of the grid. 1=='default',2=='initialization'
  0.0000000000000000 # Attribute 'small_contrib_threshold' of the grid.
  0.5000000000000000 # Attribute 'damping_power' of the grid.
 # binID   n_entries weight   weight_sqr   abs_weight
    10   10   9.621916357157724E+001   2.485157313452439E+004   9.621916357157724E+001
  </DiscreteSampler_grid>
