 -0.00743834366368252  0.00952702007457889  0.02750537530793042  0.04872128012525163
  0.07023314615255076  0.09208418918117472  0.11033630664424765  0.12737492072448076
  0.14458569120885192  0.16176473216562273  0.17891442640760613  0.19601123051662334
  0.21395736272037399  0.23388073508877644  0.25351220847038947  0.27294716440424516
  0.29236748707607807  0.31179284665703044  0.33128444504995569  0.35083373482132713
  0.37048584143597607  0.39022483358142845  0.41001480359744935  0.42984562845937657
  0.44965846323019504  0.46938106559133397  0.48909509314513910  0.50879939432798871
  0.52832984990483112  0.54779897289268153  0.56712658923474846  0.58645935918047176
  0.60580680744653759  0.62527779918698034  0.64486655639315260  0.66463480239180706
  0.68447134922993491  0.70456115640660677  0.72534466974522271  0.74760991315508962
  0.77048008218552633  0.79385209771080489  0.80894510753728022  0.82007340572999088
  0.82624213471091112  0.82855847790420700  0.82954856647363640  0.83209872382242733
  0.83545376697504170  0.83878535128283527  0.84207603477104331  0.84539279674450452
  0.84873560695812356  0.85210338239631600  0.85545835698140704  0.85878047786580902
  0.86210384266392426  0.86547698223164093  0.86889039747122221  0.87230662067155484
  0.87572093189122613  0.87913436873607753  0.88253701552479791  0.88592712339857793
  0.88930796571069948  0.89272531668080479  0.89615416252536895  0.89957941237333483
  0.90301492576658149  0.90645527376883028  0.90990604979261203  0.91338254749164138
  0.91687748158096971  0.92036068824743045  0.92386913535372361  0.92739750893305994
  0.93091498480550550  0.93445698552661471  0.93803091026694374  0.94159683192923938
  0.94515542497992133  0.94874537048167584  0.95234524898428374  0.95594194052595982
  0.95953334331455664  0.96315032385453292  0.96682119298611091  0.97050377341611638
  0.97419038813888315  0.97780944016237448  0.98142292103764628  0.98507904546543867
  0.98876191837807237  0.99250178673756684  0.99624181039106496  1.00000000000000000
 -0.00213795701138434  0.00934732517445576  0.01874087760415221  0.02825511222226575
  0.03694264985731031  0.04580683290894374  0.05433041410474673  0.06269043364344569
  0.07109475462857894  0.07975425726849436  0.08939005693220299  0.09978800392355572
  0.11008639904165651  0.12056714574943314  0.13211639648788087  0.14521999476044184
  0.15848698737010905  0.17149901944454665  0.18527422859366297  0.19477011478332032
  0.20447777182858451  0.21449879643117203  0.22412038895820974  0.23319046621149436
  0.24166923145517882  0.25083018788264944  0.26229808116959347  0.27377667082209461
  0.28260352152516260  0.29064539493763436  0.29791608310196172  0.30527272576577713
  0.31353148398212644  0.32175703746151213  0.32950114596079760  0.33799600660165674
  0.34719830152464082  0.35638523338843309  0.36961648793937241  0.38420829340564400
  0.39788979249558598  0.41080582275415539  0.42328682444242044  0.43533992092454032
  0.44724407285835965  0.45965981422274244  0.47357757460744526  0.48848481744880762
  0.50115542748434339  0.51097172004479330  0.51986142890726994  0.52919820317278321
  0.53914914648758538  0.54931808276554728  0.55908873538082426  0.56961328840509273
  0.58163187142547235  0.59474054517521902  0.60691256735083177  0.61753786953354728
  0.62769039284084127  0.63648176988942118  0.64551459204756489  0.65455982769682053
  0.66387670921949959  0.67487359754667420  0.68603408134785382  0.69831011603436111
  0.71055576076875138  0.72266585448463971  0.73485225120526299  0.74715830309276243
  0.76004203895282652  0.77155303281568666  0.78002836796098596  0.78864738129939294
  0.79780944463562209  0.80746899477036738  0.81694006052248780  0.82647584500671745
  0.83581187467817641  0.84739825417803027  0.85842152451807352  0.86900239215152153
  0.87909290603856227  0.88842822415740330  0.89829308407816699  0.90885177756585900
  0.92146909567491564  0.93557734536987092  0.94862733923152576  0.96005430610259390
  0.96991852457409533  0.98061697441799511  0.99071285667419884  1.00000000000000000
   3.8224107150918731E-004  -1.0000000000000000     
 T T T T F F F F F F F F T T T T F F F F F F F F F F F F F F F F
  <DiscreteSampler_grid>
  grouped_processes
  1 # 1 for a reference and 2 for a running grid.
  10 # Attribute 'min_bin_probing_points' of the grid.
  1 # Attribute 'grid_mode' of the grid. 1=='default',2=='initialization'
  0.0000000000000000 # Attribute 'small_contrib_threshold' of the grid.
  0.5000000000000000 # Attribute 'damping_power' of the grid.
 # binID   n_entries weight   weight_sqr   abs_weight
    10   10   7.666338408640337E+008   5.880434137477539E+017   7.666338408640337E+008
  </DiscreteSampler_grid>
