 -0.00623424468922926  0.00533431565886560  0.01901666979167367  0.03803219488824566
  0.05738638942128538  0.07699249447416805  0.09438606560881906  0.11096055114511666
  0.12619746842745552  0.14158135347342218  0.15689021518277868  0.17184269173357600
  0.18829189045554987  0.20553171252333027  0.22412659782351502  0.24270435307629842
  0.26125615767375288  0.27990631227182472  0.29858858737618688  0.31723061783978718
  0.33580668414918491  0.35428466578300477  0.37261717614711748  0.39088924768738165
  0.40908737942843121  0.42730584765537077  0.44556110258091108  0.46384788442836183
  0.48214913668803183  0.50045928873667389  0.51875224954285437  0.53700822141868843
  0.55515925240978869  0.57324654363662297  0.59096063341371408  0.60863915275772140
  0.62629066708274372  0.64408270781068022  0.66201448114797579  0.68003820117427394
  0.69807312406252775  0.71602821746099732  0.73377400338496024  0.75123161679048300
  0.76862374491656227  0.78598599543829017  0.80339266239064711  0.82088604536217735
  0.83864597579835831  0.85724216920250529  0.87679319585570792  0.89725436067814623
  0.91820865888131686  0.92797029745218662  0.93266740844467988  0.93364530839215343
  0.93401784016959222  0.93508179942899139  0.93676407545799045  0.93843670364004150
  0.94012064749900892  0.94180590029559275  0.94349535897980230  0.94519618725026011
  0.94689367866996899  0.94859408466279405  0.95031834762949041  0.95203388789509624
  0.95374099106364441  0.95542466576155705  0.95708733208907137  0.95876766623146392
  0.96046511442635929  0.96218650137526929  0.96389923382368148  0.96561700666739692
  0.96732667511666581  0.96903907161915603  0.97075171498697710  0.97244160159350113
  0.97413230958032959  0.97584814210683890  0.97757536568483561  0.97929858722912100
  0.98103748246603784  0.98277751971869010  0.98450506078993527  0.98621533546447748
  0.98793927243406021  0.98967286567161949  0.99138323200070022  0.99307479637222973
  0.99478003895875333  0.99651603382999587  0.99825414954773350  1.00000000000000000
 -0.00495887614333221  0.01618333857413927  0.03104717099742587  0.04461963978705910
  0.05827436019067827  0.07155103849203903  0.08389548094941193  0.09401042553215144
  0.10413283359071648  0.11534475905888349  0.12462557436028990  0.13313321497968769
  0.14135911511266974  0.15063354298274709  0.16048359242488219  0.16983837676071645
  0.17833291545231408  0.18722888482512673  0.19723804560875671  0.20768663865162837
  0.21797560971832142  0.22850607109050580  0.23812157823846111  0.24639994800532891
  0.25459609887607559  0.26316627815046989  0.27198688706739449  0.28109225949683431
  0.29018564836357696  0.29868843364968711  0.30718656393506771  0.31540648290144663
  0.32364865117962999  0.33202918630253864  0.33998718607323986  0.34734804933588986
  0.35433720315618106  0.36171970069684584  0.36924924565509437  0.37757015268069927
  0.38672412015788726  0.39556860295888724  0.40386961911030750  0.41229780899050084
  0.42105794907082689  0.42991360551222146  0.43849486764990742  0.44711301154698263
  0.45632099264648940  0.46673079777954696  0.47745001550268495  0.48877434186356433
  0.50225380650866680  0.51507279454039157  0.52823873095880680  0.54277349120893392
  0.55825981651836865  0.57471036806388787  0.59062976536016609  0.60599169200031322
  0.62077403880422588  0.63502290810346718  0.64904241070196533  0.66252052592575972
  0.67233858404178126  0.68110560079049054  0.68950067656219494  0.69758572732490565
  0.70599539394395705  0.71506653006169174  0.72372236331509254  0.73210217547900203
  0.74213095400642604  0.75192788803000088  0.76761077460623683  0.77838480057083947
  0.78933607648967630  0.79991107003374307  0.80973425350205175  0.81897363393498002
  0.82786064786337688  0.83680803702289608  0.84599218284304134  0.85513105808856249
  0.86352886135581886  0.87173567539662944  0.88030995543308532  0.88877625492965107
  0.89746091070505496  0.90731774491326456  0.91861919823285054  0.93409363241866017
  0.95070376485059926  0.96730206039635336  0.98407454618674461  1.00000000000000000
   8.5121249542930360E-006  -1.0000000000000000     
 T T T T F F F F F F F F T T T T F F F F F F F F F F F F F F F F
  <DiscreteSampler_grid>
  grouped_processes
  1 # 1 for a reference and 2 for a running grid.
  10 # Attribute 'min_bin_probing_points' of the grid.
  1 # Attribute 'grid_mode' of the grid. 1=='default',2=='initialization'
  0.0000000000000000 # Attribute 'small_contrib_threshold' of the grid.
  0.5000000000000000 # Attribute 'damping_power' of the grid.
 # binID   n_entries weight   weight_sqr   abs_weight
    10   10   2.645119383720197E+007   6.996732189874839E+014   2.645119383720197E+007
  </DiscreteSampler_grid>
