 -0.00405962226346697  0.00912458083738000  0.02371450847140000  0.03894193724880476
  0.05417266763092130  0.06956536497100314  0.08528032371261715  0.10005381319228007
  0.11338492226367333  0.12637689948250050  0.13975863770038049  0.15311122627598606
  0.16640199083852306  0.17971038018754870  0.19326588296998784  0.20700854437846897
  0.22124649658674880  0.23565576023468737  0.24995581204540374  0.26417801534832652
  0.27844107817891917  0.29272302003840472  0.30698671413289491  0.32115911115433199
  0.33536633731913418  0.34956599582876907  0.36376696451607893  0.37798248746924601
  0.39222047019014905  0.40644499967885683  0.42066992634295830  0.43489964143682180
  0.44912980828128546  0.46335997075174717  0.47753241871348545  0.49171614057477009
  0.50598774444886740  0.52023146001457699  0.53445333612842283  0.54870897884429282
  0.56301971838139597  0.57737097614382915  0.59168654135574950  0.60596933517038609
  0.62025613860488549  0.63458841029482738  0.64896285733192594  0.66331209717231843
  0.67772850863045520  0.69225092829881252  0.70685696650505148  0.72145824989757679
  0.73609271934510234  0.75070645269546810  0.76525631312428211  0.78014836517546948
  0.79578617323832268  0.81173916660276157  0.82783798625744565  0.84450111169875686
  0.85969792319764704  0.87261599712690308  0.87856106194051398  0.87955962838840718
  0.88261364202893522  0.88633297654801979  0.88998086300561297  0.89364897533913856
  0.89731437744535736  0.90096177277309830  0.90468285050364561  0.90839294866006437
  0.91212333614250185  0.91585768707308512  0.91960105474927389  0.92332282063810167
  0.92708439310517354  0.93086850437208501  0.93462107204647882  0.93836039035674113
  0.94212433238500648  0.94590200072478414  0.94970055322745228  0.95350469584903086
  0.95730267737029939  0.96110977801063013  0.96498947327043771  0.96885488510229634
  0.97271660160879847  0.97658267486669714  0.98046003149960392  0.98433188700501284
  0.98823590187074517  0.99216533940636586  0.99609155217764755  1.00000000000000000
 -0.00343636370169698  0.01239979780010499  0.02354692395685109  0.03372633866088748
  0.04402876999581191  0.05410215708835298  0.06408667463123326  0.07369679374189081
  0.08422418420251999  0.09669890882511069  0.10999134660271304  0.12246502852153714
  0.13326366195335251  0.14283281374117501  0.15207608812539847  0.16150149846426687
  0.17099495479475524  0.17984185442936110  0.18839753621324629  0.19780883628438733
  0.20847458158145929  0.22085165790465253  0.23377687596195570  0.24602409835754047
  0.25837914353176272  0.27114402381802222  0.28376284754269604  0.29531797403454857
  0.30559709362570270  0.31525836944995300  0.32472588464919083  0.33411357887923704
  0.34395142407939655  0.35481774317425113  0.36525387896761674  0.37657721618209833
  0.38896452645832569  0.40061522421384055  0.41148257936727628  0.42211465028191608
  0.43277710189699670  0.44334449476943733  0.45383601953623770  0.46512218576861802
  0.47740990068562866  0.48988421790182796  0.50217165739351155  0.51430059219672186
  0.52647273421482477  0.53915513147346172  0.55102473070386482  0.56282944193549367
  0.57471721020429645  0.58657377656412713  0.59805927536174197  0.60840716990476229
  0.61750607285150205  0.62668729656854250  0.63626689216605936  0.64561530480798646
  0.65449031071148878  0.66259545280797483  0.67190356230991755  0.68219999444963042
  0.69233617622074539  0.70159852411212531  0.71272031330925234  0.72517712723289118
  0.73615764430622521  0.74627541001421838  0.75649132292568033  0.76678530457538896
  0.77733303181445257  0.78686557357967790  0.79637900882679058  0.80576862178851361
  0.81492678060447410  0.82387149921890679  0.83358789624073903  0.84334645393607610
  0.85295416217150954  0.86254184681428092  0.87252450777648871  0.88281264112786073
  0.89295252644752787  0.90257337472668520  0.91168787244866867  0.92101859147892917
  0.93062757492958004  0.94040526401231939  0.94966069642304740  0.95872191614468771
  0.96837816549379108  0.97886112897025568  0.98948749214652509  1.00000000000000000
   1.7611779611196197E-004  -1.0000000000000000     
 T T T T F F F F F F F F T T T T F F F F F F F F F F F F F F F F
  <DiscreteSampler_grid>
  grouped_processes
  1 # 1 for a reference and 2 for a running grid.
  10 # Attribute 'min_bin_probing_points' of the grid.
  1 # Attribute 'grid_mode' of the grid. 1=='default',2=='initialization'
  0.0000000000000000 # Attribute 'small_contrib_threshold' of the grid.
  0.5000000000000000 # Attribute 'damping_power' of the grid.
 # binID   n_entries weight   weight_sqr   abs_weight
    10   10   7.672805596520853E+008   5.887697932742028E+017   7.672805596520853E+008
  </DiscreteSampler_grid>
