 -0.00600962542490833  0.01296698776184338  0.03036679655547464  0.04780131793442943
  0.06542309187989914  0.08332610103877644  0.09872871712941805  0.11286578873163414
  0.12759804767332725  0.14227913317177421  0.15687446283124451  0.17177465367848985
  0.18692585231096531  0.20320898263858320  0.21944058736740105  0.23560689358123399
  0.25182463796838678  0.26805391008378515  0.28418344144181679  0.30029102924405687
  0.31636213057485146  0.33246706550366179  0.34858812545985524  0.36486449592285797
  0.38120899546874643  0.39769106874500992  0.41417118619130527  0.43064841210686239
  0.44703810737824112  0.46339883410216642  0.47970686370749793  0.49604705103440883
  0.51240307765368764  0.52890463621435180  0.54549553019338115  0.56226526943291710
  0.57906757522784802  0.59588643209441650  0.61278111838498650  0.62977074162756030
  0.64694280960141648  0.66411073256543707  0.68127801101441621  0.69848718346115191
  0.71581502466742231  0.73334050257290939  0.75092635776357641  0.76853178377105447
  0.78609673091239018  0.80413661391819125  0.82280171957410120  0.84148227341001047
  0.86017864546377798  0.87896636619759172  0.89522371832086733  0.90926210622152281
  0.92554091271315764  0.93239414028641021  0.93363735542210591  0.93404303204023398
  0.93520781902164452  0.93702500947631051  0.93882764549333275  0.94063003286796942
  0.94244404358278355  0.94426421606767041  0.94608077463473905  0.94790423676138658
  0.94972763585686659  0.95154568953241225  0.95337952211265176  0.95522298194276545
  0.95707093612387628  0.95892179176733328  0.96076995359802819  0.96262266756428017
  0.96446489098964316  0.96630635199777670  0.96815963153717821  0.97000615682400160
  0.97185264258403514  0.97371504223256089  0.97558370918948401  0.97745905416242751
  0.97932084454305668  0.98117211526039816  0.98304547422634481  0.98492979691800064
  0.98681309419463337  0.98869524869077041  0.99057654541519746  0.99247112149781047
  0.99435899189135979  0.99623686748251628  0.99812271628275473  1.00000000000000000
 -0.00402386790191529  0.01229651381886339  0.02523876137980926  0.03608098226607973
  0.04668591153665269  0.05799644357158423  0.06900551833544538  0.07943821100974020
  0.09007943036597368  0.10153691117029773  0.11348463502079841  0.12717195720554905
  0.14207514060227253  0.15374345402599146  0.16250730819029624  0.17165024645814009
  0.18071204465393345  0.19002188823206956  0.19902559108093654  0.20991332112638633
  0.22390791810756841  0.23687727801536751  0.24866086584835664  0.26001582223642161
  0.27088762481523249  0.28159207094089683  0.29268394797015573  0.30340947531941925
  0.31506479043860802  0.32635234191869389  0.33677321797417747  0.34668299747212861
  0.35624890834464196  0.37113169699803389  0.38625615421762216  0.40111373282792850
  0.41440158623997175  0.42429569686676910  0.43275853716335649  0.44170404039775768
  0.45008476322213997  0.45846056515917516  0.46734641803987181  0.47629303704375220
  0.48743079350155966  0.49952251420066329  0.51093496696054841  0.52192729603065191
  0.53310609265250186  0.54364463253224016  0.55348710813385182  0.56302368677050130
  0.57217162507620634  0.58130978530891075  0.58981919702656449  0.59859416695096279
  0.60750837892761289  0.61729164743403264  0.62768537052042916  0.63855079887874511
  0.64880356288520358  0.65845803745809806  0.66819804378747039  0.67839807148473286
  0.68888873637716685  0.70032919535865734  0.71218448126558731  0.72364056676235777
  0.73421517871150987  0.74421654914047042  0.75450266104984631  0.76554943349176952
  0.77688286044579657  0.78752919686231349  0.79767274546362876  0.80811937151172020
  0.81877625245552765  0.82921843086096569  0.83865995213631594  0.84776723498220397
  0.85716441698731660  0.86693504339418903  0.87657586836619683  0.88636885108228214
  0.89596485088639621  0.90599410016458548  0.91574240057890843  0.92481907024091281
  0.93411446127886744  0.94372533711625373  0.95292683367111075  0.96233390113975326
  0.97154984007446554  0.98104222234908123  0.99050280480745712  1.00000000000000000
   5.5419154838280719E-006  -1.0000000000000000     
 T T T T F F F F F F F F T T T T F F F F F F F F F F F F F F F F
  <DiscreteSampler_grid>
  grouped_processes
  1 # 1 for a reference and 2 for a running grid.
  10 # Attribute 'min_bin_probing_points' of the grid.
  1 # Attribute 'grid_mode' of the grid. 1=='default',2=='initialization'
  0.0000000000000000 # Attribute 'small_contrib_threshold' of the grid.
  0.5000000000000000 # Attribute 'damping_power' of the grid.
 # binID   n_entries weight   weight_sqr   abs_weight
    10   10   1.859447263141679E+007   3.458133248378261E+014   1.859447263141679E+007
  </DiscreteSampler_grid>
