 -0.00472530490508074  0.00975318487644334  0.02441255676160796  0.03939325038877944
  0.05485213716515201  0.06979883824720956  0.08200578380491176  0.09448473834642715
  0.10701628565660042  0.11940851691330172  0.13222753598959688  0.14567981135122043
  0.16014990732420051  0.17449845343795767  0.18883287592967091  0.20318217786973580
  0.21697026338698530  0.23064185927653136  0.24431121816565918  0.25805770675530398
  0.27185717767581524  0.28576461130297931  0.29972667634063443  0.31368698529798489
  0.32745189993226703  0.34107244650647578  0.35457114167733306  0.36783971137284982
  0.38123288485907331  0.39470225022757077  0.40805868370258847  0.42142417565225043
  0.43479014624142981  0.44805618757509696  0.46129238877664136  0.47450109177623440
  0.48785423991176374  0.50126799968410096  0.51474870562619468  0.52833807029307855
  0.54196679289342953  0.55563485429841541  0.56910243161421681  0.58246108304261213
  0.59567755508245801  0.60881825722983529  0.62195818337241537  0.63513387503847241
  0.64838433275884277  0.66162963765455352  0.67474266739772615  0.68777715848014231
  0.70077338847103010  0.71378807640352093  0.72712613921925162  0.74063114591549517
  0.75388625718923286  0.76710695660844685  0.78027523881615257  0.79329828492290788
  0.80642774942701134  0.81968615664114863  0.83330580862134951  0.84683057573395815
  0.86028485546653366  0.87359626049349726  0.88751318876398932  0.90185751846260354
  0.91587049999896752  0.92997090599689369  0.94419431054511149  0.95794825695960928
  0.97207281973114124  0.98741977735871211  0.99262045096765272  0.99368186241356693
  0.99372844335410015  0.99396022536838513  0.99429049330300823  0.99462104690122610
  0.99495646043687613  0.99528916600090689  0.99562492177347672  0.99596000946372532
  0.99629380841841253  0.99663133730618270  0.99696716120222151  0.99730082671352682
  0.99763894990810098  0.99798229873720046  0.99831777075367423  0.99865695699524637
  0.99899249457943740  0.99932821167575037  0.99966565062172430  1.00000000000000000
 -0.00159752422115004  0.00718324503338350  0.01412541169526072  0.02118447360798512
  0.02855991270290836  0.03618692939969474  0.04438700196717892  0.05266471272489501
  0.06121987953548406  0.07210424236418421  0.08437596603123190  0.08993872244124790
  0.09556432029411469  0.10100849876020003  0.10680387901040803  0.11320672028532051
  0.11958751724270723  0.12613552441087672  0.13227269797396393  0.13799948080932545
  0.14521744001798748  0.15844369373033002  0.17566557784821377  0.19259340350745133
  0.20680828991887965  0.22148134674740058  0.23609389439852718  0.25092360587888246
  0.26593610884038771  0.28066872861833136  0.29572626954091630  0.31119474323638985
  0.32658325028344715  0.34109598854476125  0.35524356535480062  0.37080810284983945
  0.38593463427307134  0.40075745302514809  0.41597280643689916  0.43179975513275209
  0.44696608241492275  0.46216840360203798  0.47809313352548061  0.49381185457035720
  0.50332803078933452  0.51097915512315861  0.51897664057572412  0.52810762051713678
  0.53708020174962123  0.54587174211625811  0.55376562697314591  0.56286557908049017
  0.57532702757961796  0.58627355422172134  0.59366849275923184  0.60144118198195540
  0.60939399817176154  0.61830497131760120  0.62640308839169023  0.63451031613526432
  0.64258402890502697  0.66248852139955794  0.68317833712175502  0.70335930124478840
  0.72258046681851218  0.74138386553915947  0.75403790107622137  0.76311941389395022
  0.77201495012030685  0.77977755841758134  0.78700239938818695  0.79398041543620035
  0.80100110510335853  0.80769042005837655  0.81439417045439599  0.82192850085700153
  0.82972696090482390  0.83796188941062644  0.84709898346729551  0.85608557138650743
  0.86456296246540565  0.87244507559762108  0.88054958741901912  0.88898852220347513
  0.89901764073179768  0.91182821748600662  0.92950306459797127  0.93988958257841027
  0.94804287031292112  0.95740098267414020  0.96503529607553473  0.97235718445068109
  0.97981792866131434  0.98715379097988509  0.99394307304397367  1.00000000000000000
   9.6252193290300086E-006  -1.0000000000000000     
 T T T T F F F F F F F F T T T T F F F F F F F F F F F F F F F F
  <DiscreteSampler_grid>
  grouped_processes
  1 # 1 for a reference and 2 for a running grid.
  10 # Attribute 'min_bin_probing_points' of the grid.
  1 # Attribute 'grid_mode' of the grid. 1=='default',2=='initialization'
  0.0000000000000000 # Attribute 'small_contrib_threshold' of the grid.
  0.5000000000000000 # Attribute 'damping_power' of the grid.
 # binID   n_entries weight   weight_sqr   abs_weight
    10   10   3.020801929524771E+007   9.125244360365286E+014   3.020801929524771E+007
  </DiscreteSampler_grid>
