 -0.00465506374160418  0.01225254477005010  0.02929260028234828  0.04663004273769670
  0.06426237663741000  0.08207445506924968  0.09607522104020189  0.11007081279944919
  0.12417980071448423  0.13840366297899592  0.15266610212217219  0.16696786139725620
  0.18266288645343642  0.19867673585910942  0.21438236281519960  0.23004870629621482
  0.24568866565196085  0.26108036917727412  0.27652229186219957  0.29205725274109878
  0.30760716206353272  0.32319541891324632  0.33892899376034114  0.35471243090441079
  0.37052893105282653  0.38629727716679879  0.40201538011998889  0.41765532058904181
  0.43311649184381440  0.44850745852518581  0.46378130520329769  0.47922023848897138
  0.49484726571120963  0.51100822754469188  0.52720402763714336  0.54319324229335975
  0.55888151628496185  0.57435149110938344  0.59006341235081272  0.60591099007191973
  0.62225735275180694  0.63877391071178868  0.65545196757306501  0.67201544016493320
  0.68847241001890502  0.70466629226745359  0.72073482937187305  0.73671796243119403
  0.75269298771375592  0.76865676554944495  0.78458679381125518  0.80041496690149827
  0.81616818640859656  0.83200692117610886  0.84797905045780175  0.86447053177892808
  0.88119804795221168  0.89817169826776544  0.91408514148693865  0.92898788097439911
  0.94176026796065559  0.95627747242521366  0.96293190932840933  0.96303949771891006
  0.96329059809701334  0.96426814178403908  0.96544687582308286  0.96662501278328938
  0.96780778737451545  0.96898986112692809  0.97019118478511790  0.97139383712575178
  0.97259078125979548  0.97376905057916163  0.97493603573771814  0.97611609539480393
  0.97731049958723204  0.97850779840072111  0.97972592445679385  0.98092087908586945
  0.98212103682844698  0.98331501446376424  0.98450759094528839  0.98568273634784087
  0.98687957020960781  0.98807859231154571  0.98927063227236089  0.99045899723618491
  0.99164437183877230  0.99284501674918069  0.99405043609155930  0.99523378063825807
  0.99641201727117312  0.99761276850871505  0.99881518836694883  1.00000000000000000
 -0.00216390644334377  0.01054414872908451  0.02291514350600836  0.03519554983381094
  0.04755847419376412  0.05987681597709214  0.07261410117296860  0.08592918024358451
  0.09916087517233010  0.11303118159836323  0.12821326159076915  0.14412046348358079
  0.15903245093675336  0.17081761347005631  0.17978055154696532  0.18875266729189732
  0.19726172545991852  0.20543833787493360  0.21448218810403655  0.22254384974463695
  0.23267241293882981  0.24711283630901071  0.26239314296435612  0.27720993781265529
  0.29143497884697367  0.30532551691979970  0.31981756646714382  0.33263842191348270
  0.34164925245113797  0.35118446024892652  0.36061815959311072  0.36928767913442168
  0.37720010357252520  0.38532898451440356  0.39332657829845580  0.40166155101489243
  0.41028130060454709  0.41869580394230077  0.42715980653010105  0.43566968431228775
  0.44419359740062653  0.45223701696245211  0.46038069875938370  0.47534469458221423
  0.48952832716949907  0.50335745405951116  0.51700519223293562  0.53107490350680786
  0.54550518634919898  0.55878645184820719  0.56841045295439130  0.57521256522671127
  0.58257503065025129  0.59080463205392131  0.59988659525109378  0.60869125220699705
  0.61681875250173301  0.62608464514303908  0.63834180330654555  0.65231299800534936
  0.66469602767642744  0.67445089434829142  0.68342704426551548  0.69277103625059144
  0.70084253839382427  0.70948850187375179  0.71888044037439758  0.72757562705827628
  0.73658628088056521  0.74648809867270760  0.75527438260073199  0.76341394159954346
  0.77111224843376291  0.77909854783206911  0.78729285769757917  0.79645050316737442
  0.80608689033643788  0.81779739397985540  0.82986529216458338  0.83990918092199129
  0.84852121592588570  0.85705747573228608  0.86599585073192109  0.87431866189390250
  0.88211601774162052  0.88949633800944516  0.89779111120545285  0.91195280689426106
  0.92591938932331541  0.94005288498908746  0.95446199369758289  0.96448203394317400
  0.97314463049116451  0.98238387610812217  0.99138687328891817  1.00000000000000000
   5.8242291965939332E-004  -1.0000000000000000     
 T T T T F F F F F F F F T T T T F F F F F F F F F F F F F F F F
  <DiscreteSampler_grid>
  grouped_processes
  1 # 1 for a reference and 2 for a running grid.
  10 # Attribute 'min_bin_probing_points' of the grid.
  1 # Attribute 'grid_mode' of the grid. 1=='default',2=='initialization'
  0.0000000000000000 # Attribute 'small_contrib_threshold' of the grid.
  0.5000000000000000 # Attribute 'damping_power' of the grid.
 # binID   n_entries weight   weight_sqr   abs_weight
    10   10   7.588140631338403E+008   5.757997835109586E+017   7.588140631338403E+008
  </DiscreteSampler_grid>
