 -0.00278424263502853  0.00775558622451358  0.02032414156031051  0.03368188657814124
  0.04739105717765467  0.06097020144864283  0.07361484083114894  0.08461144305748722
  0.09615997885008494  0.10767703435304388  0.11914802147430277  0.13068205662799337
  0.14269281885440047  0.15518294555320894  0.16773072807143866  0.18008402095884973
  0.19250727115372324  0.20494171727990554  0.21721069158861817  0.22944261033669497
  0.24164278285580648  0.25380533120299853  0.26597473570468005  0.27820210093534881
  0.29048061641831124  0.30290631222941361  0.31530540804330909  0.32770389795405658
  0.33996889996377866  0.35210349356869824  0.36415078336552004  0.37613500219632406
  0.38817112546724958  0.40021738418053687  0.41229085571999635  0.42442353280764666
  0.43657113530036146  0.44870731754173249  0.46082935751047743  0.47292042201668549
  0.48497361469960887  0.49696413621426033  0.50889705185357226  0.52080854334662252
  0.53271402027668779  0.54460043337427166  0.55644332195971047  0.56827654490477875
  0.58011702797670528  0.59196167394195509  0.60380659961150995  0.61547957742467485
  0.62696400483780435  0.63848712638438465  0.64999462640531291  0.66149439930680121
  0.67292652779490914  0.68435572057032024  0.69576284122434495  0.70714887867440079
  0.71852570795547310  0.72985510988175362  0.74117796369722921  0.75246438005036742
  0.76370146902651947  0.77491590759799456  0.78611664124562897  0.79729761930248422
  0.80847799280041310  0.81977915595197648  0.83112103022309491  0.84249983385936578
  0.85383185348907609  0.86510977751783424  0.87638263972217767  0.88770913461101186
  0.89908398969990899  0.91053907081834395  0.92202470490248256  0.93343186426514813
  0.94472012033311137  0.95567387238206858  0.96593524990184521  0.97633010533079378
  0.98853362710763892  0.99321408761208008  0.99372925460036710  0.99435689559525831
  0.99506120269841958  0.99576973957582715  0.99647584327154337  0.99718160777754439
  0.99788722281833941  0.99859281898530716  0.99929858746008704  1.00000000000000000
 -0.00363815043002037  0.01177245117051843  0.02490558768388964  0.03613434556034405
  0.04658569145300102  0.05718597250866247  0.06749858842136780  0.07726595356278783
  0.08727471531888806  0.09761068502704369  0.10797690461736228  0.11992715187883815
  0.13342548623742820  0.14623992078522491  0.15698940529868335  0.16661137135542112
  0.17631654318043202  0.18618569825183195  0.19570565532311968  0.20559307232694826
  0.21761698054808584  0.23084422187912279  0.24252339550193941  0.25252776011586364
  0.26369323364006997  0.27491831707212611  0.28574210317923704  0.29616558681589245
  0.30632870444740135  0.31674024624776037  0.32749246489816825  0.33804286594938926
  0.34767919081577314  0.35854751933418261  0.37247514108234869  0.38755140212872669
  0.40252529302887469  0.41570816269031974  0.42466911612170705  0.43339716886156804
  0.44263453675609238  0.45171501005069192  0.46059081118511097  0.46965730911379616
  0.47920215854397585  0.49061421462654992  0.50200840566246741  0.51322592526761412
  0.52402127560405787  0.53485759295161650  0.54492870711217245  0.55467580983836906
  0.56438748535128747  0.57394469998645925  0.58385439461830968  0.59348147106476745
  0.60287475682278380  0.61232184613310203  0.62225363879740248  0.63289467473333660
  0.64384474650204848  0.65436719082890116  0.66455095894498761  0.67478740754574118
  0.68525032333230362  0.69602838249653110  0.70703947673580292  0.71805271077663546
  0.72890350726856679  0.73948213464723944  0.74986131492217445  0.76037377490669433
  0.77113948252688802  0.78223100411892832  0.79329654356841228  0.80409468418546048
  0.81463328168579296  0.82512503980158036  0.83554096487737561  0.84494434644618355
  0.85395149908076295  0.86321496077033799  0.87274540306754400  0.88253626776905580
  0.89252391881155024  0.90278785251821392  0.91308298751191497  0.92299322033246012
  0.93276659199149448  0.94251525537665393  0.95228853742218311  0.96210873851833090
  0.97173662249817594  0.98126015124367727  0.99060906970520857  1.00000000000000000
   1.4824613975370751E-007  -1.0000000000000000     
 T T T T F F F F F F F F T T T T F F F F F F F F F F F F F F F F
  <DiscreteSampler_grid>
  grouped_processes
  1 # 1 for a reference and 2 for a running grid.
  10 # Attribute 'min_bin_probing_points' of the grid.
  1 # Attribute 'grid_mode' of the grid. 1=='default',2=='initialization'
  0.0000000000000000 # Attribute 'small_contrib_threshold' of the grid.
  0.5000000000000000 # Attribute 'damping_power' of the grid.
 # binID   n_entries weight   weight_sqr   abs_weight
    10   10   3.982586297735258E+006   1.586099646302357E+013   3.982586297735258E+006
  </DiscreteSampler_grid>
