 -0.00426798007460576  0.01037845386794881  0.02634092151503553  0.04281688440820676
  0.05920875303318249  0.07530442404862203  0.09147722489268233  0.10614575665380667
  0.11966680565329614  0.13332086608916940  0.14720900473987786  0.16099013393394318
  0.17485246765802195  0.18911600733750888  0.20375981969461468  0.21830424635307910
  0.23279863589297461  0.24726556511010944  0.26169391952035109  0.27604201055073230
  0.29019240061463081  0.30434327642743836  0.31850270146662069  0.33261638990756859
  0.34665667285231150  0.36069919296917530  0.37480181732803669  0.38890135570196954
  0.40299269835353385  0.41708345128924229  0.43120511272987777  0.44525603286738957
  0.45920590798503713  0.47308110784092822  0.48695176369069698  0.50089731317029873
  0.51483994352435625  0.52876284629888493  0.54263559131240469  0.55638483619073609
  0.57009758537182076  0.58379773197025397  0.59749400987302292  0.61118943186842711
  0.62486342480900114  0.63841066472135355  0.65189447412646628  0.66525584623955780
  0.67843322783793247  0.69168279451260994  0.70493632504328285  0.71823850264575306
  0.73156180030822393  0.74483229502887272  0.75795382188358718  0.77104840208137493
  0.78412161932022650  0.79717353294314808  0.81019026930051707  0.82305073623606551
  0.83670343719318230  0.85074973896934658  0.86467933138038877  0.87866016208775999
  0.89299259617469928  0.90828340328589263  0.92393001928369178  0.92906121872828684
  0.93263359431092252  0.93402081954815086  0.93612198002130875  0.93870602997687558
  0.94124914230566170  0.94378573626258455  0.94632171664809794  0.94884329490764463
  0.95138457985538383  0.95389721444524933  0.95644570648215299  0.95900809665185971
  0.96154797989865104  0.96411364270287470  0.96669744878446029  0.96926423699541286
  0.97183055680733499  0.97434804727639557  0.97690470390709960  0.97947164170600476
  0.98201666875758364  0.98457639335798131  0.98715703125458876  0.98973918631107083
  0.99230365081401850  0.99487218264496657  0.99744001454075415  1.00000000000000000
 -0.00366280890240449  0.01231319096725154  0.02259316686498785  0.03150416258856666
  0.04082762284264579  0.05054197312990671  0.05993296398842326  0.06958917334298455
  0.07924346380090401  0.08899663570998069  0.09894101607233731  0.10901521048358395
  0.11827373068742059  0.12730800537531980  0.13576578686479521  0.14399068294661860
  0.15266134908551302  0.16156473741276220  0.17060264375659023  0.17987564018284263
  0.18986685285460572  0.20004178660529512  0.21004783203114274  0.21918080823540445
  0.22916777716779180  0.24162475540587647  0.25352652716172053  0.26319827575929755
  0.27248300918064111  0.28176272224644094  0.29086047923222641  0.29976196857089676
  0.30874621355938414  0.31987024169713768  0.33262342962987745  0.34576003629286006
  0.35915828456080862  0.37427682726771710  0.38866182113545428  0.40255226261740329
  0.41609988918550567  0.42952012812500773  0.44347146119245828  0.45808186831630476
  0.46837376785688706  0.47905295870055392  0.48938452354696221  0.49902344494806972
  0.50875606355392078  0.51818524375606423  0.52769109109224910  0.53716504824460565
  0.54697547482387354  0.55693731120732282  0.56693730547466337  0.57655216750100935
  0.58784740364528976  0.60094450510767783  0.61366917692253675  0.62636363294450892
  0.63847808078695867  0.64917330643894644  0.65832831446793649  0.66714343472793303
  0.67586310986710918  0.68516527241848957  0.69394062984460692  0.70216880674048954
  0.71057241193674203  0.71916992098376353  0.72803051083688486  0.73657685107913939
  0.74493255638284062  0.75448047362900428  0.76434334523182046  0.77483099005587974
  0.78735525422233343  0.79934072754050667  0.81036302920229786  0.82120430653596110
  0.83209181585576686  0.84318715444412895  0.85450663948431671  0.86585237524888770
  0.87715106271306265  0.88838054281313039  0.89953357154671143  0.91078681478326029
  0.92245168904347818  0.93486697729178159  0.94845198012408882  0.95984488521875255
  0.96989837200594076  0.97935064055837961  0.98898310735968709  1.00000000000000000
   4.3608187785404603E-006  -1.0000000000000000     
 T T T T F F F F F F F F T T T T F F F F F F F F F F F F F F F F
  <DiscreteSampler_grid>
  grouped_processes
  1 # 1 for a reference and 2 for a running grid.
  10 # Attribute 'min_bin_probing_points' of the grid.
  1 # Attribute 'grid_mode' of the grid. 1=='default',2=='initialization'
  0.0000000000000000 # Attribute 'small_contrib_threshold' of the grid.
  0.5000000000000000 # Attribute 'damping_power' of the grid.
 # binID   n_entries weight   weight_sqr   abs_weight
    10   10   2.623672940459402E+007   6.883692024717824E+014   2.623672940459402E+007
  </DiscreteSampler_grid>
