  0.00732559867489057  0.01442035379760541  0.02367631448212036  0.03313784197979021
  0.04254948918555047  0.05026809496423843  0.05905558960232871  0.06767241265146036
  0.07699527730186720  0.08676394001673599  0.09714793904959788  0.10607893649938720
  0.11418006935238055  0.12244126450819659  0.13097829369497321  0.13973294788978291
  0.14919516189486759  0.15896085275876237  0.16862787488852829  0.17751368900848175
  0.18668573927163221  0.19563232424861624  0.20498003138675333  0.21419222929325477
  0.22320920841128264  0.23331615110368240  0.24544979443245005  0.25876340502431139
  0.27132068131185993  0.28079168523160802  0.28932310163124947  0.29814579849243927
  0.30715797278703755  0.31554147899777957  0.32333503480496534  0.33088803038870973
  0.33849976999961462  0.34647564610104864  0.35474094112600180  0.36244898055984298
  0.36985513109316426  0.37727494702535092  0.38538636976870499  0.39401664752926430
  0.40372353625692597  0.41503918869846279  0.42750835539457843  0.44135398244862001
  0.45509337461031424  0.46783404755099656  0.48082095251635215  0.49488131863821416
  0.50923283247393680  0.52330341500480004  0.53681409648705658  0.54807306952015056
  0.55725773674767942  0.56592018907345631  0.57475593870692399  0.58393019976016936
  0.59273968236525842  0.60171645732395573  0.61299369990666752  0.62744337341834089
  0.64139270223941147  0.65445519373070160  0.66564180939540274  0.67595977935998752
  0.68549023295924472  0.69469906135611936  0.70402206911724763  0.71377103649255935
  0.72329798166272619  0.73202715234770577  0.74010218284534934  0.74836254311580697
  0.75746392997123835  0.76800055923538113  0.77762275998332808  0.78675114941082069
  0.79654489682860574  0.80703856799728035  0.81679586211567001  0.82628837604228000
  0.83681961740741284  0.84892121213543681  0.86183220874463151  0.87488008393331618
  0.88773421483941517  0.90094404525990091  0.91353410580245409  0.92633576618697466
  0.93903717090605665  0.95318601712659567  0.97107004026915256  1.00000000000000000
  0.00623188022613381  0.01807428738881943  0.03127010326489732  0.04307598347406968
  0.05287748594759840  0.06231754053759771  0.07097270499154076  0.07931269921450936
  0.08720204127431501  0.09476636980565425  0.10261681990679639  0.11184232749839439
  0.12184208779679651  0.13214049584036497  0.14193249522791779  0.15349707128497861
  0.16565577756582267  0.17765957618507974  0.18841045094446227  0.19787834879616231
  0.20655138349416349  0.21444187420920985  0.22219820349619968  0.23049171007649047
  0.23897416064732049  0.24736964480832660  0.25715852224902752  0.26775872112276344
  0.27870071070500385  0.28882361852351757  0.29706803206222177  0.30481581350964720
  0.31255933913263945  0.32022946418861375  0.32857347520149782  0.33696656332791725
  0.34523933921428179  0.35378429789203492  0.36360703756027485  0.37310047416391601
  0.38429270301982943  0.39661894901819100  0.41016990539195342  0.42408916936961411
  0.43716596779661576  0.44964670743454394  0.46170789311782928  0.47395256577154338
  0.48633448515137767  0.49747870275542616  0.50873207159580613  0.51975735358217445
  0.53139273540011556  0.54328410020680740  0.55373009155671571  0.56417520820494349
  0.57455422833355518  0.58435926695316209  0.59662095322386310  0.60665064401222124
  0.61573930727569504  0.62481496033585260  0.63471416032199668  0.64470502870934354
  0.65502542378875539  0.66430226904008094  0.67554181306794481  0.68778304277120106
  0.70027197213774384  0.71319059512011851  0.72694072908978891  0.74023205619657939
  0.75460453578177400  0.76852127817201543  0.77838849710365909  0.78695082637017599
  0.79528808428632336  0.80363958981048988  0.81269473749296051  0.82227781353972729
  0.83184062735917275  0.84108233655785569  0.85026619884751964  0.85883602127177172
  0.86766778913035914  0.87684378888642944  0.88508117675601727  0.89244009416224823
  0.90127060680897275  0.91119599260289930  0.92221484510457241  0.93454695794859555
  0.94688734396251761  0.95967526920144719  0.97592180565607300  1.00000000000000000
  0.00569700162116373  0.04481714233916115  0.07310362881055257  0.09631823471165676
  0.11990520104782947  0.14398597235238150  0.16785036675446316  0.19164471498119565
  0.21550021008431619  0.23931195544035533  0.26305973760181145  0.28663523668940127
  0.31016749972380619  0.33391496068137982  0.35728858034299776  0.38014207449564985
  0.40211355130984078  0.42385539889902163  0.44583180987010523  0.46802877623718864
  0.49051546961238718  0.51315418480331876  0.53552646748769595  0.55677187359569857
  0.57844343761275707  0.60053907003391138  0.62319668063934019  0.64608735963717956
  0.67118610096106801  0.69406507420306696  0.70373149670648116  0.71417872092936097
  0.71976515688188880  0.72125788549498182  0.72371799461133834  0.72831870056609127
  0.73266477540052066  0.73698224347376606  0.74138854262428378  0.74577413246655688
  0.75007814685315899  0.75438002545072702  0.75864240484722445  0.76298744799394980
  0.76741095560306760  0.77167765609133554  0.77589327265130015  0.78021755785314617
  0.78474757041199594  0.78931645299856612  0.79384845297391116  0.79835166929906809
  0.80280806000421190  0.80721625102269845  0.81158375811675543  0.81607343144156685
  0.82080712771818676  0.82536489326308271  0.82976591290837853  0.83418904387218684
  0.83870361310925501  0.84323574154044600  0.84786998640937450  0.85255031124576841
  0.85720422243539107  0.86174705129938001  0.86627367690927881  0.87088230446229764
  0.87539654141178702  0.87992492442427017  0.88457780698443378  0.88921940536254329
  0.89382753630577905  0.89830874406285954  0.90279815264558050  0.90734469624642999
  0.91197298431321838  0.91657859521472973  0.92112431555027097  0.92576523810987588
  0.93037480815358897  0.93485250141201526  0.93937403875830572  0.94408401169860412
  0.94880620775094238  0.95342765155642506  0.95808161016856197  0.96274070812702683
  0.96733141400647937  0.97209458366151436  0.97684958162236213  0.98137711888776957
  0.98574689475718869  0.99030158681319058  0.99510456257804136  1.00000000000000000
 -0.00218294831777237  0.01091474783003119  0.02303970198989343  0.03608053565665510
  0.04827994943921143  0.05827913586231338  0.06796940124900384  0.07761183012576775
  0.08757106940610951  0.09666378881569616  0.10685001863749823  0.12005103650469844
  0.13466508845458991  0.14782805320340267  0.15960669966940427  0.17069207700034347
  0.18144902980621561  0.19219901147995219  0.20281771405320964  0.21386524546033686
  0.22548241994541765  0.23785445274971298  0.25054623582796126  0.26339317876587531
  0.27373394519261407  0.28209944171657736  0.28985196715864858  0.29760284125619668
  0.30541680039262542  0.31482956413028618  0.32335051246999497  0.33234312200417693
  0.34209898247317250  0.35115625169104109  0.35917676266840870  0.36732779345747651
  0.37742788797923255  0.38920940681789828  0.40100507616855285  0.41245219750728468
  0.42387043357876081  0.43493888857712487  0.44481307529936598  0.45291850059400612
  0.46145256582023353  0.46973378922068387  0.47912427847409411  0.48774749823688562
  0.49662124184030881  0.50639409560257798  0.51575224622265792  0.52412755366052755
  0.53259317797000372  0.54282548088734528  0.55452878514807968  0.56554018536324702
  0.57573510761670310  0.58580016687752601  0.59617891121892141  0.60618458640020689
  0.61565984224775971  0.62482759978570135  0.63363724975433333  0.64234236628812169
  0.65170970572530640  0.66113154347848413  0.67148465871361840  0.68332273408326949
  0.69496373429303848  0.70603705877712442  0.71657533323114098  0.72682321273303707
  0.73852650427830124  0.75124385881639610  0.76395438028040386  0.77615425897213730
  0.78946055087297751  0.80359085634038308  0.81643994320623592  0.82643924321555484
  0.83644933039180436  0.84638384453507254  0.85543416060376953  0.86387448731639127
  0.87253236305518711  0.88074132265958871  0.88956116316791445  0.89859591930869087
  0.90886128868760108  0.91907266902960261  0.93131176146682271  0.94311834940883388
  0.95586827980000033  0.96919829301615446  0.98438658045853944  1.00000000000000000
 -0.00160365203219424  0.00731744479723813  0.01508048318004000  0.02238512245179798
  0.03031503689612770  0.03866542414693285  0.04837176966325109  0.05812408022298597
  0.06806095972238554  0.07941953889780873  0.08982095969130453  0.09894261392721929
  0.10783753208513044  0.11724945535386481  0.12688482601787163  0.13687357923189050
  0.14681643343959105  0.15682841003582934  0.16713939270320330  0.17931379410964376
  0.19094279747127157  0.20163277854877276  0.21169624401105655  0.22099740285967662
  0.22997961703845582  0.23905231648201986  0.24787878942111952  0.25784048481340510
  0.26886234873802212  0.28047707191467430  0.29210673431493911  0.30303435273009471
  0.31315270088346808  0.32288905903533299  0.33253249979956667  0.34328169105873813
  0.35596148407056766  0.36920113721888143  0.38104183036092554  0.39065373398111414
  0.39973536172540497  0.40938797490412915  0.41859376508217727  0.42858370829424591
  0.43908888093921417  0.45005291976097000  0.46028305390679330  0.46949233577645788
  0.47774103210023167  0.48647379311812694  0.49549480892626963  0.50613311771363878
  0.51887097507014868  0.53199106887298153  0.54501810844642495  0.55721317109915192
  0.56857964205400457  0.57981922256443430  0.59127270197542880  0.60377108033710403
  0.61569259649151564  0.62843554609158625  0.64049285870279926  0.65328573137896218
  0.66557180055481979  0.67552801122864603  0.68432016439634358  0.69308209270905474
  0.70280873504272456  0.71320397844226835  0.72349700192645638  0.73489157642494296
  0.74712719979575071  0.75661076595267029  0.76512258026173918  0.77489123457562314
  0.78585528054745890  0.79589097714916679  0.80466707633500290  0.81373467592675564
  0.82391452564363810  0.83475538726262166  0.84478269029655084  0.85481383459791249
  0.86688715672441474  0.87887765162303422  0.88964726105417113  0.89930770126051041
  0.90920421736483337  0.91951650556519537  0.93068482734435332  0.94141800274368814
  0.95507171897567344  0.96810146367257166  0.98329295504341518  1.00000000000000000
 -0.00425372615151594  0.01430018637833358  0.02993764994600000  0.04312680386806569
  0.05369417432976598  0.06291016876647242  0.07185093915285094  0.08082650991372510
  0.09017773115404015  0.10035377656390473  0.11199113413667240  0.12435288327957013
  0.13606133495389755  0.14746968427525339  0.15882580352655890  0.17059153669676824
  0.18268304170277611  0.19532321479449238  0.20823880762369229  0.22081313518251777
  0.23347839928955089  0.24559901718769375  0.25608013717766021  0.26537341774873657
  0.27512707007659115  0.28472320576279841  0.29389237023429327  0.30279085316220777
  0.31149160712601021  0.32198493454637234  0.33346786541659279  0.34495182722879092
  0.35509712214834815  0.36403870204988270  0.37282537294245199  0.38133660199054770
  0.38935145067495147  0.39634437632692643  0.40335641561512686  0.41049966528050846
  0.41814501548641586  0.42610474774547985  0.43414091036495905  0.44335978507938456
  0.45322677138084472  0.46239583280489149  0.47115651986630375  0.48098947927815688
  0.49314848713336956  0.50580194894779995  0.51821552884986699  0.53110281606624021
  0.54488342379052024  0.55857444975090420  0.56983936618329634  0.57820050346973861
  0.58628958263548436  0.59466007638738017  0.60298219128745700  0.61465573652464689
  0.62608441352610289  0.63892102798343187  0.65092442137726281  0.66308348094917113
  0.67569661248528623  0.68938701653883239  0.70341664076479227  0.71403342188847829
  0.72272493613249045  0.73187703282746919  0.74192926841676654  0.75096740687267161
  0.75970241730014521  0.76823057189590727  0.77893875739737439  0.79150964092375442
  0.80213383654200776  0.81238284530582827  0.82386650967039954  0.83447166935862938
  0.84490059821594743  0.85508004326816156  0.86526857740956897  0.87609798776100090
  0.88731292032727271  0.89848401829638358  0.90948385987774283  0.92049284727864111
  0.93122691879664432  0.94173229525131230  0.95197807250137600  0.96160351706102332
  0.97081756285930998  0.98061552680549502  0.99035985680915051  1.00000000000000000
 -0.00218687548894793  0.00953610697433206  0.01969893348691293  0.03071106946928112
  0.04045822992222608  0.04953620817388571  0.05872905982834443  0.06871522338384085
  0.07892606221184223  0.08942482961970646  0.10102020540380838  0.11410083971278559
  0.12818946453912997  0.14190170500410981  0.15531685161805697  0.16912389852533238
  0.18250779599803665  0.19649460072587138  0.20994813667996703  0.22059724160802668
  0.23049383378569857  0.24027557273924835  0.24998352375061311  0.25938241230591452
  0.26860701589992403  0.27843185720868852  0.28952757065937068  0.30018155139011321
  0.31011492187772988  0.32031810877106270  0.33017671656999503  0.34052488080379151
  0.35103593911905201  0.36223106899742269  0.37424218586902769  0.38640585223571233
  0.39819006824250514  0.40846361113340002  0.41875348226181136  0.42825654902590116
  0.43648898031592376  0.44469759925359387  0.45372306871970364  0.46516907974784827
  0.47850947284269713  0.49106462764440378  0.50378854014317143  0.51663382847683970
  0.52937046360249207  0.54246640813451974  0.55554334055948562  0.56848458976726746
  0.58060316261764655  0.59157938094301676  0.60313995184802083  0.61522044969232348
  0.62880853905588052  0.64228498315116866  0.65385298707545791  0.66368190645523006
  0.67277924749590179  0.68105352079096704  0.68883905381890531  0.69701352358209978
  0.70515619299332921  0.71542578663043410  0.72695313804903050  0.73815134641063873
  0.74951216414897937  0.76054672100375453  0.77203685144147860  0.78295662596903126
  0.79394977282886481  0.80480020107131001  0.81470146381580788  0.82278702485758914
  0.83036475629257678  0.83810204822485457  0.84696885096114916  0.85566800351012773
  0.86398194358251434  0.87173452074115376  0.88104533831215470  0.89076634513095621
  0.89974706411658867  0.90748001060921801  0.91504443975421734  0.92264221728943696
  0.93108838625238466  0.93977561755057015  0.94836061595383869  0.95683525044167339
  0.96730234046069297  0.97850388298925073  0.98932738252193830  1.00000000000000000
 -0.00156780302171749  0.00779476635673706  0.01678374729217152  0.02615506338399129
  0.03624591508419794  0.04495994704611982  0.05343458326083966  0.06287638080907651
  0.07258945137469060  0.08237607923412051  0.09156378780739793  0.10040342246104866
  0.10855013667466944  0.11604505766970864  0.12398616072110938  0.13284325014014839
  0.14153486187035738  0.14979737510110760  0.15768106022790773  0.16597112971196423
  0.17455685354175232  0.18252251354536370  0.18995349020493196  0.19730006695836833
  0.20593318174088676  0.21538176050874083  0.22508894099506471  0.23472628821001551
  0.24465433412544899  0.25487835393455976  0.26587148549769291  0.27794426632809305
  0.28965082832795847  0.30069073742582669  0.31091532140802541  0.32102441503813434
  0.33178144472709165  0.34207277892285248  0.35342112316594981  0.36552688476719924
  0.37703419827027573  0.38681972879637982  0.39699375741451254  0.40668082073593709
  0.41605271799077420  0.42587344432521651  0.43666055616809607  0.44789640341353149
  0.45886017956391439  0.46965363716514019  0.48047766787022067  0.49247688969921588
  0.50635472831119677  0.52039401021956888  0.53137410815618502  0.54218545788501227
  0.55325392968328657  0.56426829000705536  0.57499662887186465  0.58654262689854120
  0.59970646106500380  0.61027716638525165  0.61901721478645222  0.62725178397100445
  0.63575200241754104  0.64489111331373405  0.65440071022305268  0.66320433813856339
  0.67303191255087613  0.68600315449707716  0.69997028867881461  0.71467245023874471
  0.72797378447884842  0.74076276143578512  0.75316334796165574  0.76500672658420699
  0.77542296812569189  0.78416187936650517  0.79302245483285727  0.80208578436589684
  0.81214798364057039  0.82126214992937951  0.83029128142573205  0.84043850356572269
  0.85300005511957200  0.86528404139847503  0.87748416806980967  0.89129686647413553
  0.90568706786396391  0.92027049260165272  0.93461469501533156  0.94776377186945471
  0.95985092439783060  0.97204893715064089  0.98470515287474081  1.00000000000000000
   8.4059746293340442E-006  -1.0000000000000000     
 T T T T T T T T T T T T T T T T T T T T T T T T T T T T T T T T T T T T F F F F F F F F F F F F F F F F F F F F F F F F F F F F F F F F F F F F F F F F F F F F F F F F F F F F F F F F F F F F F F F F F F F F F F F F T T T T T T T T T T T T T T T T T T T T T T T T T T T T T T T T T T T T F F F F F F F F F F F F F F F F F F F F F F F F F F F F F F F F F F F F F F F F F F F F F F F F F F F F F F F F F F F F F F F F F F F F F F F F F F F F F F F F F F F F F F F F F F F F F F F F F F F F F F F F F F F F F F F F F F F F F F F F F F F F F F F F F F F F F F F F F F F F F F F F
  <DiscreteSampler_grid>
  grouped_processes
  1 # 1 for a reference and 2 for a running grid.
  10 # Attribute 'min_bin_probing_points' of the grid.
  1 # Attribute 'grid_mode' of the grid. 1=='default',2=='initialization'
  0.0000000000000000 # Attribute 'small_contrib_threshold' of the grid.
  0.5000000000000000 # Attribute 'damping_power' of the grid.
 # binID   n_entries weight   weight_sqr   abs_weight
    10   10   1.689235909811206E+005   7.263813370857187E+010   1.689235909811206E+005
  </DiscreteSampler_grid>
