 -0.00382156788186842  0.00765638176081314  0.02062204082700113  0.03496479999487583
  0.04946255718900343  0.06325199046042486  0.07628325027342654  0.08785952222706458
  0.09962864939599173  0.11143097495530543  0.12313539551756689  0.13548401927107268
  0.14853787297336402  0.16214260450015383  0.17547344039095369  0.18865451949607515
  0.20176767993936942  0.21513202647783944  0.22847826440596436  0.24181951819496458
  0.25524053131866731  0.26882538353851571  0.28253577534080376  0.29631144247355939
  0.31005624358292161  0.32372166428958837  0.33703352238728052  0.35029975676583186
  0.36354156708711366  0.37685028994369152  0.39016268818347150  0.40347864071109241
  0.41751647995893487  0.43158122351074407  0.44564174954799546  0.45966111569301032
  0.47354231318664364  0.48720204405096573  0.50083235460639985  0.51454386802065699
  0.52847011428287938  0.54274699418850836  0.55715834042465440  0.57166339441592717
  0.58598430306463800  0.60015884937739628  0.61399659375671234  0.62766293936970163
  0.64122643903622878  0.65471936890457560  0.66823594582167334  0.68177754825753967
  0.69519856313212580  0.70867823919954653  0.72226924115750013  0.73585259636775358
  0.74932517049902880  0.76257714849432967  0.77590129485049530  0.78916350641047339
  0.80227429181959398  0.81569113823232631  0.82912033561630882  0.84242115647545945
  0.85577269496761343  0.86921979756828349  0.88295677644931281  0.89721435644125558
  0.91178174736625406  0.92633561790816743  0.94056027717139612  0.95438655987782683
  0.96813794688572918  0.98127898444652839  0.99302118038873410  0.99367988536562268
  0.99371879100213323  0.99388377557411867  0.99422689079286664  0.99456669613989512
  0.99490882806338599  0.99524587406406784  0.99558578960593858  0.99592675157229937
  0.99625853799877784  0.99658986878276157  0.99692892720069837  0.99727843756034507
  0.99761743806956460  0.99795747747643260  0.99829411192970319  0.99863211888064229
  0.99897341827181318  0.99931049158767737  0.99965669736073270  1.00000000000000000
 -0.00427297775789039  0.01479992400332142  0.02578265546928503  0.03344574327382414
  0.04150009617631743  0.04985428454753706  0.05829214210008771  0.06712428961416270
  0.07600535611498593  0.08544107463288138  0.10027831148202351  0.11712603488034920
  0.13282756641864124  0.14760718478184545  0.16165479783962183  0.17192891573253488
  0.17863287556113785  0.18707616806506538  0.19544191688720941  0.20391582511972678
  0.21176426737924028  0.21951161356117613  0.22722697164618721  0.23560010311980145
  0.24392620446164148  0.25117812493390196  0.25762860436249435  0.26442591681766708
  0.27214977730330009  0.28075062756895247  0.28952026612525478  0.29797754679785565
  0.30505246957531679  0.31074242246363010  0.32347724998668403  0.33572606686699713
  0.34840301850226241  0.35866434663807772  0.36764278967898523  0.37677512892596576
  0.38440763578596510  0.39162932972398806  0.39884977567011554  0.40647617735891473
  0.41454537800722246  0.42378857974200851  0.43195012533336086  0.44224022768184112
  0.45587161444638430  0.47123113103286318  0.48677478100884153  0.50178164463319019
  0.51769080237210807  0.53465802298851539  0.55197779846585948  0.56949910807361470
  0.58822786762451396  0.60632459963357932  0.62360039421236302  0.63941399136844201
  0.65201277879998853  0.65945861756084967  0.66937574118248022  0.67939190140203864
  0.68987075737536474  0.69984105772547456  0.71099938300494148  0.72676287619813729
  0.74485091919845570  0.75617503891660465  0.76615083677720708  0.77542310119669167
  0.78377963437832632  0.79167493849515880  0.79936602817725466  0.80709097524355677
  0.81520263534007087  0.82369938086816119  0.83263391812840637  0.84254704696183302
  0.85272198399307630  0.86164486532884565  0.86972291549328007  0.87740159904295933
  0.88478814819031026  0.89249132497953154  0.90059730403002181  0.90950629167170294
  0.92001507845958386  0.93489140336503795  0.95652052908441176  0.96448733512150298
  0.97345122327527356  0.98234186894865361  0.99124896995703859  1.00000000000000000
   7.5960159005805770E-006  -1.0000000000000000     
 T T T T F F F F F F F F T T T T F F F F F F F F F F F F F F F F
  <DiscreteSampler_grid>
  grouped_processes
  1 # 1 for a reference and 2 for a running grid.
  10 # Attribute 'min_bin_probing_points' of the grid.
  1 # Attribute 'grid_mode' of the grid. 1=='default',2=='initialization'
  0.0000000000000000 # Attribute 'small_contrib_threshold' of the grid.
  0.5000000000000000 # Attribute 'damping_power' of the grid.
 # binID   n_entries weight   weight_sqr   abs_weight
    10   10   2.451173933563787E+007   6.008253699804880E+014   2.451173933563787E+007
  </DiscreteSampler_grid>
