 -0.00173299637794687  0.00319087642482331  0.01372185094810725  0.02775908117974968
  0.04205284519434656  0.05615733520876671  0.07008817589398486  0.08334892284879779
  0.09581624788078416  0.10768128407031430  0.11955489676807356  0.13143978162329145
  0.14322973847502760  0.15504683334164288  0.16714527814764477  0.18012406790660374
  0.19365802793278855  0.20715347123990815  0.22052535842580198  0.23389367749579490
  0.24734606283775723  0.26072300953556421  0.27406281284831979  0.28733579997347319
  0.30055291619115265  0.31378696263840544  0.32701839291508805  0.34025421642193615
  0.35346868194586495  0.36665397228822599  0.37980934533845467  0.39291923952493801
  0.40603004989253749  0.41920221888840481  0.43240999526013840  0.44560729339600569
  0.45874112368055842  0.47190980378832398  0.48507661673186125  0.49820308205304592
  0.51127605182774227  0.52430539060255021  0.53731081629293120  0.55032721069574142
  0.56339503170364824  0.57643346597047274  0.58937069908135864  0.60230267518760816
  0.61514766976923885  0.62797729720456053  0.64079882160400881  0.65361169420777820
  0.66641443157498415  0.67928344255683792  0.69216841341334279  0.70501789865924835
  0.71780050221778269  0.73051829020722636  0.74328676373324254  0.75609196807040546
  0.76900373514315656  0.78193284446104905  0.79478477191230534  0.80762802626553021
  0.82050241515680622  0.83344759455064743  0.84649305484127046  0.85962679756585170
  0.87272895009012075  0.88580771355905286  0.89873073510173929  0.91148483149469639
  0.92401603273910449  0.93607640222042321  0.94967741783229209  0.96156184740165673
  0.96805443403330271  0.96914889024863116  0.97039922010081292  0.97213282979044047
  0.97386525391586454  0.97559240013819748  0.97733373408229596  0.97906641239528025
  0.98081024346172152  0.98256416594921725  0.98431975682722894  0.98606699289434485
  0.98780578732873403  0.98953809504919210  0.99126067291904296  0.99301175596366764
  0.99476767492133966  0.99649449628054398  0.99823830097953903  1.00000000000000000
 -0.00205222098709108  0.00883714814908097  0.01676555608084599  0.02496878966379510
  0.03345763986317372  0.04220522278357533  0.05187113064469144  0.06195808224929967
  0.07220564432399081  0.08267084406288103  0.09302848815705946  0.10315661984456113
  0.11300245493343351  0.12343392028402671  0.13532081127117204  0.14823067544045598
  0.16106195970211765  0.17317716640776165  0.18558203472559801  0.19809531639838346
  0.21075674225941549  0.21919496976823455  0.22903646755912876  0.23771359964838368
  0.24637306455609709  0.25480135956486277  0.26287106026284746  0.27098353632531619
  0.27958558244398113  0.28873477667660674  0.29793943280885421  0.30691288572066916
  0.31649294416220464  0.32697570408699961  0.33764234799938542  0.34729555985612948
  0.35885572344058120  0.37295128352100781  0.38733008340252689  0.40143488498724461
  0.41536965733941006  0.42902516851451228  0.44248217812592533  0.45500057688699869
  0.46551506732983194  0.47431215638600727  0.48378782013982874  0.49401583644322800
  0.50454462789561072  0.51449930197610017  0.52537527542726070  0.53709655267080436
  0.54737036893086966  0.55680382719465060  0.56646535011715882  0.57669627386757660
  0.58699723669846948  0.59739890143803132  0.60760339456905832  0.61780871414565675
  0.62811734783947881  0.63866467018117246  0.64919358739667010  0.65932899749982932
  0.66999693423754869  0.68250040905151776  0.69611239128222968  0.70941748747053568
  0.72251582443338724  0.73375070730871628  0.74331394056563627  0.75279246378971698
  0.76243535051269906  0.77225376570851922  0.78181757971664889  0.79168049972919852
  0.80373140993468373  0.81666372061600623  0.82942348132266686  0.84227544605684712
  0.85542588298774969  0.86873027337491360  0.88068831969994132  0.88993356626134124
  0.90052609874601297  0.91098625036571090  0.92056644824560085  0.92833027805290314
  0.93666941662030800  0.94518898900922999  0.95405501726701392  0.96287399120020944
  0.97142072392471812  0.98014614512239706  0.98993465203936937  1.00000000000000000
   1.4267405798996435E-005  -1.0000000000000000     
 T T T T F F F F F F F F T T T T F F F F F F F F F F F F F F F F
  <DiscreteSampler_grid>
  grouped_processes
  1 # 1 for a reference and 2 for a running grid.
  10 # Attribute 'min_bin_probing_points' of the grid.
  1 # Attribute 'grid_mode' of the grid. 1=='default',2=='initialization'
  0.0000000000000000 # Attribute 'small_contrib_threshold' of the grid.
  0.5000000000000000 # Attribute 'damping_power' of the grid.
 # binID   n_entries weight   weight_sqr   abs_weight
    10   10   1.564103296111963E+008   2.446420119497762E+016   1.564103296111963E+008
  </DiscreteSampler_grid>
