 -0.00392201994699093  0.00951825817133624  0.02397189748340391  0.03893563704136998
  0.05399017941509339  0.06910782689337466  0.08453953235188905  0.09914290754961863
  0.11259806453182507  0.12573082973442384  0.13914543196509904  0.15249820455481966
  0.16577667106186167  0.17907849081938665  0.19258659383183158  0.20624061339614841
  0.22051412317847513  0.23492545395165701  0.24920005736306117  0.26338495674836310
  0.27754622193020806  0.29172486995986624  0.30592079431059860  0.32010292414675456
  0.33428230580461382  0.34846982710159263  0.36265403525561807  0.37682453777633385
  0.39100825028085662  0.40517344591002930  0.41932356482596722  0.43347627653947518
  0.44767411481341096  0.46187606637818523  0.47609857432275987  0.49030856957694668
  0.50447589362758505  0.51864350381882862  0.53285474831530999  0.54710532243392607
  0.56137848915606159  0.57563676460982227  0.59006232858123786  0.60452937785409133
  0.61897554149293765  0.63335903011173789  0.64772584930262389  0.66216844340057790
  0.67660522595519146  0.69100919296477747  0.70537980468170458  0.71993534002855497
  0.73450022604274279  0.74895814153298423  0.76333008518543599  0.77816066797473737
  0.79367620875027522  0.80949380822362582  0.82551483060955311  0.84173712395082989
  0.85829250798398649  0.87236722437629399  0.87849166136462986  0.87943428992266726
  0.88239743163799078  0.88612908100339094  0.88978718124669476  0.89346791131874237
  0.89716231068788321  0.90087981071185996  0.90461556837548185  0.90833736421327971
  0.91205693290284406  0.91577999511548314  0.91949996777059106  0.92320647470413209
  0.92694237146477243  0.93068121998652853  0.93445874725760580  0.93825437373113929
  0.94204485383208092  0.94585170543098651  0.94965559534469757  0.95346701964023628
  0.95730411664269333  0.96115147748094998  0.96500237612684137  0.96884679104869276
  0.97269894459414830  0.97655748506401818  0.98041674120469613  0.98428765325203749
  0.98819199157583981  0.99210891336962259  0.99604457514048550  1.00000000000000000
 -0.00219030583922216  0.00898715477926479  0.01947488903799645  0.02988510166084900
  0.04103354689294940  0.05045289289987234  0.06000109601602598  0.06963887560857446
  0.07962177868928502  0.08957098784228415  0.09978573518836535  0.11051023202074567
  0.12166460800674325  0.13284780066181864  0.14689074233598223  0.15557629339959841
  0.16606281977856224  0.17671786021075070  0.18751140853557871  0.19756984133650160
  0.20772928630891382  0.21772124424742936  0.22717262799300744  0.23660054995188895
  0.24625864125018415  0.25602789997023889  0.26560314558183806  0.27535731545284814
  0.28706413207703874  0.29907878714009833  0.31080634681381553  0.32328302572379419
  0.33493506799492889  0.34423039007536022  0.35369719479790274  0.36373415730779746
  0.37411364231823091  0.38458608232180197  0.39444175769622886  0.40766024555171776
  0.42003095848499528  0.43000323295898496  0.44028984484206257  0.45103875356080281
  0.46185216434333193  0.47151527997204667  0.48082563658193933  0.49044601895697942
  0.50015964094729448  0.50967689012484696  0.51931452120396449  0.52937753106811702
  0.53987396259507370  0.55171396315604149  0.56405663182277088  0.57602070136513939
  0.58663195959165126  0.59600846544811581  0.60560457771847687  0.61575977902036283
  0.62537286770437728  0.63419677860638513  0.64304568583613841  0.65304181976130837
  0.66371269254000609  0.67388447672530960  0.68375978038368901  0.69492954373178484
  0.70679872206956684  0.71791116935379140  0.72818158024959645  0.73768124030108151
  0.74687479592266748  0.75634822112691602  0.76595799064311443  0.77528952746344937
  0.78388589748046955  0.79363020294446696  0.80507617515328966  0.81682198550105434
  0.82751242308480344  0.83822562630565900  0.84911978750725436  0.86006068547850378
  0.87053750245284156  0.88039397085040294  0.88989255588982097  0.89972460621361161
  0.91045523517435323  0.92189502339848617  0.93401648634924050  0.94709397039647092
  0.96096512215395935  0.97472966852896892  0.98750838739158797  1.00000000000000000
   1.7492231892811942E-004  -1.0000000000000000     
 T T T T F F F F F F F F T T T T F F F F F F F F F F F F F F F F
  <DiscreteSampler_grid>
  grouped_processes
  1 # 1 for a reference and 2 for a running grid.
  10 # Attribute 'min_bin_probing_points' of the grid.
  1 # Attribute 'grid_mode' of the grid. 1=='default',2=='initialization'
  0.0000000000000000 # Attribute 'small_contrib_threshold' of the grid.
  0.5000000000000000 # Attribute 'damping_power' of the grid.
 # binID   n_entries weight   weight_sqr   abs_weight
    10   10   7.575888649021246E+008   5.740418900637761E+017   7.575888649021246E+008
  </DiscreteSampler_grid>
