 -0.00406238458860464  0.00554237029673989  0.01514712518208444  0.02475188006742897
  0.03435663495277351  0.04428288195454739  0.05609638502073429  0.06790988808692119
  0.07972339115310809  0.09418146105106369  0.11835523367406400  0.14283617747667149
  0.16735574698392994  0.19173492480183318  0.21567030170782595  0.23949972019389970
  0.26327292965389465  0.28702223020644813  0.31083694406912987  0.33475322532784518
  0.35855058114230848  0.38213408350865746  0.40546023395508929  0.42880069778641822
  0.45211177587144452  0.47538482883562061  0.49846002999326328  0.52138958009582259
  0.54414971493074160  0.56614633571040474  0.58786707526917414  0.60925834008107504
  0.63073656449343052  0.65229470197460171  0.67398153362891944  0.69584366915644869
  0.71780663942906542  0.73992111351080392  0.76052461839274310  0.77984927833819306
  0.79710661404267857  0.81628097006769818  0.82657757293574385  0.82831855454885850
  0.82919140666081748  0.83130412011219579  0.83472973242535853  0.83804731692896750
  0.84133012817566399  0.84459495766057890  0.84786125179520100  0.85115869042397385
  0.85445138976108714  0.85773178139592532  0.86105772454205654  0.86440526031180132
  0.86777973713553003  0.87111393304401930  0.87446460486717159  0.87782977512383809
  0.88116448699790717  0.88447632205346571  0.88780599113660164  0.89115663928800537
  0.89448978292838610  0.89783436725082411  0.90122794652203153  0.90465715428069027
  0.90803225633346574  0.91138526063988101  0.91476785025778440  0.91818338961254520
  0.92157404275827970  0.92493475948049897  0.92830928122660650  0.93169901177489056
  0.93508787037186369  0.93849109526422880  0.94192519351683024  0.94536183954546360
  0.94878123786056190  0.95221070437933708  0.95563181114899320  0.95909760796658439
  0.96251936158462514  0.96586293136692203  0.96921889241691006  0.97263316206262573
  0.97608651780177758  0.97949603118286133  0.98286279109693087  0.98624819691750309
  0.98966809043225146  0.99307951952072626  0.99651803516179138  1.00000000000000000
 -0.00284097128261067  0.01134399150516388  0.02355256719043641  0.03580038707275502
  0.04797764044218088  0.05982427855494531  0.07118774433944501  0.08250778455269266
  0.09434655225078885  0.10633867314913030  0.11820582330340493  0.13028822509304691
  0.14302928498195139  0.15774909214650404  0.17180794881492867  0.18400133210353203
  0.19522890178857627  0.20582734721439094  0.21709383338338836  0.23003394461143561
  0.24476937558564538  0.25990124408502535  0.27366395077069799  0.28698599774266165
  0.29937064508527078  0.31131943340063284  0.32345663959744669  0.33551380186875918
  0.34783894443969549  0.35946810755184988  0.37061327861410509  0.38148049218747038
  0.39245888308940502  0.40388622418176157  0.41566634538097536  0.42678407955447095
  0.43840703813812920  0.45032121116774321  0.46210684074297192  0.47366194769549863
  0.48585823492634500  0.49722958359619585  0.50936322261805800  0.52115282259887052
  0.53175684082319630  0.54155152064422118  0.55091750614676716  0.55992400778275475
  0.56706214335731830  0.57430502584584042  0.58193351903988255  0.59102469247859690
  0.59972392083510673  0.60834679013810422  0.61664214365040448  0.62515576427227404
  0.63605128479157136  0.64781922069332087  0.65925562710628782  0.67066862234182456
  0.68213894158538846  0.69389072786010608  0.70558552088264159  0.71526956827416999
  0.72348918473135304  0.73170437237660846  0.73984389171919440  0.74911921670498904
  0.75876949146890438  0.76802516677893662  0.77711228319468473  0.78662006087649095
  0.79653048157216788  0.80573650501789118  0.81390636079202805  0.82047400740997234
  0.82720030406100653  0.83402301213473606  0.84183557246512108  0.84913136054882632
  0.85647877385912086  0.86341345533085256  0.86961803775732260  0.87820411566850110
  0.89029278819169655  0.90185429029351261  0.91186790040915344  0.92212794232005724
  0.93205862842520448  0.94066796905581140  0.94781512088892916  0.95461496754592423
  0.96263296900440642  0.97509197928778213  0.98721361738979907  1.00000000000000000
   6.4072398584627495E-005  -1.0000000000000000     
 T T T T F F F F F F F F T T T T F F F F F F F F F F F F F F F F
  <DiscreteSampler_grid>
  grouped_processes
  1 # 1 for a reference and 2 for a running grid.
  10 # Attribute 'min_bin_probing_points' of the grid.
  1 # Attribute 'grid_mode' of the grid. 1=='default',2=='initialization'
  0.0000000000000000 # Attribute 'small_contrib_threshold' of the grid.
  0.5000000000000000 # Attribute 'damping_power' of the grid.
 # binID   n_entries weight   weight_sqr   abs_weight
    10   10   4.840907110519534E+007   2.344465363163909E+015   4.840907110519534E+007
  </DiscreteSampler_grid>
