 -0.00532655081536592  0.01890908365760994  0.03703752360166410  0.05519675171036708
  0.07342661915766863  0.09174755015932730  0.10784084770754777  0.12304212979812285
  0.13874711521053024  0.15445222545690249  0.17015751973552884  0.18636391822691295
  0.20284630148465790  0.22038252828506757  0.23779606559280253  0.25503551303802363
  0.27236909920274155  0.28974597264389268  0.30701618757650884  0.32430962001642294
  0.34167110558884051  0.35899067435345894  0.37628033936057109  0.39360304848314653
  0.41092120992422460  0.42819383217127222  0.44550520422105239  0.46286677798802206
  0.48053179144899227  0.49831934415207296  0.51628390269852975  0.53422662661762599
  0.55212465980101977  0.57004523622495751  0.58797883430213682  0.60582742415274260
  0.62368017244485374  0.64156823641585836  0.65963139983778007  0.67785879875508104
  0.69631777667482064  0.71481760674379879  0.73325140618161078  0.75234904865711039
  0.77227333315137980  0.79279050171086662  0.81353953864437700  0.83601008787008668
  0.85330869778843899  0.86349800865657911  0.87610818219159536  0.87864483891887779
  0.87922646260988768  0.88051029552067861  0.88316221217210722  0.88587206649538419
  0.88858744501380293  0.89130181571130473  0.89401593011361125  0.89674447016078751
  0.89947018287140290  0.90219072888082530  0.90492408329435692  0.90766559130193958
  0.91040671710409615  0.91313708828833273  0.91588828047330739  0.91866223975698724
  0.92143205135698925  0.92420717947581688  0.92699377595374333  0.92977221446719904
  0.93260329714372070  0.93548250942858724  0.93836661631659124  0.94123740221396013
  0.94409960048546904  0.94695499003400607  0.94983219607654201  0.95273882747002758
  0.95565881663623264  0.95857727601304599  0.96146261925299303  0.96436484258635879
  0.96729059188155975  0.97023416206971513  0.97318872496709063  0.97613116533090916
  0.97909402922617872  0.98204895577735096  0.98501146391279737  0.98798946651601804
  0.99095932855960445  0.99394656393339975  0.99697873231249790  1.00000000000000000
 -0.00341894824118652  0.01149148380199480  0.02473162018434185  0.03766576931158860
  0.05094204630742397  0.06468517619828697  0.07874483474028524  0.09042828188167237
  0.10019394924203807  0.11028863130024873  0.12008697790031722  0.12968152822926587
  0.13909856443360599  0.15002664312408132  0.16401717451227471  0.17802400689770453
  0.19160924662504089  0.20511127220269859  0.21872349890414819  0.23182320263171971
  0.24109415993805003  0.25067124601694102  0.26098160282750155  0.27168150563878535
  0.28058157580662352  0.28847560264603483  0.29553094959340676  0.30255452260165727
  0.31034398501104737  0.31833112151457010  0.32602629816434442  0.33372475465520424
  0.34134400279726362  0.34846821313306114  0.35627185578362558  0.36489857451288105
  0.37345965694382793  0.38177813651100129  0.38951769804155750  0.39922208825660832
  0.41172415289771658  0.42486434298921977  0.43834286695726626  0.45186303198646333
  0.46396788979204046  0.47403930128171701  0.48497970657198897  0.49536115844585721
  0.50554185802492091  0.51531322283102032  0.52648789239785088  0.53803468446957381
  0.54829708613981076  0.55662981970232561  0.56521852311181719  0.57452251298497037
  0.58454164703085087  0.59486716349683078  0.60316758589031516  0.61546487086050183
  0.62827595188609975  0.64119556478385398  0.65314631243697596  0.66421220563591532
  0.67476417868830540  0.68537084225414857  0.69572724024029242  0.70670196773508254
  0.72010368424371185  0.73481900014273827  0.74923115282172947  0.76301912510337866
  0.77618557395139021  0.78905199815756100  0.80143582827100135  0.81384694937751345
  0.82312120840356717  0.83298284008388923  0.84223462106038549  0.85090768031590425
  0.85886872414876569  0.86599028602999450  0.87326134093667862  0.88131130678169567
  0.88974375474310219  0.89798031253524890  0.90594438458941617  0.91369352376137813
  0.92237453440257444  0.93198973776705230  0.94162304199116231  0.95082976683074039
  0.96057678679601077  0.97230455127052395  0.98544690402344115  1.00000000000000000
   7.5425644862745426E-006  -1.0000000000000000     
 T T T T F F F F F F F F T T T T F F F F F F F F F F F F F F F F
  <DiscreteSampler_grid>
  grouped_processes
  1 # 1 for a reference and 2 for a running grid.
  10 # Attribute 'min_bin_probing_points' of the grid.
  1 # Attribute 'grid_mode' of the grid. 1=='default',2=='initialization'
  0.0000000000000000 # Attribute 'small_contrib_threshold' of the grid.
  0.5000000000000000 # Attribute 'damping_power' of the grid.
 # binID   n_entries weight   weight_sqr   abs_weight
    10   10   1.829070931267060E+007   3.351180650902150E+014   1.829070931267060E+007
  </DiscreteSampler_grid>
