 -0.01243449292941841  0.01191921923388070  0.04328775573784373  0.08494268753528381
  0.12345428501648020  0.16000500755313696  0.19232724162692394  0.22417967155916119
  0.25588011985501130  0.28984157413542949  0.32417724830918149  0.35919032810870694
  0.38734640697176836  0.41163249645861683  0.43123695844160964  0.44017875693122355
  0.44349418865692714  0.45109421752410683  0.45844988092999611  0.46569993382188352
  0.47287461169177791  0.48000936875964495  0.48713241675844765  0.49426264905554818
  0.50139965495009597  0.50852777844649510  0.51565992855192944  0.52281367976294046
  0.52997765140605047  0.53712471413388929  0.54426589362315192  0.55141130341504652
  0.55855460964347037  0.56570947275529293  0.57288109253408093  0.58004862625865061
  0.58719626091681143  0.59434253603061027  0.60150025557588693  0.60868739978230324
  0.61588760551113486  0.62308238404253513  0.63025548656334451  0.63741060845289188
  0.64455280259885017  0.65169420491184427  0.65884484173068647  0.66600895354914835
  0.67314403890157692  0.68026626312313754  0.68738039572830278  0.69449809651920913
  0.70161563170993924  0.70873756105605357  0.71585066299991273  0.72294992349326259
  0.73003492665941616  0.73711698462778807  0.74419430986314683  0.75126203163040173
  0.75830483261890624  0.76533818518751728  0.77238455328805078  0.77943375645741042
  0.78648346176564066  0.79351597330158008  0.80053323241759466  0.80752843610685332
  0.81452982841726229  0.82152734249227599  0.82851090650637949  0.83547081201292617
  0.84243265248225896  0.84938813334900987  0.85633959136384774  0.86329136659548733
  0.87024184693762785  0.87718145357473054  0.88410539042486236  0.89101006268930705
  0.89789747054271229  0.90476123921749396  0.91161444686773341  0.91846923915092693
  0.92532055647970968  0.93215689906820065  0.93895948456141476  0.94575245322406998
  0.95253872560481667  0.95934004703673825  0.96613261915167703  0.97292486814382884
  0.97970800067911989  0.98647926133973607  0.99323791510757831  1.00000000000000000
 -0.00201532615789634  0.00886171736168346  0.01802591693980034  0.02818530401438039
  0.03854379416066843  0.04902201255840635  0.05956305082717767  0.06995681255701315
  0.08022323693744640  0.09031781249765859  0.10061113823938790  0.11115272057421671
  0.12199894018908181  0.13299205805336123  0.14398434228012599  0.15454745516883350
  0.16486945132294714  0.17549445560617705  0.18621475514335478  0.19734459804674653
  0.20813282751638473  0.21792771654165588  0.22796279909448089  0.23806101001700283
  0.24815148918363245  0.25790788909509316  0.26733723054315250  0.27692497371416164
  0.28682246639983972  0.29713154394001490  0.30761358099535813  0.31829262310113954
  0.32907205942966805  0.33963501103308180  0.35003030090699000  0.36047644235121135
  0.37124185360207396  0.38219193903819904  0.39320108311894952  0.40417328340813313
  0.41514018109852274  0.42625432912750155  0.43781560970058875  0.44988870732696512
  0.46175499458872782  0.47278188442290126  0.48324256827565104  0.49362300042648311
  0.50408381772851385  0.51450553521787612  0.52487464454856725  0.53529901122419954
  0.54568824053252152  0.55607341200919713  0.56659499380981715  0.57709947498676262
  0.58792915312844807  0.59877354376204839  0.61018919571239483  0.62124084264255053
  0.63231249423591851  0.64279023924162437  0.65326373419492278  0.66375774789299968
  0.67468440387857465  0.68573150010700645  0.69675884361456186  0.70763833072251048
  0.71865738289920345  0.72922051909044605  0.73884111549485620  0.74865076468726111
  0.75880808571148439  0.76939511062133370  0.78008482481668984  0.79033987172711861
  0.80125874505516548  0.81198126203259224  0.82259017352701125  0.83320373904205414
  0.84396036630683813  0.85524989612603752  0.86699982739462034  0.87850483254726031
  0.88929323080946898  0.89986073761494789  0.91050099396963136  0.92073061955306534
  0.93048060995148285  0.94035928594147866  0.95043497721215930  0.96035002799099323
  0.96975949775532999  0.97933655036049183  0.98963732729348497  1.00000000000000000
   8.3766166640567587E-006  -1.0000000000000000     
 T T T T F F F F F F F F T T T T F F F F F F F F F F F F F F F F
  <DiscreteSampler_grid>
  grouped_processes
  1 # 1 for a reference and 2 for a running grid.
  10 # Attribute 'min_bin_probing_points' of the grid.
  1 # Attribute 'grid_mode' of the grid. 1=='default',2=='initialization'
  0.0000000000000000 # Attribute 'small_contrib_threshold' of the grid.
  0.5000000000000000 # Attribute 'damping_power' of the grid.
 # binID   n_entries weight   weight_sqr   abs_weight
    10   10   2.460554898223022E+007   6.225782359950002E+014   2.460554898223022E+007
  </DiscreteSampler_grid>
