 -0.00520158555221750  0.00017895800320022  0.01000163557803866  0.03126999821404100
  0.05257169115464298  0.07389842363793660  0.09477888283254794  0.11492852550944568
  0.13278508011846912  0.15082079515321592  0.16896666020111395  0.18681326736451273
  0.20531793381619473  0.22480703212272596  0.24456355615222766  0.26436800261872229
  0.28395363311358429  0.30358804527836258  0.32328231950837777  0.34295042767683420
  0.36260638945651497  0.38219191944444664  0.40187597347766701  0.42175288081568940
  0.44172433781718784  0.46175472344768709  0.48201163662441937  0.50225273056728970
  0.52225684908870695  0.54222097217426402  0.56213543661322463  0.58203451740527490
  0.60192378115428158  0.62159190754241156  0.64132426021330113  0.66120409921276924
  0.68087442925699637  0.70041623697959610  0.72134275210582599  0.74257637070694926
  0.76453562099453676  0.78762781864215636  0.81233333246883876  0.82140238029080792
  0.82646429751738115  0.82843466363400942  0.82933349651127319  0.83198804047336972
  0.83535952005574854  0.83864514157499537  0.84193569424481574  0.84527456766410136
  0.84864899596111976  0.85197961654340271  0.85531525064725467  0.85866379300096674
  0.86198869396381139  0.86536107813518903  0.86877960131819543  0.87216140147675358
  0.87552643326746626  0.87891658523321892  0.88234895888462228  0.88575912407100599
  0.88916664946284807  0.89264196059600609  0.89615266974075136  0.89968523684712487
  0.90322027201501986  0.90675531518790176  0.91024070205214425  0.91372765271917833
  0.91723427880387132  0.92071902124376326  0.92422662891124885  0.92775086379464344
  0.93128453991843396  0.93479840858376140  0.93830033518919342  0.94187955828757353
  0.94545806599634497  0.94905418763673277  0.95262350825253461  0.95619106841229617
  0.95982470494198324  0.96344349049623790  0.96710417336723919  0.97078652117875186
  0.97441993275869154  0.97803964527565879  0.98170926116659529  0.98536805370177305
  0.98900750062873866  0.99267583732063736  0.99634039756943893  1.00000000000000000
 -0.00275707809951474  0.01175390568914365  0.02159006856605513  0.02933687165111053
  0.03832546624699452  0.04739631093895277  0.05563909539855981  0.06383839232893097
  0.07165467957599585  0.07927753107668235  0.08742208203606665  0.09634643555400374
  0.10483327471778246  0.11391186860652741  0.12385364606161001  0.13618132203753572
  0.14984570399285541  0.16228033670587838  0.17462189572554809  0.18661486744283229
  0.19845560781191937  0.21043727163760814  0.22188305968192124  0.23249804083949197
  0.24279950550939547  0.25322465888400186  0.26409847168286110  0.27556668950988200
  0.28705736865670639  0.29855912502654314  0.31179515031996152  0.32215731009454118
  0.33400471586548880  0.34377132972761665  0.35269233012926648  0.36190027488439752
  0.37125023641593136  0.38180290980456139  0.39354093978578492  0.40513577012342622
  0.41744718808271430  0.43144261686433311  0.44170739361937456  0.44963467291111420
  0.45796095245280705  0.46708111152536441  0.47653945716352875  0.48585523308633849
  0.49391757093575916  0.50193587240097892  0.51246683499767320  0.52356646039390442
  0.53538610953891630  0.54805228787181937  0.56007670211904281  0.57188889538811072
  0.58308904674571216  0.59440275379372753  0.60622419978193998  0.61738573502543381
  0.62917787806728098  0.64111529893277930  0.65309929727690874  0.66470820749545678
  0.67404809713741987  0.68263673385919310  0.69197109218543640  0.70162197370052704
  0.71140047467898848  0.72045497617493937  0.72930653046893312  0.74101315600709006
  0.75538119272751292  0.76900095274427627  0.77994538598263441  0.78901774531819346
  0.79732730995841916  0.80504114407452809  0.81184889427377116  0.81804198718162269
  0.82465847506978751  0.83197651078269852  0.84022784362471203  0.84882046433789216
  0.85967985969364991  0.87389699933431086  0.88815718482572725  0.90209179766508218
  0.91480759903484565  0.92711266280441007  0.93939070980975903  0.95162258007525491
  0.96387444636111264  0.97575914129872743  0.98747305871170454  1.00000000000000000
   1.9460085751635704E-004  -1.0000000000000000     
 T T T T F F F F F F F F T T T T F F F F F F F F F F F F F F F F
  <DiscreteSampler_grid>
  grouped_processes
  1 # 1 for a reference and 2 for a running grid.
  10 # Attribute 'min_bin_probing_points' of the grid.
  1 # Attribute 'grid_mode' of the grid. 1=='default',2=='initialization'
  0.0000000000000000 # Attribute 'small_contrib_threshold' of the grid.
  0.5000000000000000 # Attribute 'damping_power' of the grid.
 # binID   n_entries weight   weight_sqr   abs_weight
    10   10   1.298614583193482E+008   1.686782052134030E+016   1.298614583193482E+008
  </DiscreteSampler_grid>
