 -0.00928888805581208  0.01818334667777178  0.04385509807524356  0.06308501965935595
  0.08270115576495454  0.10276246557579376  0.12262015527727524  0.14243612619604648
  0.16234608050728813  0.18244927127474306  0.20278960218418079  0.22343371039451537
  0.24410863445152686  0.26463284989511893  0.28509623327028999  0.30551156387556694
  0.32472026361159284  0.34380440090638337  0.36286103036301232  0.38191405624498581
  0.40096439592567468  0.42012343355771975  0.43927095278174200  0.45834687545687586
  0.47731830158649791  0.49621366250284515  0.51487168329478772  0.53345439687884733
  0.55187011588665547  0.57036693472268207  0.58893003081032380  0.60736723310971963
  0.62580515346180621  0.64430432801644233  0.66276439280645616  0.68118785785042091
  0.69969309820952119  0.71831545297742605  0.73769296691982100  0.75695673575508282
  0.77605879243318965  0.79526791302181554  0.81452613559772979  0.83105697484944274
  0.84827127592320906  0.86681837391578120  0.87590598867319547  0.87861976974641287
  0.87922195497020972  0.88047930757652348  0.88303315920849890  0.88557989588316954
  0.88812751133767176  0.89068411405124248  0.89327954924077380  0.89584995133967493
  0.89838284702924975  0.90093214189830972  0.90348239059975899  0.90604419210277143
  0.90860957857595481  0.91119301390673568  0.91380742721035502  0.91641266325585480
  0.91899358691536770  0.92157854135249884  0.92415693981756319  0.92671671419490220
  0.92926517395700803  0.93185258382069502  0.93445288007297422  0.93703641912797997
  0.93963805428518044  0.94224456302277659  0.94485028954453343  0.94743962255033531
  0.95004391956220735  0.95267724988182889  0.95529990056646619  0.95792071481090946
  0.96053429679762836  0.96314450610409996  0.96576226883755778  0.96836566898080378
  0.97097393931337694  0.97359540928567267  0.97623460438381437  0.97885861748255087
  0.98146565186573764  0.98410789296401158  0.98675430627635552  0.98938460671912676
  0.99201856114726328  0.99467432022764524  0.99734201988783888  1.00000000000000000
 -0.00331711131051740  0.01177108381904161  0.02239171006045104  0.03151514862341238
  0.04109314047991761  0.04969142041888277  0.05750241625392286  0.06461053323282630
  0.07139269695124574  0.07865210690898690  0.08632789815139928  0.09432453736436622
  0.10193243174561124  0.10975920533328422  0.11769363809713650  0.12615771518070681
  0.13578035506926850  0.14517924467080628  0.15453978068080773  0.16443390991375550
  0.17691660356343816  0.19147336180276212  0.20490727875701698  0.21734021278776158
  0.22972410449800970  0.24289248758003942  0.25308337591783725  0.26183007308383605
  0.27102911301036525  0.28090796904890880  0.29033020856431507  0.29841975322228365
  0.30658896340834774  0.31498508626404720  0.32399538602241612  0.33231309933750536
  0.34081362243596697  0.34962934234778847  0.36064433298565141  0.37344561588865677
  0.38548830679571200  0.39733159339964147  0.40894383161646986  0.42047484433193477
  0.43283734145116354  0.44506703526045416  0.45877226762294143  0.47286874017609021
  0.48606235157568584  0.49832597814784213  0.51040228272383747  0.52252319645956624
  0.53428487075010189  0.54631166213918525  0.55877268242944356  0.57164863191551230
  0.58367598631108020  0.59366673320200802  0.60295156503610570  0.61220609883857358
  0.62130226576948711  0.62957354300424317  0.63750852152891091  0.64589008695780281
  0.65493371081116958  0.66383261902687518  0.67266332811784280  0.68201005237009038
  0.69222063254982991  0.70413446484643005  0.71631307930627763  0.72892686156891762
  0.74240112307988970  0.75639297436091357  0.76861515637938982  0.78031598360969223
  0.79168736239827142  0.80380890161766994  0.81586950224782417  0.82945836755288760
  0.84228866422061555  0.85431793425363622  0.86549888420942278  0.87638909515441354
  0.88777462163814880  0.89782547518188460  0.90642470730968661  0.91489511890702968
  0.92360029902747298  0.93272663572499925  0.94206694982512063  0.95149271944378744
  0.96289279787725102  0.97595339553035831  0.98817192544475774  1.00000000000000000
   1.0892190927316383E-005  -1.0000000000000000     
 T T T T F F F F F F F F T T T T F F F F F F F F F F F F F F F F
  <DiscreteSampler_grid>
  grouped_processes
  1 # 1 for a reference and 2 for a running grid.
  10 # Attribute 'min_bin_probing_points' of the grid.
  1 # Attribute 'grid_mode' of the grid. 1=='default',2=='initialization'
  0.0000000000000000 # Attribute 'small_contrib_threshold' of the grid.
  0.5000000000000000 # Attribute 'damping_power' of the grid.
 # binID   n_entries weight   weight_sqr   abs_weight
    10   10   2.698772383782073E+007   7.283968922994708E+014   2.698772383782073E+007
  </DiscreteSampler_grid>
