 -0.00701646112748530  0.01638325376490191  0.03615704569597078  0.05108947409173889
  0.06635245570546973  0.08175751947236110  0.09710906870471198  0.11249943336462384
  0.12792688454568801  0.14379751392620396  0.15979877416256466  0.17595067508157858
  0.19231421303868332  0.20860442705128929  0.22464441746361999  0.24051474480185295
  0.25625292988733595  0.27150577948868504  0.28679381271917792  0.30211392375603929
  0.31771155797617218  0.33330540957943849  0.34885834835889451  0.36434419888139308
  0.37982399425500291  0.39534458536159878  0.41065313204498555  0.42583346023263940
  0.44084666685776180  0.45577559456279376  0.47059378952625724  0.48558500482240397
  0.50068251315788526  0.51602192603943020  0.53131160671931121  0.54657153699229577
  0.56196115305148886  0.57741018830244906  0.59294330136489304  0.60870392286669295
  0.62446447269980876  0.64004190769659663  0.65562244993195073  0.67120496235339311
  0.68683735995239559  0.70247113710351916  0.71810590185263179  0.73384943472407049
  0.74965396910091409  0.76576960500096070  0.78191426411257015  0.79810427115590898
  0.81410771019223926  0.83007361045902595  0.84617442102735929  0.86212051459507077
  0.87789150548029393  0.89393160317036302  0.90984671548639573  0.92444828365623399
  0.93969144696690676  0.95555149878055312  0.96622367658607089  0.96897323767688059
  0.96911242884277216  0.96940323243566706  0.97039700103747484  0.97142512541803061
  0.97243246417317475  0.97344742595253342  0.97446851375780874  0.97548881002706012
  0.97650254455182561  0.97751936432719688  0.97853601994619321  0.97954447777353948
  0.98055055091944621  0.98157082905750026  0.98259962638326581  0.98361524007244616
  0.98463278478959648  0.98564790114796863  0.98666438846669291  0.98769654865737389
  0.98872700777794187  0.98975604293216235  0.99077351796166047  0.99179073342654878
  0.99281357722119812  0.99383467652657742  0.99485107491327984  0.99588479623767612
  0.99691297931002720  0.99793556652142723  0.99896853402220065  1.00000000000000000
 -0.00439108309281980  0.01481064857660867  0.02469066931097454  0.03309854193291546
  0.04199409130267236  0.04956782561929143  0.05654358222034012  0.06301801441022203
  0.06924084510736520  0.07615533736647764  0.08260604342475676  0.08925670787037632
  0.09593290362293849  0.10292791773260582  0.11009969522571214  0.11711613279181832
  0.12412827147953608  0.13226432130712112  0.14099866464540090  0.15009357055867417
  0.15942958784184608  0.16894573259309711  0.18188612258917719  0.19534487093178368
  0.20844546532169381  0.22129168886003378  0.23475443043087516  0.24898152959810532
  0.25729268845746961  0.26654998600769303  0.27527628939524607  0.28403533046290752
  0.29263685391489708  0.30027669004356544  0.30712043037798792  0.31430503504806279
  0.32228480808539056  0.33035059231188862  0.33819076941154830  0.34600307143612186
  0.35421853905527750  0.36498860119131671  0.38000694059110007  0.39404572518054026
  0.41068984608534054  0.42702453483658059  0.44185410378450984  0.45518667017075581
  0.46773344991120885  0.48059845290392883  0.49368060104156336  0.50685733334881833
  0.52058031446642739  0.53469324354051184  0.54882471093853180  0.56318419657175256
  0.57728439230257744  0.58790351625555748  0.59649191301723692  0.60529031244505416
  0.61390165449944267  0.62278994241287622  0.63087467110380457  0.63838427098920614
  0.64600422556876336  0.65440869813753277  0.66318881317171119  0.67138602916015955
  0.67894270974704651  0.68596774786328873  0.69956472447661167  0.71457608885176371
  0.72915651946134630  0.74308988245101759  0.75644613793673998  0.76952462230225127
  0.78294806331809763  0.79682431842531376  0.81081335241430486  0.82502194000968787
  0.83816551684081264  0.85097735450323009  0.86335342239196255  0.87548379437483703
  0.88775049862356026  0.89786360715925950  0.90558506434068631  0.91346985199437758
  0.92166217260972305  0.93036174486877865  0.93897398509819785  0.94807346612752308
  0.95808218698915404  0.97118405643671279  0.98593594432249532  1.00000000000000000
   6.0032295114727922E-006  -1.0000000000000000     
 T T T T F F F F F F F F T T T T F F F F F F F F F F F F F F F F
  <DiscreteSampler_grid>
  grouped_processes
  1 # 1 for a reference and 2 for a running grid.
  10 # Attribute 'min_bin_probing_points' of the grid.
  1 # Attribute 'grid_mode' of the grid. 1=='default',2=='initialization'
  0.0000000000000000 # Attribute 'small_contrib_threshold' of the grid.
  0.5000000000000000 # Attribute 'damping_power' of the grid.
 # binID   n_entries weight   weight_sqr   abs_weight
    10   10   2.596809953434860E+007   6.743429947086119E+014   2.596809953434860E+007
  </DiscreteSampler_grid>
