 -0.00394662011583320  0.00966310208890399  0.02429100650927877  0.03939649466167106
  0.05455963580082576  0.06981788183486877  0.08541549289252710  0.10009622415240069
  0.11362720049752358  0.12686976440415565  0.14044312570864126  0.15395475092721969
  0.16742273064439087  0.18092774454920929  0.19458813802105526  0.20845380206288627
  0.22290082982452863  0.23744534057892230  0.25185512096591706  0.26618705320916108
  0.28054412668629947  0.29492300319100023  0.30930600046040907  0.32365876975593744
  0.33798321002897541  0.35230457943549598  0.36660747997788251  0.38088463531828609
  0.39518088199372031  0.40938553371467518  0.42356559409298911  0.43775485444098722
  0.45198374460891683  0.46624432696137097  0.48053707985667388  0.49482177150373302
  0.50907370832923260  0.52335379962057127  0.53767702148212015  0.55200442543559636
  0.56631297004275127  0.58058078328705243  0.59508236928328373  0.60961367694294588
  0.62414556011477340  0.63865914026477089  0.65314973752831429  0.66762629369857041
  0.68213273963371190  0.69666692303921296  0.71120200907512032  0.72592230116418910
  0.74061189586060638  0.75522144565737603  0.76979667177911493  0.78484325990984249
  0.80021877553367138  0.81586795663607337  0.83176241095733183  0.84787167408686781
  0.86377376260243233  0.87509176425632906  0.87864533101199949  0.88011182041624669
  0.88353016651725758  0.88716929971193570  0.89079808814850392  0.89445535020174005
  0.89811988620102201  0.90180172882836063  0.90550497054329004  0.90920528493399144
  0.91289999233398866  0.91660326991384999  0.92029455242090286  0.92399822050416802
  0.92771692236235892  0.93143258722034417  0.93517795990131225  0.93893315060601468
  0.94269439721923798  0.94645871781808422  0.95022367234670879  0.95398929088544837
  0.95778308867506334  0.96157333039457804  0.96538321141625483  0.96919266985923225
  0.97300365995529259  0.97682298108085275  0.98063673795552408  0.98447096727127559
  0.98833292032002817  0.99219712476347355  0.99608823340788477  1.00000000000000000
 -0.00218197481787501  0.00896190555060756  0.01941806261646980  0.02989691560344156
  0.04120206755686272  0.05083695733309690  0.06052207067774997  0.07017967038881434
  0.07999244123970589  0.08946300193497651  0.09945698447006701  0.10996765249617535
  0.12137057159524994  0.13252572115671549  0.14578159951899891  0.15562954946611357
  0.16579556560028605  0.17633007790110866  0.18678471837931626  0.19688218953489392
  0.20702187115197829  0.21722478300285117  0.22687350035710002  0.23638425472117008
  0.24589874915720003  0.25588998618265213  0.26544952230080410  0.27597180225233220
  0.28777907948916975  0.29961559256988624  0.31156718659049870  0.32361801408816515
  0.33518542412416225  0.34494122021856310  0.35456319279342979  0.36438101082317931
  0.37457938077049696  0.38475734950283341  0.39617528076878950  0.40910386227622525
  0.42123674016392149  0.43169278650945020  0.44165404791721952  0.45164209751174500
  0.46166367981165163  0.47055662716039087  0.47953208339490644  0.48865192217076081
  0.49770391695807958  0.50701267172074160  0.51671256945521260  0.52671004315435277
  0.53710289968357716  0.54816383115111533  0.55983409296330622  0.57182414660140279
  0.58310487251630960  0.59339776374773701  0.60333903601916317  0.61338201654638369
  0.62321436823886811  0.63241267554745162  0.64154919186068138  0.65158546496931957
  0.66215829615981825  0.67222905919910714  0.68174643732145424  0.69245927131007023
  0.70495800939925701  0.71656900566253079  0.72681473885321202  0.73671381782328127
  0.74587605728034434  0.75543030529276489  0.76498284972500585  0.77448353639193290
  0.78321391711870969  0.79317343336895696  0.80470558329250830  0.81613315345329174
  0.82708538819172606  0.83799742134860544  0.84892616863917125  0.85992625494227948
  0.87063110214245831  0.88072374442957335  0.89042093878960404  0.90038149826712088
  0.91132417546929867  0.92299024898160309  0.93513554146017508  0.94810206371947447
  0.96172069518610037  0.97513410383965982  0.98753845892415060  1.00000000000000000
   1.0401058764020409E-003  -1.0000000000000000     
 T T T T F F F F F F F F T T T T F F F F F F F F F F F F F F F F
  <DiscreteSampler_grid>
  grouped_processes
  1 # 1 for a reference and 2 for a running grid.
  10 # Attribute 'min_bin_probing_points' of the grid.
  1 # Attribute 'grid_mode' of the grid. 1=='default',2=='initialization'
  0.0000000000000000 # Attribute 'small_contrib_threshold' of the grid.
  0.5000000000000000 # Attribute 'damping_power' of the grid.
 # binID   n_entries weight   weight_sqr   abs_weight
    10   10   5.152325513387387E+009   2.654928764665278E+019   5.152325513387387E+009
  </DiscreteSampler_grid>
