 -0.00634681463908992  0.01070597722016588  0.02837853650570473  0.04735047502785597
  0.06630338396066612  0.08524495381264763  0.09948772332423374  0.11391299729240184
  0.12867082280756131  0.14317746438955997  0.15786840621695558  0.17297103258396124
  0.18879065165307315  0.20482315112036462  0.22084638332795375  0.23684425312507529
  0.25282380843687746  0.26892331348868642  0.28493814379865329  0.30080462813384884
  0.31656607042378671  0.33234813776658706  0.34867948621904454  0.36501394971065731
  0.38135233473087488  0.39753218011202102  0.41368553333722019  0.42995348765840269
  0.44624093616365462  0.46255208090715699  0.47897901519378966  0.49540915380547063
  0.51166640041855915  0.52786560265803684  0.54400536192035787  0.56013138783320227
  0.57615233138623023  0.59172076677973751  0.60730968473345570  0.62291850565665030
  0.63858560963949884  0.65428111224877694  0.67005231443920166  0.68570793257683438
  0.70126950551491940  0.71685770631943502  0.73241777771736016  0.74788187864193001
  0.76328621737445312  0.77864727927134669  0.79394979063299220  0.80927110939428437
  0.82468191423429993  0.84028539017501114  0.85605220108449698  0.87168605800223797
  0.88736556471506978  0.90333721668989220  0.91826821337121511  0.93230938430295940
  0.94740701131629124  0.96036100716609174  0.96896165308797921  0.96900081494913237
  0.96917883063019250  0.96972705579429064  0.97072895634624723  0.97173751087447435
  0.97274756616988300  0.97375044179432335  0.97474408854972172  0.97573712516707456
  0.97673981554274636  0.97774424067532506  0.97875561691359991  0.97976886040386757
  0.98078854527265824  0.98180399284084630  0.98281378267954078  0.98382014265353568
  0.98482448952660484  0.98583296814493704  0.98683274892251505  0.98783314386767296
  0.98885668298292828  0.98987080612753464  0.99088283200093019  0.99189024932645575
  0.99289895515427906  0.99391665480443325  0.99493302540639583  0.99594543197047614
  0.99696254994907962  0.99798698289711618  0.99899488696889294  1.00000000000000000
 -0.00526572812851382  0.01607586509044955  0.02624706472761624  0.03422875654421349
  0.04314432487524251  0.05201071164774675  0.06078557749658105  0.06989806972683603
  0.07911921185211496  0.08867927591731881  0.09846201461766184  0.10813071329740312
  0.11686485482758700  0.12552554333399343  0.13406408388918828  0.14225170666308645
  0.15079118070605849  0.15941154568738397  0.16769378565698925  0.17540759025903796
  0.18379916792249387  0.19259121677770669  0.20125180424495620  0.20969698006132248
  0.21798796081001295  0.22666503474374805  0.23914677464184989  0.25135520380229431
  0.26051078071881961  0.26912078152958463  0.27823463700934131  0.28720133200593662
  0.29627672402821664  0.30515982236962530  0.31657395648038023  0.33111437479743111
  0.34670642253213058  0.36277595380461836  0.37979567120922114  0.39729482533978716
  0.41423688182423235  0.43140793971397284  0.44790754851844272  0.46188883158961447
  0.47256412592089503  0.48308574085327782  0.49362016186869567  0.50363474690352783
  0.51288440590612516  0.52213140223652010  0.53154655301764553  0.54105421916465268
  0.55045724849794864  0.55996428464247494  0.56994362675526189  0.57928822506561084
  0.59162336181219821  0.60669972459155663  0.62127785136860414  0.63529728798403506
  0.64805631090760829  0.65694161937446272  0.66594233292934035  0.67498846780922284
  0.68406898192599552  0.69192033244090856  0.69956916424939419  0.70750446839296854
  0.71506326089397132  0.72245424885879239  0.73002800786993871  0.73820443496831700
  0.74656261435603666  0.75508591387125146  0.76367728083669417  0.77561918559884246
  0.79106014323156437  0.80716265316219993  0.82210671934523893  0.83434309933597117
  0.84358507249055037  0.85150733675232448  0.85975638344348060  0.86827311145497799
  0.87709102762951674  0.88546591842689792  0.89403716522681398  0.90524054886744620
  0.91860412123819934  0.93354670696357611  0.94981195737221680  0.96170641231858278
  0.97140552535313907  0.98051070560296794  0.98981668264663147  1.00000000000000000
   5.6760514147550959E-006  -1.0000000000000000     
 T T T T F F F F F F F F T T T T F F F F F F F F F F F F F F F F
  <DiscreteSampler_grid>
  grouped_processes
  1 # 1 for a reference and 2 for a running grid.
  10 # Attribute 'min_bin_probing_points' of the grid.
  1 # Attribute 'grid_mode' of the grid. 1=='default',2=='initialization'
  0.0000000000000000 # Attribute 'small_contrib_threshold' of the grid.
  0.5000000000000000 # Attribute 'damping_power' of the grid.
 # binID   n_entries weight   weight_sqr   abs_weight
    10   10   2.546753921046265E+007   6.485959952155179E+014   2.546753921046265E+007
  </DiscreteSampler_grid>
