 -0.00273965258827815  0.00628939744696658  0.01806236596295268  0.03144415351860030
  0.04540582274119774  0.05938464650079266  0.07364066969760537  0.08604622130405054
  0.09823255789510769  0.11027111831270156  0.12224074138241454  0.13434342626917994
  0.14641443851045408  0.15809516189041417  0.17066858230594231  0.18369284627264360
  0.19686101453208668  0.21002715865049615  0.22316334575972990  0.23626633510795558
  0.24935867041131701  0.26245387759652788  0.27556214728948092  0.28868988993118844
  0.30180582969291042  0.31490651571622652  0.32798406036474426  0.34103942640433710
  0.35408662303203703  0.36721056500299809  0.38031982661283520  0.39342462192278671
  0.40654576022149452  0.41968981219891205  0.43278646086994871  0.44576541669737013
  0.45877519701890768  0.47184727260200626  0.48494583794113089  0.49794929551264833
  0.51092014545400899  0.52388295862823508  0.53680672328386769  0.54970468602670686
  0.56261773428695250  0.57557626217234104  0.58855433995558770  0.60152188728146572
  0.61450326734253236  0.62751954119665942  0.64055039562911242  0.65359611450002575
  0.66662822841921809  0.67964848719112236  0.69266767789676398  0.70570271357257897
  0.71874820049978594  0.73180028547354625  0.74488297974068474  0.75799755735000940
  0.77113439669110095  0.78429309030810201  0.79746741518543873  0.81063826948426909
  0.82388193508625263  0.83721823849660193  0.85053377330775148  0.86421317281528498
  0.87792636588296946  0.89179901823001051  0.90566553399126581  0.91839236030304705
  0.93059479963798397  0.94197763157232417  0.95315298240465651  0.96124398086733931
  0.96309994084469686  0.96439494189859876  0.96638194876650196  0.96834663723476699
  0.97032577761743377  0.97229196517852190  0.97425498747997352  0.97622535654232856
  0.97818081393572265  0.98014727346841701  0.98210758499709350  0.98407313149777709
  0.98605903762941760  0.98803806198106892  0.99003818527644549  0.99201966330682489
  0.99400773211472326  0.99600058228646182  0.99800927051044230  1.00000000000000000
 -0.00391966291373249  0.01330836800319835  0.02449470490065578  0.03460307283979227
  0.04501987034990623  0.05511517368066034  0.06494136156677388  0.07441804655916277
  0.08397973882572664  0.09775149254096037  0.11208219212309395  0.12462708251567829
  0.13518405294446267  0.14457995584565164  0.15356648683059634  0.16267707053749239
  0.17142913953628902  0.17972599745821749  0.18817766812778372  0.19763087637950988
  0.20828159070293151  0.22043439143978172  0.23425449526466549  0.24759911978958785
  0.26097167213522388  0.27430096992944686  0.28678174327113215  0.29795558771320285
  0.30807105445717564  0.31774189983076062  0.32714423263318521  0.33650817170807823
  0.34646593736005227  0.35700877392620034  0.36778290444754624  0.37955271053180617
  0.39195794815767909  0.40331267418689659  0.41348752079575035  0.42357248881306764
  0.43364925779632851  0.44373474541258834  0.45401720402600421  0.46536318512872615
  0.47837743936990690  0.49183773610305143  0.50424215383916327  0.51691176919162685
  0.52938944732702387  0.54201728445106190  0.55461991552369183  0.56711690461720998
  0.57976559534788952  0.59277030699588606  0.60426401529850005  0.61289617339284963
  0.62193663927484111  0.63108046674750895  0.63996446797131612  0.64853246513084728
  0.65693809266096237  0.66544621473549170  0.67491318139940326  0.68517892833989424
  0.69521364148450648  0.70540484920971791  0.71682455159613467  0.72890168844575465
  0.73961741358722743  0.74956505893136083  0.75995479704227709  0.76984464278980058
  0.77993935154682159  0.78939483618870276  0.79933921823917065  0.80900380236553560
  0.81819587319240838  0.82743042511605847  0.83730728021459366  0.84700314677776034
  0.85614667458433458  0.86515792944835290  0.87459327897845607  0.88435743986043647
  0.89402748277008193  0.90323879790787909  0.91213565791257278  0.92119815421834650
  0.93058655689168579  0.94006641869084007  0.94916794759301548  0.95823416179172705
  0.96815176171142425  0.97892781855678046  0.98971654758062844  1.00000000000000000
   5.8826056612602438E-004  -1.0000000000000000     
 T T T T F F F F F F F F T T T T F F F F F F F F F F F F F F F F
  <DiscreteSampler_grid>
  grouped_processes
  1 # 1 for a reference and 2 for a running grid.
  10 # Attribute 'min_bin_probing_points' of the grid.
  1 # Attribute 'grid_mode' of the grid. 1=='default',2=='initialization'
  0.0000000000000000 # Attribute 'small_contrib_threshold' of the grid.
  0.5000000000000000 # Attribute 'damping_power' of the grid.
 # binID   n_entries weight   weight_sqr   abs_weight
    10   10   5.130623987907774E+009   2.632331849329625E+019   5.130623987907774E+009
  </DiscreteSampler_grid>
