 -0.00524784476109834  0.00066979980134901  0.00984441199719708  0.02602695275098858
  0.04249139194462684  0.05912466606271410  0.07584121480739402  0.09191274721449232
  0.10688641733354397  0.12188928289093363  0.13684741356742619  0.15167386233390467
  0.16684802656917294  0.18222908127555382  0.19812231419437701  0.21414913263317845
  0.23030935857506071  0.24668829613690904  0.26317363176569841  0.27982306958525793
  0.29611625066364949  0.31226673537278393  0.32822270403974718  0.34401087606596509
  0.35968194339660231  0.37540605772039193  0.39114826064930214  0.40691996905098143
  0.42279734079395487  0.43872987346957615  0.45482613605266203  0.47089201403404002
  0.48692312548683503  0.50309331077977570  0.51927925084973392  0.53539599592056231
  0.55142859004146472  0.56738965568582989  0.58349802176720145  0.59971729255457606
  0.61623513238195604  0.63272179011928820  0.64918885586633157  0.66549195443452058
  0.68164729524511902  0.69753915109624476  0.71370193819795136  0.72997495431286263
  0.74623702956690352  0.76258536132674659  0.77902387313239674  0.79532679898811165
  0.81159760008324477  0.82782795561697575  0.84453793472483729  0.86149786618196589
  0.87892308463361335  0.89672824698829601  0.91503331580780656  0.92867946645219701
  0.94197464214609894  0.95475841492665692  0.96293109285008327  0.96300303364677808
  0.96322074560047710  0.96407032424361661  0.96525576159438176  0.96642838983982704
  0.96762612135206516  0.96883227574684272  0.97001040730607035  0.97119424752226824
  0.97236175796879842  0.97353309443440239  0.97472756488276202  0.97592573539168759
  0.97711284863437053  0.97831042819228275  0.97951830264697293  0.98072917400457871
  0.98192127599368551  0.98312537552198231  0.98434163663472407  0.98555293260809540
  0.98677200289204625  0.98797482864112951  0.98915723995993043  0.99036634421780556
  0.99155949494121509  0.99274502367636885  0.99394981897245660  0.99516388690663660
  0.99639719524636494  0.99760209275394929  0.99881786996487010  1.00000000000000000
 -0.00259923543046975  0.00827461331308901  0.02012547553896287  0.03222474502992466
  0.04523866825183879  0.05933448338333636  0.07234403102552986  0.08489927767360587
  0.09723991413469990  0.10719574178440644  0.11437524847231509  0.12190911612211443
  0.12952720149411834  0.13792623469246965  0.14670522071903944  0.15521483844550960
  0.16390749314398934  0.17614149508483956  0.19105716990091021  0.20618744306790379
  0.22002315569759689  0.23308989224332996  0.24632443571124313  0.26037874777555725
  0.27754946481121601  0.29529610268465722  0.31147773633252035  0.32541498379918599
  0.33795272775860530  0.35093080073902422  0.36381804881088631  0.37600574924218605
  0.38411940845946918  0.39316764024639472  0.40272009173209083  0.41104327023239123
  0.41874688076557781  0.42674547392095463  0.43627389166513125  0.44970079913442840
  0.46511501889527612  0.48024730708222046  0.49348771263371854  0.50599854360446050
  0.51821299822695621  0.53094696990707324  0.54496793845209590  0.56094199522563748
  0.56998505469423932  0.57742600801505894  0.58457634696015170  0.59163139419355715
  0.59884538100882378  0.60586196695307315  0.61307451034789406  0.62073630918749345
  0.62891562813082580  0.63779019837797701  0.64655214043949627  0.65553690543470289
  0.66405663547266525  0.67144208363365332  0.67883860818078223  0.68809650686312385
  0.70257738105835654  0.71485552415200249  0.72352366904727006  0.73274171451360259
  0.74217482523412170  0.75074913803003607  0.75744205758202043  0.76372237874131521
  0.77023673373646884  0.77793910225486540  0.78683906393859027  0.79579330796933101
  0.80378004762186217  0.81262711500534457  0.82529883337362930  0.83790959242096585
  0.84502529596664155  0.85268639918680178  0.86130385089968031  0.87109593911535954
  0.88139467811604832  0.88977341344948779  0.89842498658265357  0.90941871833112731
  0.92317810753294072  0.93771803099664608  0.95250989301568567  0.96524133268795198
  0.97594868014280522  0.98500260152373031  0.99272760525296522  1.00000000000000000
   3.9409294795882755E-003  -1.0000000000000000     
 T T T T F F F F F F F F T T T T F F F F F F F F F F F F F F F F
  <DiscreteSampler_grid>
  grouped_processes
  1 # 1 for a reference and 2 for a running grid.
  10 # Attribute 'min_bin_probing_points' of the grid.
  1 # Attribute 'grid_mode' of the grid. 1=='default',2=='initialization'
  0.0000000000000000 # Attribute 'small_contrib_threshold' of the grid.
  0.5000000000000000 # Attribute 'damping_power' of the grid.
 # binID   n_entries weight   weight_sqr   abs_weight
    10   10   5.126467939196638E+009   2.628069141291725E+019   5.126467939196638E+009
  </DiscreteSampler_grid>
