 -0.00424565333514638  0.01412166772271838  0.03120821634992753  0.04852102036036984
  0.06613580983520957  0.08400176467103829  0.09847829350737641  0.11279136447168123
  0.12737492792696442  0.14184649856677112  0.15634414471037808  0.17095505150983636
  0.18633975791218418  0.20200181449184948  0.21764321183341784  0.23328602455569988
  0.24892991670491843  0.26520533338102203  0.28137689847230368  0.29736073993634110
  0.31327940139901544  0.32918236657156474  0.34517600633881340  0.36130727566438686
  0.37765032123091202  0.39392759625900114  0.41017907375404522  0.42641223565528635
  0.44263559631727523  0.45884162878809442  0.47499609856508990  0.49112486595548316
  0.50719749562886474  0.52313177219203366  0.53875486417581009  0.55459780851285312
  0.57056650320403590  0.58634460286600576  0.60213039911730792  0.61792984356973679
  0.63349349901324947  0.64898252444848670  0.66453825919037079  0.67995284828915115
  0.69519613801605373  0.71055284627329596  0.72597274589389815  0.74155763055747526
  0.75728550434682762  0.77311971310473426  0.78899893817006050  0.80476341353496261
  0.82032133635028759  0.83629092208660871  0.85247233996314398  0.86962436452912895
  0.88694401808881695  0.90455448875728472  0.92026592712905309  0.93478752680048249
  0.94718804758825093  0.95842915515319482  0.96294638690819023  0.96310085981223448
  0.96346253802461002  0.96458796316246154  0.96575967432881660  0.96691128428644002
  0.96807116194476439  0.96923949192892955  0.97041521813053189  0.97160247384063425
  0.97278291931913408  0.97394363545111706  0.97511796898187997  0.97630574089173705
  0.97750200595202352  0.97867718005159865  0.97984287865664788  0.98102977892301924
  0.98222270726586725  0.98340275080548201  0.98458721494687040  0.98576682974601781
  0.98694629086668961  0.98811380395405657  0.98927382796248586  0.99045896242094500
  0.99167471465409884  0.99288111842957227  0.99408233302139182  0.99526617118793947
  0.99644755941291663  0.99764053449088563  0.99882888663508385  1.00000000000000000
 -0.00330577036795294  0.01365571657406102  0.02268598998589317  0.02955494092195596
  0.03837064018282381  0.04646204743743235  0.05391527827003000  0.06159023747832046
  0.06873597316068122  0.07590153561240216  0.08192659084990693  0.08903269386975780
  0.09685756495370618  0.10498180410381006  0.11339025314612275  0.12189834680823200
  0.13218187010855520  0.14503378782798723  0.15854389793870208  0.17183050763785507
  0.18495078702340464  0.19783926765898602  0.21021518242737322  0.22194909061098650
  0.23342642032999569  0.24517256593808029  0.25738645075607436  0.26989548301689531
  0.28244157543653603  0.29518989645059496  0.30996886195477530  0.32013435953129082
  0.33105736554039472  0.34069435649722546  0.34907488796411462  0.35757898785144554
  0.36600178313500825  0.37386877770195220  0.38641883248196718  0.40064460986156386
  0.41619816251143010  0.43057286509248793  0.44159283682058059  0.44976351703309719
  0.45800648179255576  0.46643798312556373  0.47513373671173897  0.48370321573486152
  0.49121789861673659  0.49853048944358824  0.50931938528403153  0.52234924694012452
  0.53590945346651697  0.54929277101256002  0.56226481496653824  0.57451920069443574
  0.58672260625649186  0.59935651188627737  0.61238455859772800  0.62512491783737834
  0.63792672302322484  0.65078169681431852  0.66449393206936669  0.67234059407896296
  0.68024939852720046  0.68879164092751211  0.69774524754863754  0.70633137763420584
  0.71496025427209453  0.72299087501394188  0.73355506129243309  0.74832747230717511
  0.76333114047381956  0.77462455530361629  0.78285101403171331  0.79056051845815256
  0.79734109947327358  0.80363683934453423  0.80976373483753794  0.81566513387894879
  0.82221105585791854  0.82901299460862332  0.83585891703147264  0.84320382097810764
  0.85077510970521841  0.86134900342861209  0.87502408267060416  0.88982195329219327
  0.90391747914486897  0.91893623275709579  0.93308855055082751  0.94670411889483386
  0.95993398765662596  0.97271380636571492  0.98582210741570198  1.00000000000000000
   3.7272631170153219E-004  -1.0000000000000000     
 T T T T F F F F F F F F T T T T F F F F F F F F F F F F F F F F
  <DiscreteSampler_grid>
  grouped_processes
  1 # 1 for a reference and 2 for a running grid.
  10 # Attribute 'min_bin_probing_points' of the grid.
  1 # Attribute 'grid_mode' of the grid. 1=='default',2=='initialization'
  0.0000000000000000 # Attribute 'small_contrib_threshold' of the grid.
  0.5000000000000000 # Attribute 'damping_power' of the grid.
 # binID   n_entries weight   weight_sqr   abs_weight
    10   10   4.848041489277506E+008   2.350351486911789E+017   4.848041489277506E+008
  </DiscreteSampler_grid>
