 -0.00497655513791464  0.02196501084863973  0.04208889306810394  0.06234438241373425
  0.08247476639157397  0.10250388188971829  0.11965910206443774  0.13655068052516897
  0.15367597743174746  0.17069579990294895  0.18772667282169658  0.20577789892713549
  0.22413553364696642  0.24290696186102798  0.26143776784590950  0.27990804409493475
  0.29849317259025249  0.31711828709359746  0.33580443002411731  0.35440197213570807
  0.37295773627502093  0.39154059103723954  0.41017049428410585  0.42897279801126320
  0.44787284761817775  0.46689301537067951  0.48581210649588807  0.50468952873028494
  0.52349162761658263  0.54226167368719480  0.56092591859297003  0.57954042691862739
  0.59809577200684227  0.61661085287939510  0.63510896566734476  0.65357624144939341
  0.67209409816767007  0.69075589663475356  0.70927334342657178  0.72767604556407794
  0.74616893493753100  0.76464134649341586  0.78277382285063424  0.80121687053890389
  0.82025425979752775  0.83997153291440130  0.86016477407926317  0.87314560781644790
  0.87852497644552074  0.87890748195675783  0.87960392383610797  0.88181105694811146
  0.88441684065169057  0.88700965878108784  0.88962630901299122  0.89224892572233372
  0.89483247756084983  0.89741563711187811  0.90000321579125742  0.90259914261870089
  0.90523538372629586  0.90785151656000984  0.91046472458875471  0.91310775644510866
  0.91574253241126102  0.91837616507553854  0.92104508891484016  0.92371470218196727
  0.92641368236039845  0.92914734898238616  0.93186987319235648  0.93456739564883540
  0.93721800357066753  0.93988804794354686  0.94257795114107457  0.94527815626505862
  0.94798098415691290  0.95068014594853223  0.95337043488275064  0.95605375336715503
  0.95877318573166392  0.96150510083319962  0.96422112948558936  0.96692038081799048
  0.96963699650847224  0.97240443127642606  0.97516970864604369  0.97795600978587327
  0.98072566481966028  0.98346041609365831  0.98621684695361989  0.98897814959040464
  0.99173276202653859  0.99449786067529466  0.99725101250650916  1.00000000000000000
 -0.00278898148860212  0.01198274074304561  0.02158424616215083  0.02922415651383647
  0.03824819057535127  0.04733698825032440  0.05557296488974268  0.06360320412784189
  0.07106588463155554  0.07853081638253620  0.08604743187104036  0.09448192110606558
  0.10253403237117233  0.11146110123035800  0.12111159567959047  0.13303423607975859
  0.14643915875641517  0.15911543266891004  0.17137568356877667  0.18329308230482627
  0.19517921921281423  0.20713420255687293  0.21844257279913770  0.22899867858363790
  0.23934226848592319  0.24991248361238327  0.26096986366209740  0.27242239524728601
  0.28386296137349731  0.29521448722939575  0.30859058858800936  0.31926521936613955
  0.33137228944102076  0.34151434701129463  0.35052186578272804  0.35963440529212182
  0.36885468968494456  0.37865600293592550  0.38984230206379145  0.40197837566084627
  0.41489236297512694  0.42902415345465772  0.44024831145596699  0.44816453186139615
  0.45673146763690226  0.46610764421584511  0.47566362707965942  0.48493401963210508
  0.49277281931325673  0.50099378553797957  0.51149778704839255  0.52343462006071040
  0.53623745417927415  0.54907875581219123  0.56176012466806924  0.57414366696749852
  0.58559078892592953  0.59770477813653744  0.60967934400807355  0.62104812840407553
  0.63322298210488737  0.64534366113274444  0.65786126950546631  0.66885635360059525
  0.67738825524677815  0.68601540860092092  0.69532724032130344  0.70511835173328163
  0.71456326625508948  0.72315564650748720  0.73264335810595993  0.74603854044733586
  0.76103327728499814  0.77320222529371596  0.78331053535253181  0.79182397936911997
  0.79922668927998053  0.80615067505328297  0.81252809305487694  0.81861730378173914
  0.82553916807639882  0.83298886946455530  0.84166171388803046  0.84997929254397997
  0.85936137788570111  0.87399901999525664  0.88755076758153084  0.90153758927131888
  0.91418462297229697  0.92681931019010022  0.93911029986359384  0.95113592608783515
  0.96320894156679648  0.97503425276158939  0.98690116635149749  1.00000000000000000
   6.3554784004556347E-004  -1.0000000000000000     
 T T T T F F F F F F F F T T T T F F F F F F F F F F F F F F F F
  <DiscreteSampler_grid>
  grouped_processes
  1 # 1 for a reference and 2 for a running grid.
  10 # Attribute 'min_bin_probing_points' of the grid.
  1 # Attribute 'grid_mode' of the grid. 1=='default',2=='initialization'
  0.0000000000000000 # Attribute 'small_contrib_threshold' of the grid.
  0.5000000000000000 # Attribute 'damping_power' of the grid.
 # binID   n_entries weight   weight_sqr   abs_weight
    10   10   4.867630749854963E+008   2.369490800167031E+017   4.867630749854963E+008
  </DiscreteSampler_grid>
