 -0.00201919515974076  0.01291116527791649  0.02534344754952891  0.03692205104166336
  0.04772404138948398  0.05817812096903619  0.06825511354821301  0.07870069180022071
  0.08875538980103308  0.09882178468745539  0.10888532890802417  0.11918048552759179
  0.12921950998286805  0.13929666618327233  0.14923852925590120  0.15977908293132892
  0.17003123705498863  0.18023308970517213  0.19039335685683395  0.20078032774450510
  0.21116804320464483  0.22152815214431140  0.23189360765020092  0.24238042258760986
  0.25272204436024154  0.26321187855241213  0.27367215663239708  0.28417397509351511
  0.29453987041527901  0.30503577258389952  0.31538109355208532  0.32561912918780311
  0.33556328252188061  0.34615289730581283  0.35683313282077184  0.36738539734250580
  0.37786116612245174  0.38829384007114615  0.39896002989914292  0.40960612036171995
  0.42012213101595114  0.43043625998336754  0.44077569484957196  0.45127724794013285
  0.46197904996665212  0.47274662473464746  0.48311099268953628  0.49375084908544725
  0.50410811623603868  0.51444739123540906  0.52468065279590337  0.53496235857997321
  0.54566995515959704  0.55658627208790357  0.56756176332422736  0.57815925099731258
  0.58842758624391922  0.59867200690264077  0.60918861802077640  0.61990332053467179
  0.63051502137426374  0.64094147386732248  0.65148283371599403  0.66221545870240539
  0.67311041127401960  0.68381222951722431  0.69409713555508579  0.70430930753932819
  0.71503322269360059  0.72578951508102019  0.73644687863385005  0.74663543110321717
  0.75729976601434612  0.76810168224561826  0.77809906731226175  0.78793532148359879
  0.79786638899711593  0.80809866119565643  0.81809994799455343  0.82816260249991225
  0.83821322910178542  0.84880959909962339  0.85881092455996255  0.86891900212619699
  0.87921116624259743  0.88973353245938758  0.90040344583887610  0.91097752122543485
  0.92173214933401748  0.93227804754854005  0.94257867380775284  0.95285008846227481
  0.96307332987614425  0.97361780563177058  0.98582914113454878  1.00000000000000000
 -0.00200366447018834  0.01303451288913890  0.02531015704621501  0.03640757918174793
  0.04730873077820323  0.05814945675238886  0.06882221602636396  0.07987715200571953
  0.09076943124396473  0.10175879559400504  0.11243385489404799  0.12296332024494934
  0.13341016217563004  0.14376614434503729  0.15402469985941103  0.16439544065240849
  0.17477855119830046  0.18522748997420779  0.19552637195620698  0.20571509921940129
  0.21597985279127865  0.22627897824890622  0.23685798399196933  0.24776810334850244
  0.25877419305623106  0.26971038925401797  0.28045214149417469  0.29115092064558773
  0.30174831475268771  0.31235348042595895  0.32298663254315024  0.33335672207832678
  0.34337169997612177  0.35329913833539006  0.36352471685622595  0.37374789317024121
  0.38396720948519120  0.39408292773002146  0.40413355977429710  0.41408790828320469
  0.42404261396312737  0.43407917309735977  0.44415698817309612  0.45436647690686482
  0.46484158051083924  0.47554151819945634  0.48642068877799943  0.49745888912023289
  0.50841594771080401  0.51929778196790410  0.53018299062671514  0.54108061629296111
  0.55187069743070072  0.56247722151561352  0.57298977152635622  0.58358354739056562
  0.59405949538161951  0.60452045248330410  0.61486257880022510  0.62539115742365714
  0.63598674800624366  0.64627825558225060  0.65621898229970832  0.66615619411737903
  0.67618148950712043  0.68639205314095575  0.69682223204377514  0.70766691129306647
  0.71873070739588119  0.72968640098152360  0.74031571938220031  0.75064419008962524
  0.76070197304688980  0.77077359094601849  0.78111904015877864  0.79144221157249706
  0.80165392763244636  0.81167466548686373  0.82188804047474817  0.83217594262795724
  0.84207652578517778  0.85238733936361022  0.86259899539296425  0.87290586365093525
  0.88312789728845842  0.89362459599492261  0.90448411169864784  0.91529330416308741
  0.92576539710343575  0.93646241072250369  0.94653896389405845  0.95656353122197602
  0.96657414439843004  0.97698889958707047  0.98825774790147469  1.00000000000000000
 -0.00701660279500657  0.00833773858392517  0.02622460597617533  0.04876082982811170
  0.07012207389120292  0.09098572514554130  0.11147305542276312  0.13093566219467845
  0.14961716562241759  0.16772792577711226  0.17481735684299246  0.17898005099570610
  0.18597506380412346  0.19272149249703549  0.19942017898398615  0.20604949710902412
  0.21265637456238820  0.21943084557077328  0.22630144726683379  0.23325529595614161
  0.24026410677203242  0.24732065952576571  0.25447760892449811  0.26171624199793919
  0.26898799533165291  0.27635661807198891  0.28382014904993519  0.29138915847234670
  0.29906261824210045  0.30687294057298231  0.31472988007971242  0.32264844502314893
  0.33061356366533556  0.33868085070758186  0.34685417858093837  0.35511787392172572
  0.36343636448237593  0.37177608028171460  0.38023008075818110  0.38883251162633348
  0.39752400261217385  0.40622028837514779  0.41496021014131440  0.42377567449419729
  0.43267095917734993  0.44167808661367741  0.45078652603977809  0.46000376190697717
  0.46928268102619741  0.47862774800738744  0.48803805889865148  0.49754531721626638
  0.50712571598068457  0.51679422573757305  0.52654018000889879  0.53638956776290625
  0.54634562919739715  0.55643684264259452  0.56660985329099012  0.57681609688415136
  0.58703357700964265  0.59739525788893100  0.60787464233994648  0.61860788867161431
  0.62938734996623957  0.64020662804274409  0.65102237704674581  0.66187277655401755
  0.67281076384369587  0.68385007395725472  0.69493964264638131  0.70606531900793479
  0.71721822731955853  0.72848073502418076  0.73992411500098099  0.75150083930155964
  0.76315197103961263  0.77483910763018615  0.78654437459406845  0.79824753295089312
  0.80997121233639580  0.82176929232627594  0.83371154988081664  0.84584524782680859
  0.85813866043667641  0.87052283618665782  0.88297626512918237  0.89551327002958458
  0.90813740430167533  0.92088540876680958  0.93372722352238791  0.94667134846208989
  0.95976262176577909  0.97304841570849787  0.98646544622786136  1.00000000000000000
 -0.00252946065314340  0.00944392041532647  0.01941385561693292  0.02982049342346097
  0.04018070649481199  0.05079136328877715  0.06146998215124415  0.07181395403116841
  0.08227223680503142  0.09260653627816240  0.10331760119942095  0.11380342227512608
  0.12423235264363494  0.13458981013797211  0.14516828842346183  0.15590439257426172
  0.16653448688964878  0.17717495295838606  0.18780601196634109  0.19861139459441737
  0.20957627377460458  0.22068381655032610  0.23166997100155520  0.24273475820893517
  0.25381478845992117  0.26492107996232805  0.27599949428523141  0.28723539555084071
  0.29861003883715731  0.30984190581282195  0.32065518347047012  0.33130838536343021
  0.34183145123231740  0.35214322692546468  0.36209016280779904  0.37201020093056880
  0.38222766643832046  0.39272485845574406  0.40301860206705276  0.41296068700557381
  0.42300174268075519  0.43337109310815425  0.44371768533079270  0.45372650595101283
  0.46371088184865966  0.47378442309554375  0.48381025113355702  0.49385219997113100
  0.50405352751492016  0.51475945896264241  0.52543177810846486  0.53595742947741953
  0.54656451002561190  0.55734454803969891  0.56860338962029355  0.57971582847332270
  0.59016677885871283  0.60029114365791525  0.61054606128972466  0.62104456387337659
  0.63159770153421602  0.64212996048696569  0.65288717684471453  0.66362398929748723
  0.67421834487731214  0.68474262566630173  0.69552201885588560  0.70636413646309515
  0.71718451672151817  0.72801319882395699  0.73884910557652850  0.74955175198268764
  0.76006203049758214  0.77068543850966431  0.78168417338538621  0.79270067951119616
  0.80335475180118432  0.81374205375235220  0.82409011480709971  0.83462865797575914
  0.84524688419874883  0.85572785703400356  0.86609212288520199  0.87654780618455619
  0.88701574487602508  0.89760653981431526  0.90812237317282174  0.91858083309391458
  0.92900705399140759  0.93955834123952031  0.95026207456719314  0.96085836468058039
  0.97081687175027886  0.98068000822805279  0.99034125641728388  1.00000000000000000
 -0.00273537971180755  0.01078329637943387  0.02219647135032522  0.03422278095716558
  0.04590794021018735  0.05737107904752772  0.06875778655998252  0.08020579508162878
  0.09159598905544465  0.10231749196146504  0.11273025947274318  0.12325317356799530
  0.13426772413194243  0.14557925882250733  0.15702423719998485  0.16852897445604664
  0.17995811729686806  0.19136423069216429  0.20284326206105130  0.21435655497596307
  0.22574069418934573  0.23696532378968113  0.24807180735803969  0.25930688738572943
  0.27066765183894248  0.28189619336720217  0.29272846542954883  0.30337402746945463
  0.31412300757129991  0.32499705445657778  0.33576893801475166  0.34618180848024982
  0.35645656602379805  0.36661201900595353  0.37664303689254386  0.38663394796684547
  0.39677491623728467  0.40730300334789293  0.41809012809585394  0.42891731268677258
  0.43977545057461870  0.45067313476610016  0.46171395702632134  0.47297012857805215
  0.48435870839301282  0.49572132508170624  0.50691887781328537  0.51796845266990243
  0.52894666066500728  0.53980062848722810  0.55048801887402232  0.56121622582964736
  0.57198076771898032  0.58286823470037630  0.59361638658880822  0.60430816312818314
  0.61505881721027622  0.62580285393018664  0.63614972782586499  0.64644184359528645
  0.65664065808774219  0.66690543088935028  0.67732050479259853  0.68784432283595132
  0.69814680734437995  0.70830215839574495  0.71806571526788199  0.72778352966866033
  0.73737428900335367  0.74683773519920160  0.75622960922913707  0.76572019700839489
  0.77536559772677671  0.78537087478873335  0.79550097739547265  0.80577617663223078
  0.81624810896828226  0.82641346343968036  0.83619137878971483  0.84585018911681087
  0.85570310310642661  0.86559699765856046  0.87518495656869333  0.88447582991826790
  0.89387571495630946  0.90358002479018329  0.91317190693873274  0.92275997164176060
  0.93275106410550468  0.94253667381939810  0.95231112358837833  0.96163271418211205
  0.97116409727595043  0.98071591615609799  0.99033347253064685  1.00000000000000000
 -0.00218859305789343  0.00825790035709204  0.01698003745398301  0.02670343792214044
  0.03664581219601794  0.04646534666080232  0.05626737109792049  0.06630010997045992
  0.07705492764806640  0.08772887715241413  0.09814765867619930  0.10853147480810121
  0.11900817725593639  0.12985210841353298  0.14056285948527561  0.15121772024967906
  0.16163145524235620  0.17228210641626143  0.18316642924345664  0.19426008088348615
  0.20541634137334128  0.21660711819445266  0.22757237433217226  0.23861310312239112
  0.24967708934736177  0.26077900782153829  0.27154394313770996  0.28230074040394298
  0.29286153466836812  0.30335839690664290  0.31382742211610620  0.32446111856738707
  0.33515626153201883  0.34553127079662149  0.35594039446252068  0.36631200313211359
  0.37677552747115955  0.38722679377322344  0.39739584535554057  0.40748115317550754
  0.41760269292070057  0.42782676807729531  0.43803975814332707  0.44822069936077341
  0.45881331010363985  0.46989994815153668  0.48105019530464405  0.49177254997391012
  0.50223685600779044  0.51244391076026174  0.52266351799909994  0.53284224890615595
  0.54317593511941420  0.55398010016354882  0.56491582669980955  0.57608521571997462
  0.58683633180771222  0.59738297070200985  0.60755076455969925  0.61806029055401646
  0.62864762360009985  0.63933954081212097  0.64987397214023312  0.66057391923923614
  0.67123632894628482  0.68155451790732247  0.69219968213562943  0.70272094542241748
  0.71290973333515506  0.72302452586075172  0.73323238125290757  0.74407318230591646
  0.75493033215352923  0.76601691531287874  0.77686025777227874  0.78744924512516790
  0.79777678739937097  0.80827381603288473  0.81901097265730638  0.82985678739612567
  0.84059910914599356  0.85155570383925472  0.86283885450938846  0.87408229590810604
  0.88505352024648631  0.89585995901861815  0.90638337972043559  0.91698984967427000
  0.92694580256871506  0.93732525055556315  0.94764251563651292  0.95810362408002481
  0.96837349890088220  0.97888354353663498  0.98943807255826000  1.00000000000000000
 -0.00201868541966572  0.00689078669864831  0.01506658138445443  0.02328254797954957
  0.03166953436662247  0.04006207089532913  0.04856826753744710  0.05723638396653122
  0.06603344877248093  0.07480858012389151  0.08348343293303241  0.09214217916149606
  0.10081531412595265  0.10969688126035915  0.11872446506584546  0.12773308246325146
  0.13662262398032377  0.14540883592434389  0.15422300268241459  0.16314089372636098
  0.17180913246437582  0.18044496348581945  0.18916750905431881  0.19805945617699469
  0.20697495246130820  0.21556110681889654  0.22410685538835995  0.23280821870246646
  0.24166997614961302  0.25059868287010545  0.25949751336385335  0.26862059751706230
  0.27802162626140903  0.28741660613372100  0.29671971628612331  0.30617000446253273
  0.31595711402637333  0.32578593775396886  0.33540029187054793  0.34479694410439043
  0.35405554144760421  0.36315439433557706  0.37222556242387600  0.38144676241335457
  0.39064381691460104  0.40002111645041105  0.40953168253510897  0.41940596910594458
  0.42966909416775911  0.43979951783569365  0.44982993070858435  0.46016067392625304
  0.47076906819047476  0.48148766412111199  0.49223332843652956  0.50306466024144270
  0.51404678716782903  0.52502282296644520  0.53632939581998429  0.54781268132869188
  0.55953411629366379  0.57122569768957110  0.58286255448676949  0.59412567790555804
  0.60549065018127857  0.61722457255492813  0.62896061562624417  0.64046084059912101
  0.65173531765863635  0.66336190481061696  0.67530432897547910  0.68759597412254303
  0.70011965029483969  0.71243715648147832  0.72482558460259683  0.73731957213361754
  0.74990411322550543  0.76260705511017302  0.77540794764064769  0.78829740630701595
  0.80111393656679730  0.81388821068588868  0.82624731937997486  0.83889820400877135
  0.85178648398237189  0.86503373441487996  0.87808969207751353  0.89136146010509887
  0.90489302765793489  0.91862373764901517  0.93253666098803722  0.94612800320428048
  0.95915189652255217  0.97207176338394063  0.98552449632680938  1.00000000000000000
 -0.00246020776806295  0.00945166779155896  0.01982582152082586  0.03066689444807430
  0.04191742379358036  0.05298597673132301  0.06380869699992150  0.07431627312788970
  0.08499996587403669  0.09584328063024103  0.10648089303780592  0.11707416855259772
  0.12734061901762384  0.13752841973884250  0.14785994523909793  0.15863146786213708
  0.16937818991516956  0.17940870015291363  0.18937161108674239  0.19982904856869976
  0.21033877889925690  0.22075888076292566  0.23104020880386655  0.24153883446572091
  0.25179796399723642  0.26205409784602807  0.27256707331811603  0.28349403273014206
  0.29423582830400047  0.30476206002496659  0.31538011303905039  0.32627066764783641
  0.33724142521103567  0.34786857587130071  0.35825512620817118  0.36840892491727223
  0.37895198367600180  0.38974911039422167  0.40033180734968843  0.41065603526179645
  0.42124882570893729  0.43222564926659079  0.44306260894860594  0.45375753272586616
  0.46410261409695414  0.47442024590526422  0.48431591358356108  0.49436894043307311
  0.50456397690167132  0.51472795486769340  0.52512741235815197  0.53560028948357430
  0.54642056302342090  0.55710080534243456  0.56784689620949957  0.57833939637330267
  0.58907755279014029  0.59929157628609608  0.61006348799690635  0.62080662780113627
  0.63160117811429140  0.64224134593662241  0.65294832273120840  0.66362579684916545
  0.67409296902492866  0.68446667767668701  0.69506969599461343  0.70559495286008378
  0.71585938118485271  0.72593888710873877  0.73624882537718928  0.74680609917270879
  0.75745507623813568  0.76784853002840281  0.77836116089788665  0.78870675333947771
  0.79933565483488023  0.81007944050244240  0.82136700704454668  0.83246836831883253
  0.84354585320249953  0.85448065690949182  0.86509619655176118  0.87536205998044403
  0.88547394652680411  0.89550896679927749  0.90589794342856567  0.91623678440779333
  0.92668526708356080  0.93695230865761758  0.94731837753403414  0.95783737632087929
  0.96843295493588488  0.97883388718584852  0.98934023723784359  1.00000000000000000
   2.9299553910773565E-006  -1.0000000000000000     
 T T T T T T T T T T T T T T T T T T T T T T T T T T T T T T T T T T T T F F F F F F F F F F F F F F F F F F F F F F F F F F F F F F F F F F F F F F F F F F F F F F F F F F F F F F F F F F F F F F F F F F F F F F F F T T T T T T T T T T T T T T T T T T T T T T T T T T T T T T T T T T T T F F F F F F F F F F F F F F F F F F F F F F F F F F F F F F F F F F F F F F F F F F F F F F F F F F F F F F F F F F F F F F F F F F F F F F F F F F F F F F F F F F F F F F F F F F F F F F F F F F F F F F F F F F F F F F F F F F F F F F F F F F F F F F F F F F F F F F F F F F F F F F F F
  <DiscreteSampler_grid>
  grouped_processes
  1 # 1 for a reference and 2 for a running grid.
  10 # Attribute 'min_bin_probing_points' of the grid.
  1 # Attribute 'grid_mode' of the grid. 1=='default',2=='initialization'
  0.0000000000000000 # Attribute 'small_contrib_threshold' of the grid.
  0.5000000000000000 # Attribute 'damping_power' of the grid.
 # binID   n_entries weight   weight_sqr   abs_weight
    10   10   1.117079145389081E+005   2.744955007908375E+010   1.117079145389081E+005
  </DiscreteSampler_grid>
