 -0.00377527067864503  0.00892334953463623  0.02225721093135154  0.03651046103032587
  0.05099819593563477  0.06498248309179241  0.07707850057891140  0.08897363093375996
  0.10085726284342340  0.11293993880056112  0.12462185275880172  0.13696969801516343
  0.15064160852745351  0.16419045103177571  0.17778126963476282  0.19153307906331821
  0.20530267800376290  0.21907634204317647  0.23284409157423727  0.24656974953676111
  0.26024713752488210  0.27380796071907076  0.28734271903085490  0.30086256298995268
  0.31436462014149952  0.32792025500731176  0.34151353518529981  0.35513803041917180
  0.36880297191090372  0.38249167273119283  0.39606152126283423  0.40954728881851710
  0.42296165566805149  0.43626857938859848  0.44960622137682138  0.46298241969336357
  0.47631770921214617  0.48969188060713820  0.50313994703264087  0.51651525334323800
  0.52990201504264267  0.54333242981052277  0.55672816866085784  0.57015907200309024
  0.58369354270568852  0.59726144275897097  0.61079650961343668  0.62421442448340791
  0.63760102839641553  0.65092344795705304  0.66409286284946289  0.67748805871205720
  0.69096027947573624  0.70441652958031320  0.71791583232074074  0.73146091412601555
  0.74515276528479768  0.75881858926951429  0.77245964069678963  0.78600909936614238
  0.79954733183148041  0.81307618661513004  0.82675966872202034  0.84047969909244025
  0.85424146758156150  0.86811711287478655  0.88199881668030122  0.89587849175232315
  0.90974144097597942  0.92359290400940142  0.93742779959263056  0.95124314045273184
  0.96534270893629737  0.98008007704033084  0.99040354195316238  0.99367865421321777
  0.99370955178685716  0.99381801433625938  0.99416518690102651  0.99450590589688137
  0.99484447863382586  0.99518631898066490  0.99552721715569015  0.99587142427545150
  0.99621638464760109  0.99656590545951340  0.99690736336448971  0.99724829422978611
  0.99759431829363898  0.99793881616049263  0.99828077173453544  0.99862668508576213
  0.99897183833930914  0.99931393508325761  0.99965642808652155  1.00000000000000000
 -0.00477563851928369  0.01346512592981169  0.02983511605918587  0.04516186817582345
  0.06104638127728666  0.07830975670704535  0.08881583132043458  0.09735763073732490
  0.10696596962349236  0.11662189984718836  0.12662248273855284  0.13605243951900328
  0.14482712748935292  0.15992471048811821  0.17616324834444796  0.19259392014367913
  0.20978690982864129  0.22526111377819230  0.23551584723683686  0.24475067552819238
  0.25424408975019680  0.26375123406989143  0.27256819672847316  0.27976331872951554
  0.28743684435544009  0.29460730137961672  0.30097763934997224  0.30745199407732954
  0.31489596401819087  0.32232177544501051  0.32930918947320309  0.33635321497898185
  0.34329319978741779  0.35004430145515553  0.35724403740662153  0.36499736119812504
  0.37235371454003174  0.37986843413715649  0.38748787375270893  0.39534264822579818
  0.40917586503231590  0.42496902543713999  0.44030561551292463  0.45399569525201450
  0.46507689055017559  0.47348709259812477  0.48282923826431340  0.49214308868303874
  0.50165897367025436  0.51106922459349702  0.52102188224899471  0.53259854829697439
  0.54567208974864256  0.55320052875642667  0.56159147120506192  0.57015052814154410
  0.57900221091526538  0.58792566514977707  0.59650535006014671  0.60656496934828774
  0.62078566946328673  0.63793920892694378  0.65022953257380545  0.66028478325591911
  0.67046686951539891  0.68033228216664732  0.69004748519251580  0.69930369924233904
  0.71112951128512514  0.72639407726379435  0.74319252159884386  0.75973969869804858
  0.77507295235500773  0.79111656839837630  0.80604577561291268  0.81691894201910109
  0.82487057555654753  0.83335198291777035  0.84148035412717637  0.84989544793064320
  0.85750219445362597  0.86430041328466600  0.87087942963171860  0.87788678192932890
  0.88580771487824905  0.89390174257377719  0.90158776053018208  0.90917562520580875
  0.91622590062976283  0.92482759956431226  0.93373015492328315  0.94254343704621601
  0.95106000878783392  0.96212016850484883  0.97817898009388471  1.00000000000000000
   1.7247837063111745E-006  -1.0000000000000000     
 T T T T F F F F F F F F T T T T F F F F F F F F F F F F F F F F
  <DiscreteSampler_grid>
  grouped_processes
  1 # 1 for a reference and 2 for a running grid.
  10 # Attribute 'min_bin_probing_points' of the grid.
  1 # Attribute 'grid_mode' of the grid. 1=='default',2=='initialization'
  0.0000000000000000 # Attribute 'small_contrib_threshold' of the grid.
  0.5000000000000000 # Attribute 'damping_power' of the grid.
 # binID   n_entries weight   weight_sqr   abs_weight
    10   10   2.008635883101772E+007   4.034618348063136E+014   2.008635883101772E+007
  </DiscreteSampler_grid>
