 -0.00535994737879326  0.00327256167142202  0.01579159336990741  0.03375353005884606
  0.05172705107457691  0.06926063696785197  0.08532265320758906  0.09955449669319870
  0.11307872930485101  0.12684443897930717  0.14033941680307316  0.15411906141930118
  0.16872382338858924  0.18495373848390967  0.20164171987366009  0.21813110951669637
  0.23460998897759985  0.25108060810787175  0.26736887896527745  0.28362576985353538
  0.29983768607885314  0.31601840650636936  0.33218490393737465  0.34835292952758429
  0.36447961284641733  0.38054352158523636  0.39662143832752417  0.41270794187824617
  0.42883323057919676  0.44501176640923895  0.46125638461510965  0.47743502449588010
  0.49351512925301771  0.50924089015468255  0.52490308062354707  0.54051422056988097
  0.55622311681167291  0.57186650970272723  0.58730564381117600  0.60270250953527038
  0.61807466694566537  0.63336494637271068  0.64859842754140873  0.66374241711435455
  0.67891312369320089  0.69408921321207984  0.70923359550850706  0.72442669366238166
  0.73967590450055920  0.75510893028480386  0.77056860453777931  0.78594705467030490
  0.80130261951703585  0.81663600083286136  0.83188953564183332  0.84713272418796004
  0.86239468104576911  0.87775625049062422  0.89321287459765164  0.91003035677168032
  0.92721004169148336  0.94494867999036758  0.96020736259233597  0.97160755186623360
  0.97368721059687535  0.97509706369114035  0.97522933084740926  0.97568720824998101
  0.97654649384817160  0.97741263009022183  0.97827675484332632  0.97913302419777237
  0.97999203639511556  0.98085252115363375  0.98172888468944963  0.98259548142640474
  0.98345416792622642  0.98432276957608533  0.98519154179909973  0.98606435873679110
  0.98694446026503779  0.98781714239100438  0.98868178081675118  0.98955283815941875
  0.99042842554551414  0.99129492426579224  0.99215672133233912  0.99302274250567457
  0.99390065080790102  0.99477747799046357  0.99564385150194312  0.99651538896800795
  0.99738142842726951  0.99824711861917503  0.99912087218242229  1.00000000000000000
 -0.00198574554171889  0.00934332212939138  0.01751698442204307  0.02566968961118231
  0.03383070404463220  0.04236282245847120  0.05219395523188525  0.06260321629871690
  0.07283971257282375  0.08294656538046785  0.09328872832635357  0.10379615384795574
  0.11388593881552722  0.12433907485504478  0.13806131088249868  0.15323163814179647
  0.16817032321531422  0.18281214581975608  0.19759670545789246  0.21024108086863735
  0.21825914401798216  0.22749623224712726  0.23585812855376967  0.24395685221153882
  0.25263484051618973  0.26112549548746761  0.26915438502871730  0.27774958260534849
  0.28687086434009101  0.29609320617135254  0.30549947221793322  0.31548568550291622
  0.32619858650191408  0.33679478759718262  0.34691178979059500  0.35683522869806994
  0.36688331316567840  0.37709644145367710  0.38721720496451939  0.39749659167964779
  0.40753244336073585  0.41811304895132301  0.43314470572232744  0.44932972646119773
  0.46204313805168823  0.47229476427523881  0.48205229885056156  0.49234254320200221
  0.50346645357363795  0.51332524778722144  0.52566509070004275  0.53870263156072140
  0.54952245056387783  0.55955771426132528  0.56921213778568247  0.57944776965834144
  0.58911995369990400  0.59915278304872799  0.60900714018195290  0.61876345680062006
  0.62839680797504738  0.63824316890200039  0.64824563273407376  0.65913128122140385
  0.66996213044670094  0.68558742279915896  0.70009966231098963  0.71266485805406277
  0.72305150207191615  0.73257662932385192  0.74149291654242577  0.75060723754607817
  0.75948652139346151  0.76862672495591777  0.77815371439981862  0.78847290091718214
  0.80059102849912112  0.81487887847116580  0.82987621575667148  0.84510368245646628
  0.86071912292246822  0.87662464493678127  0.88525477379649720  0.89587375949371451
  0.90737444875688378  0.91834249473986562  0.92573898005042521  0.93388276606872522
  0.94186166804081495  0.94989620999443847  0.95800867809763735  0.96614462492273678
  0.97414582402268546  0.98244024002308317  0.99112707379296738  1.00000000000000000
   3.6668256947377140E-006  -1.0000000000000000     
 T T T T F F F F F F F F T T T T F F F F F F F F F F F F F F F F
  <DiscreteSampler_grid>
  grouped_processes
  1 # 1 for a reference and 2 for a running grid.
  10 # Attribute 'min_bin_probing_points' of the grid.
  1 # Attribute 'grid_mode' of the grid. 1=='default',2=='initialization'
  0.0000000000000000 # Attribute 'small_contrib_threshold' of the grid.
  0.5000000000000000 # Attribute 'damping_power' of the grid.
 # binID   n_entries weight   weight_sqr   abs_weight
    10   10   2.506402528000271E+007   6.282070419584535E+014   2.506402528000271E+007
  </DiscreteSampler_grid>
