 -0.00625081221445523  0.01848446835768866  0.04517898014715124  0.07432894656515709
  0.10354028331170348  0.13219959988853419  0.15978639199383474  0.18729763267377861
  0.21484032853580542  0.24253385846944037  0.27105116640954069  0.29991386626878036
  0.32836163531610668  0.35626428408393646  0.38359370822003586  0.41010833606557945
  0.43653985823615382  0.46320767152329101  0.48852431938767704  0.51265715202779638
  0.53663114491090058  0.56044540947528299  0.58370336021249192  0.60610700514987137
  0.62757031571743027  0.64887845955379486  0.67012989867399986  0.69080776690789736
  0.71166507646539945  0.73355398616529199  0.75536519304561478  0.77697822725687293
  0.79880651057665397  0.82103507292100486  0.82799781377680426  0.82822724563862427
  0.82915087576458668  0.83109234857480596  0.83430683791147808  0.83739410588004082
  0.84044995417554669  0.84348299150244299  0.84651596987551569  0.84955744865604954
  0.85259382668790606  0.85560869605053813  0.85860578843631308  0.86161485077943156
  0.86461922184894680  0.86762465978858305  0.87063094552932807  0.87361181728377058
  0.87657424328570899  0.87954571512844859  0.88249827968315864  0.88544028391184015
  0.88839967854623736  0.89134283104179535  0.89429497656135015  0.89727064440659288
  0.90021481620269483  0.90312004586337957  0.90601004270641272  0.90888811235284550
  0.91177961879109037  0.91469001870917521  0.91761651086361984  0.92055736944160760
  0.92345468713432843  0.92632926364213874  0.92922042911161373  0.93212218869147867
  0.93501672337659214  0.93791067458399568  0.94082140240731948  0.94371689112478541
  0.94657295512360762  0.94941224965427684  0.95226569951751716  0.95513142885865898
  0.95798798621274772  0.96086124107912818  0.96371393940348049  0.96653312710681338
  0.96931899773130636  0.97213428367252752  0.97496593176678548  0.97777209242723373
  0.98054032970507765  0.98333033355667276  0.98613089825803935  0.98893057880075186
  0.99170873681750127  0.99446208073512976  0.99721124001158579  1.00000000000000000
 -0.00214751790576823  0.00878366136636793  0.01866503455398626  0.02935525401348118
  0.04213012751805043  0.05626363324853292  0.06858982035579549  0.07945953920724430
  0.09015625031053355  0.10029375089674279  0.11025120603805579  0.12021127626622079
  0.13439183808579874  0.14798999261871643  0.15828310617183680  0.16787986821634929
  0.17691000882321170  0.18592409350276637  0.19460592367941165  0.20365483978078225
  0.21218001374489351  0.22043728846881000  0.22908540504635927  0.23848228919247103
  0.24812840113815066  0.25737298845656459  0.26623270125893156  0.27460507800963641
  0.28260265461924350  0.29109282288266208  0.30018742195264503  0.30890151482342310
  0.31733410122671657  0.32619658542816704  0.33768592788180019  0.35202124511619304
  0.36708920419136021  0.38017784423771572  0.39256526024410210  0.40295354361341590
  0.41223591422178923  0.42171871753261819  0.43171837745293562  0.44177953622498201
  0.45225355941174378  0.46413764988961270  0.47815841884117721  0.49237742004700757
  0.50636263395985159  0.51977031336676516  0.53291345796997036  0.54578496126956366
  0.55780319613967810  0.56915774490469828  0.57967840922490588  0.58871465125346734
  0.59764196061245223  0.60790728891537227  0.61889931336290283  0.62860720833561889
  0.63718967400554571  0.64708294987035053  0.65880783758374240  0.66979055864996628
  0.67943626206228092  0.68944140348652649  0.70011734868410058  0.71011276377927079
  0.71927986791894771  0.72824938733639355  0.73742921686831164  0.74680188507983902
  0.75629080927794867  0.76633572549775120  0.77668343431070985  0.78761548572655171
  0.79896922856694019  0.81108001020915321  0.82344474276546820  0.83437952764793089
  0.84459846117704240  0.85442983245806947  0.86375223354636022  0.87277814534438214
  0.88187297586733715  0.89042957847213777  0.89899784176814967  0.91126005654258369
  0.92327339158470301  0.93639257619333494  0.95100682798000558  0.96357681219791180
  0.97353396684636939  0.98272275564611733  0.99154088946631247  1.00000000000000000
   1.0856570865022927E-006  -1.0000000000000000     
 T T T T F F F F F F F F T T T T F F F F F F F F F F F F F F F F
  <DiscreteSampler_grid>
  grouped_processes
  1 # 1 for a reference and 2 for a running grid.
  10 # Attribute 'min_bin_probing_points' of the grid.
  1 # Attribute 'grid_mode' of the grid. 1=='default',2=='initialization'
  0.0000000000000000 # Attribute 'small_contrib_threshold' of the grid.
  0.5000000000000000 # Attribute 'damping_power' of the grid.
 # binID   n_entries weight   weight_sqr   abs_weight
    10   10   1.268824739817885E+006   1.621460980709938E+012   1.268824739817885E+006
  </DiscreteSampler_grid>
