 -0.01093571174606174 -0.00195376145584842  0.01447929695968935  0.04887278330777695
  0.08408060555109428  0.11983665160593124  0.14866993629637038  0.17701484563551242
  0.20496641631119270  0.23250573882573428  0.26050079615272348  0.28994658769672055
  0.31918006111833652  0.34829535574236431  0.37670411117279873  0.40444481648059449
  0.43094025097630501  0.45732729556058394  0.48366099798226575  0.50890100292017737
  0.53374903721620948  0.55758389873195213  0.58126534616468717  0.60482679568964814
  0.62793311808130281  0.65094427386522435  0.67387413626191539  0.69673144517787478
  0.71934449314742999  0.74192681169118846  0.76445793229959080  0.78172958202669385
  0.79566578922939013  0.81166528651063752  0.82337553337702452  0.82846695643972490
  0.82911779965369203  0.83083954909181534  0.83393190376056081  0.83708642933136712
  0.84022671742182453  0.84333296120209900  0.84640846143564819  0.84941359824160279
  0.85239591921912761  0.85538299983936428  0.85838074379904850  0.86141835385503551
  0.86445388641318655  0.86744347644584441  0.87042337295798322  0.87343178352924722
  0.87644067963853056  0.87939783460396170  0.88234308214987867  0.88529613571288324
  0.88824773519570466  0.89120770768622470  0.89414515382866355  0.89704756871062941
  0.89995091000898209  0.90287181643440917  0.90582242659939305  0.90879039858244703
  0.91173870335794704  0.91464517828885616  0.91752980035010889  0.92041324352510678
  0.92332294391547232  0.92624317410049239  0.92915334001239824  0.93209868166958987
  0.93506330703225593  0.93799832524166693  0.94090391258731476  0.94381083362509222
  0.94667503448029522  0.94948807004244107  0.95229856242539423  0.95512999255484266
  0.95799015500173113  0.96083340444087462  0.96365506217283070  0.96644855024489218
  0.96921649517621167  0.97197174436578204  0.97475987136606790  0.97759488929426397
  0.98042819756564248  0.98323239631508064  0.98600090319433586  0.98879843095741904
  0.99162006595801266  0.99444936587353405  0.99724060576032825  1.00000000000000000
 -0.00278490047450671  0.01199078413261309  0.02350563236191290  0.03452219360696290
  0.04583174005596902  0.05744603260638063  0.06957670038545226  0.08129991226221450
  0.09260076132621453  0.10386026823239126  0.11552579314930239  0.12784762381477832
  0.14021889447411467  0.15158463302418143  0.16234571962117800  0.17268327996781035
  0.18191177942767886  0.19116600948783929  0.20054485126643479  0.20971686273046133
  0.21874452698906482  0.22762357146065107  0.23639012708590046  0.24515177858078663
  0.25338113659205147  0.26212742693533697  0.27059097113016178  0.27966839480744465
  0.28904728110799993  0.30131754130593102  0.31250129063538296  0.32050542975666652
  0.32835533199781913  0.33611062928336799  0.34366908104505273  0.35133404604361951
  0.35939095783735053  0.36756098877410476  0.37601435960040941  0.38514063171388635
  0.39478497016594477  0.40523262365816864  0.41608711763684325  0.42710057494956644
  0.43849623887543021  0.45039406301893026  0.46279544923843846  0.47554108100140674
  0.48784499288660416  0.50026338072093668  0.51242035568968125  0.52519296670941695
  0.53832801826567866  0.55191270029592854  0.56585809572015888  0.58002642030287721
  0.59335383667557762  0.60516225683979796  0.61629881556561206  0.62803621635244655
  0.64005480078757526  0.65256211401202646  0.66479173586643492  0.67660794186888973
  0.68885783320107363  0.70131892769163007  0.71388207555255179  0.72648901391656440
  0.73873435923194763  0.74997247271765455  0.76065700092857158  0.77046658026785997
  0.77867469466057004  0.78788968248770208  0.79751558873181960  0.80697305066970471
  0.81655767083058617  0.82583748962243120  0.83642618061898677  0.84846828423156873
  0.86039237886198761  0.87190339710246034  0.88395638471842908  0.89592447599116409
  0.90576442097308951  0.91560902826330337  0.92438698301312550  0.93177678599227487
  0.93861999186163758  0.94560653641136050  0.95385524925558918  0.96354224792326304
  0.97298892137596704  0.98190173624212085  0.99080230783305079  1.00000000000000000
   1.1144559792905320E-006  -1.0000000000000000     
 T T T T F F F F F F F F T T T T F F F F F F F F F F F F F F F F
  <DiscreteSampler_grid>
  grouped_processes
  1 # 1 for a reference and 2 for a running grid.
  10 # Attribute 'min_bin_probing_points' of the grid.
  1 # Attribute 'grid_mode' of the grid. 1=='default',2=='initialization'
  0.0000000000000000 # Attribute 'small_contrib_threshold' of the grid.
  0.5000000000000000 # Attribute 'damping_power' of the grid.
 # binID   n_entries weight   weight_sqr   abs_weight
    10   10   1.309827627375443E+006   1.727418685220054E+012   1.309827627375443E+006
  </DiscreteSampler_grid>
