 -0.00609837306146385  0.01514783632499848  0.03397522810835081  0.05288714862264286
  0.07133589340944818  0.08950692180010131  0.10448070167485310  0.11965438365697777
  0.13510988874003754  0.15027869567363611  0.16592021639638116  0.18250003876697674
  0.19923381265608373  0.21601166320484796  0.23277075503401906  0.24940680102728083
  0.26592668258939722  0.28238038556478817  0.29880225137119765  0.31516355346068003
  0.33148258095962718  0.34778048377121612  0.36408037976061064  0.38043136026033070
  0.39685121417952085  0.41315673116488727  0.42936777342481047  0.44531903260204830
  0.46120059562294891  0.47703316343774599  0.49282038144529050  0.50865633468454574
  0.52460695572717064  0.54052374796938019  0.55642441097266870  0.57237684321560189
  0.58822986718297154  0.60391681276945164  0.61960218637158915  0.63528497429308128
  0.65094408320715158  0.66657816185215868  0.68217858108618545  0.69770900651260304
  0.71322581247201133  0.72878719848516116  0.74417583414574495  0.75937306201573618
  0.77425605287446553  0.78906572693321764  0.80383718949909155  0.81861854350755703
  0.83340876887972837  0.84867988908220315  0.86398779466563125  0.87913252010687126
  0.89440530354997350  0.90981054820905483  0.92308484787480771  0.93596706879360769
  0.94910890712621065  0.96150162848779064  0.96896526155796525  0.96902094031319752
  0.96921882976121243  0.96987719858480970  0.97087944720323616  0.97188110484296963
  0.97288670744510553  0.97388833982181244  0.97488712212185669  0.97588625803607043
  0.97688731750792512  0.97788901327396360  0.97889454708889923  0.97990493412120305
  0.98091584976418000  0.98192159733834639  0.98292192459939021  0.98392255202140533
  0.98492625077142104  0.98591978409804837  0.98692227669620214  0.98793348523335134
  0.98894123783220811  0.98994632253308390  0.99094286590286873  0.99194912052537310
  0.99296094529183587  0.99397116753718739  0.99497694769767575  0.99598434103972167
  0.99699492543910972  0.99799771788186131  0.99900106259434795  1.00000000000000000
 -0.00415980142147826  0.01237611976985334  0.02556381584194397  0.03646201875393911
  0.04706675567519522  0.05841754541954758  0.06934215092971700  0.07962873820919784
  0.09010665021441321  0.10117728949273491  0.11303833941413957  0.12597488256085004
  0.14013981630258895  0.15322373232434933  0.16188626604901724  0.17147553030175780
  0.18077050024361552  0.19035634105794297  0.19942965170419508  0.21092237078601717
  0.22496590505213326  0.23706121539737099  0.24783695359665248  0.25860500499314232
  0.26956557568850736  0.28010137348599684  0.29112314537942946  0.30166308513791235
  0.31266744722163875  0.32400964091607798  0.33475583090106920  0.34462277259190721
  0.35512920905306283  0.36825823150447201  0.38352898869362606  0.39916682851494711
  0.41307249956481856  0.42306643576100383  0.43118560086766378  0.44049671275231478
  0.44903451607534156  0.45724183780104305  0.46591235256116531  0.47469144878074787
  0.48559185107196839  0.49771871026157999  0.50913254509920025  0.51984314021201850
  0.53099534249693592  0.54205129364279325  0.55183433095738932  0.56180316940974007
  0.57078267711696262  0.58054312459381541  0.58889951705256960  0.59762436659435181
  0.60655148478060461  0.61616328689453570  0.62644041489176616  0.63745138025925829
  0.64796819802377703  0.65780441724924366  0.66776069675361804  0.67840059286423482
  0.68876543757332609  0.70015885470687633  0.71206125227058548  0.72374670886134185
  0.73454751869457613  0.74466170813533705  0.75496544712115943  0.76609660762322196
  0.77782626235541441  0.78916470119665894  0.79971503777222797  0.81016028744382373
  0.82065402136056320  0.83099993907883951  0.84048417216115823  0.84926370638272919
  0.85837520314907312  0.86775903068285687  0.87710685797604837  0.88686473251739739
  0.89686775258038953  0.90711691526866012  0.91687747936612018  0.92623423127538917
  0.93582130356723148  0.94533195671897574  0.95446355269917593  0.96355781306390742
  0.97250090960393409  0.98167501319421324  0.99080443483566205  1.00000000000000000
   4.0858617362998101E-006  -1.0000000000000000     
 T T T T F F F F F F F F T T T T F F F F F F F F F F F F F F F F
  <DiscreteSampler_grid>
  grouped_processes
  1 # 1 for a reference and 2 for a running grid.
  10 # Attribute 'min_bin_probing_points' of the grid.
  1 # Attribute 'grid_mode' of the grid. 1=='default',2=='initialization'
  0.0000000000000000 # Attribute 'small_contrib_threshold' of the grid.
  0.5000000000000000 # Attribute 'damping_power' of the grid.
 # binID   n_entries weight   weight_sqr   abs_weight
    10   10   2.534034168977892E+007   6.421366798326810E+014   2.534034168977892E+007
  </DiscreteSampler_grid>
