 -0.01028301836108640  0.02982360027289135  0.06126525264804238  0.09286100658385069
  0.12110732928923404  0.14711846344538226  0.17119194288739237  0.19516055510448896
  0.21916933649435283  0.24378731925272820  0.26867577848983049  0.29389154174025178
  0.31896324519860753  0.34375507431845115  0.36797813516354105  0.39182533454275320
  0.41534480217789937  0.43882220808245770  0.46237012366604574  0.48530726346493053
  0.50726008315960669  0.52884906248023178  0.55021689814951558  0.57128793656076060
  0.59228826798362344  0.61284428407734526  0.63333257864374815  0.65358088456637986
  0.67380657856627379  0.69399917731431793  0.71398830688613424  0.73383411856944047
  0.75324923251618692  0.77251814705268373  0.79298647912673170  0.81241112042568031
  0.82421489020226291  0.82796159517888512  0.82856630590221114  0.82976476766139906
  0.83277626376405389  0.83583126670836261  0.83889838592554633  0.84198609345879927
  0.84505478095671294  0.84808455000618066  0.85113446562676254  0.85418509901973971
  0.85720917999437951  0.86025714568089606  0.86332637485362373  0.86639983592407921
  0.86946717689363129  0.87251142796572889  0.87556697919463633  0.87863908567092919
  0.88166081202353708  0.88469834165388361  0.88775624973270550  0.89079440014412625
  0.89383443781231164  0.89687373838878759  0.89992970377887127  0.90298506746716334
  0.90600742358672537  0.90902624163252566  0.91207504931059502  0.91513637281444726
  0.91813474738972145  0.92114513329447889  0.92417468473789766  0.92723922047769969
  0.93028712189095419  0.93332740009059967  0.93634794535889487  0.93938564359077692
  0.94242991545682286  0.94543426622790439  0.94838340273005217  0.95135412628480420
  0.95438239326214414  0.95743266901156965  0.96045986539712014  0.96349307998734668
  0.96653154068704039  0.96956862903446905  0.97259676902732062  0.97565938690921850
  0.97870148961180992  0.98175441814615116  0.98480683532075930  0.98781675337462971
  0.99082916476603899  0.99385441989025147  0.99689987456743545  1.00000000000000000
 -0.00197123570052994  0.00838081648751781  0.01668066664977503  0.02548780620747699
  0.03436686023936607  0.04387884780244954  0.05596082908617985  0.06691021126023858
  0.07618885812571846  0.08521357695379328  0.09380978381528780  0.10257049763211765
  0.11144142744231743  0.12011583676113660  0.12875233751901988  0.13778496860598663
  0.14670548717873472  0.15525456792965087  0.16340692625160919  0.17183394619817238
  0.18046599734189522  0.19149676617215150  0.20503842974580308  0.21798595342467009
  0.22999549670993286  0.24146429869298416  0.25265249425234493  0.26441144125609484
  0.27665898393370114  0.28865757793013874  0.30050187883790858  0.31176944540324930
  0.32308592701769723  0.33487425844805768  0.34688661859815134  0.35901454521161591
  0.37150695749596341  0.38459663147841178  0.39707323681959400  0.40958072520576444
  0.42210264933327890  0.43451525967331545  0.44501274979347472  0.45434854677341069
  0.46418552991812090  0.47548856723009270  0.48618622985365334  0.49573646865271132
  0.50577485070105854  0.51825660921975170  0.53119005271858810  0.54304678343548807
  0.55358324150369720  0.56373723440007495  0.57513846917988287  0.58600623430668197
  0.59738842339520548  0.60722139398350439  0.61635685976063559  0.62498961028836608
  0.63376518574071783  0.64289737999229912  0.65152286635400658  0.66006357927657000
  0.66997835679630524  0.68280429593747127  0.69498113936407724  0.70550092760881000
  0.71675012609208555  0.72725764088793932  0.73789746948064450  0.74850113944015717
  0.76179379305792183  0.77418380277350229  0.78604312934063003  0.79543492917883385
  0.80224491179346957  0.81079128738613471  0.81959337372243202  0.82793173170919443
  0.83633122876041166  0.84456717455946595  0.85264543058107445  0.86283812809883287
  0.87302420585028784  0.88306151857223480  0.89448140504595708  0.90834788357232166
  0.92306287927874431  0.93725561254753986  0.95058593199362651  0.96255656779012211
  0.97143083715220135  0.98160646251163763  0.99016382547319848  1.00000000000000000
   1.3894470502386549E-005  -1.0000000000000000     
 T T T T F F F F F F F F T T T T F F F F F F F F F F F F F F F F
  <DiscreteSampler_grid>
  grouped_processes
  1 # 1 for a reference and 2 for a running grid.
  10 # Attribute 'min_bin_probing_points' of the grid.
  1 # Attribute 'grid_mode' of the grid. 1=='default',2=='initialization'
  0.0000000000000000 # Attribute 'small_contrib_threshold' of the grid.
  0.5000000000000000 # Attribute 'damping_power' of the grid.
 # binID   n_entries weight   weight_sqr   abs_weight
    10   10   1.307699337466178E+007   1.712187394062004E+014   1.307699337466178E+007
  </DiscreteSampler_grid>
