 -0.00601383987848703 -0.00117635210910259  0.00786925663469888  0.02938633914178475
  0.05107636310694205  0.07294267498051993  0.09362586170003315  0.11376054766404137
  0.13146513175153407  0.14938524880876120  0.16758025401964180  0.18566947419423119
  0.20420873788864990  0.22413653468539960  0.24401781458752267  0.26387010123982618
  0.28353825649290121  0.30308120244178932  0.32229082208473775  0.34144825286738828
  0.36056844794896997  0.37985728892747272  0.39926137514416210  0.41893896408603015
  0.43873431522422573  0.45860473390876827  0.47840989491680447  0.49821658018593096
  0.51803729114507624  0.53773330645488759  0.55735090551385935  0.57677502175440809
  0.59615333745583587  0.61543228007397510  0.63489501486707900  0.65451344080946694
  0.67408329419473412  0.69374492500968943  0.71413042472402077  0.73505390353680289
  0.75687609637199282  0.77982888897688429  0.80353700911489911  0.81439330106139074
  0.82325654494588585  0.82783277806864519  0.82895356811231247  0.83045275527976603
  0.83382441896962811  0.83711163233831731  0.84047175602724267  0.84388454145934799
  0.84725738520106131  0.85061665270129472  0.85399182045568522  0.85733799784323161
  0.86062320830712047  0.86398880543086132  0.86741836827418506  0.87084039515526657
  0.87426189320476433  0.87775561685924697  0.88123162357787332  0.88468007148639904
  0.88814041664756505  0.89162739205399300  0.89516269689974270  0.89866736566432415
  0.90216485867519047  0.90572753147688867  0.90933907587599760  0.91289452841898910
  0.91642063148027397  0.91993948958976368  0.92341561303579078  0.92690945742166408
  0.93048665829131672  0.93406359788776894  0.93764589505087248  0.94126291386726813
  0.94486448240541765  0.94847988883212886  0.95209850243499117  0.95574381735375114
  0.95938283301875793  0.96303572903401458  0.96672393427954406  0.97039773294288290
  0.97406708577670387  0.97775104342738062  0.98141639721083018  0.98511316752523137
  0.98879678966174434  0.99251926445435734  0.99627734410151070  1.00000000000000000
 -0.00177707346306948  0.00964332130609434  0.02075446474716588  0.03136447644366874
  0.04232778521402816  0.05387353340046849  0.06629677529925528  0.07832704146227309
  0.09109274732679216  0.10442676249079430  0.11853454949874581  0.13376142868344010
  0.14978325540692639  0.16635932792215849  0.17622529926700725  0.18612722921911318
  0.19484676513035504  0.20361592274849818  0.21206172767167331  0.22055253828083726
  0.23018563772025549  0.24220125027181905  0.25561294639105797  0.26760160748359774
  0.28061659963213914  0.29409849013070599  0.30853253255000102  0.32331752118678048
  0.33575974059050184  0.34552687058455173  0.35446727870051320  0.36312574245454832
  0.37195658528299202  0.38073422813882657  0.38952002052601842  0.39814635663240505
  0.40710566498278894  0.41578206770367210  0.42421936038725933  0.43258129678264551
  0.44113893480628014  0.44965427689809312  0.45979674348195659  0.47170881886505800
  0.48365564782422321  0.49530831564300959  0.50718663361360239  0.51862563805771389
  0.53096167681169670  0.54293087834634546  0.55436025927072285  0.56454912180207917
  0.57379760964067439  0.58287356656964429  0.59151066404907293  0.59978772212098019
  0.60817815182884860  0.61655822444632880  0.62570399076041294  0.63689271445679707
  0.65109162059932180  0.66498707913014210  0.67551211478476902  0.68481154268976163
  0.69370084195620441  0.70361672583927948  0.71399693534643449  0.72316178170721446
  0.73223490972964778  0.74199866460951025  0.75085420102544054  0.75905594363248619
  0.76730548039586677  0.77632567960188037  0.78587072260378621  0.79627730952069342
  0.80778708940984145  0.82057769281556858  0.83201402072044139  0.84125584195823788
  0.85021203406685297  0.85958415708672331  0.86958201651054834  0.87883583258276587
  0.88726139090446388  0.89644518066229750  0.90818865401711135  0.92099296688810173
  0.93347130776132581  0.94575114522738446  0.95675456079915788  0.96637410586655381
  0.97478927898650081  0.98335394541612708  0.99174276844279552  1.00000000000000000
   1.1526277059230212E-003  -1.0000000000000000     
 T T T T F F F F F F F F T T T T F F F F F F F F F F F F F F F F
  <DiscreteSampler_grid>
  grouped_processes
  1 # 1 for a reference and 2 for a running grid.
  10 # Attribute 'min_bin_probing_points' of the grid.
  1 # Attribute 'grid_mode' of the grid. 1=='default',2=='initialization'
  0.0000000000000000 # Attribute 'small_contrib_threshold' of the grid.
  0.5000000000000000 # Attribute 'damping_power' of the grid.
 # binID   n_entries weight   weight_sqr   abs_weight
    10   10   7.781706693054656E+008   6.058622331972082E+017   7.781706693054656E+008
  </DiscreteSampler_grid>
