  0.02952211773201364  0.03344395741642767  0.03925068354325298  0.04749308414240065
  0.05757925440929135  0.06840745762689539  0.07963179048654501  0.09116948662905479
  0.10314566099758710  0.11554561478977103  0.12755988666803408  0.13787012889901124
  0.14693072351475203  0.15559410230717474  0.16450771806065517  0.17386128877089413
  0.18356231640656170  0.19387542973168376  0.20441737555890571  0.21491664610456743
  0.22454541536797595  0.23344279271318130  0.24190064138673090  0.25064034673188101
  0.26014418253617910  0.27013210963166401  0.28059860976038864  0.29056746206101280
  0.30019892296493467  0.30988823248867109  0.31883490038774209  0.32733111571618156
  0.33684543789141247  0.34755280927651466  0.35891453074930491  0.37005446219339305
  0.37995838522724928  0.38901732008333834  0.39781323571845933  0.40689893004460009
  0.41721529508127525  0.42869067566814056  0.44005576948387770  0.45080218493023883
  0.46137155166340266  0.47166706176676376  0.48275416902646251  0.49340979234027416
  0.50327951188551856  0.51374109806332491  0.52388472717431811  0.53508258375815265
  0.54597067366821306  0.55676786992648375  0.56764097994819807  0.57830246776440231
  0.58931782216380435  0.60036590584145244  0.61148582034836862  0.62284718815528217
  0.63456296414306856  0.64609241080133850  0.65648267246904590  0.66550799324506715
  0.67363841958687631  0.68220743115664850  0.69179409064615383  0.70185688883055553
  0.71274947574596603  0.72235302591581108  0.73213028059136487  0.74237586643211406
  0.75451602744384150  0.76811404554486784  0.77931841720160844  0.78793658686033341
  0.79639714468984502  0.80467298301285439  0.81405614907805568  0.82442326603931537
  0.83482480771684831  0.84510849511773611  0.85549937504328799  0.86610353828238174
  0.87651358827249304  0.88563072048872460  0.89429627397069955  0.90436352432032552
  0.91532598912046137  0.92722775145039515  0.93797482843572422  0.94736672031489633
  0.95675181544479015  0.96480262082275636  0.97038480609951860  1.00000000000000000
  0.04778659646191109  0.07868438133109483  0.09471188974329769  0.10815594546771579
  0.11823484149400867  0.12585124543652468  0.13178229858975746  0.13690325818514779
  0.14113212124890723  0.14448943006355217  0.14754386252456692  0.15044097280592056
  0.15335913064668405  0.15654112893321026  0.15983947626664760  0.16253026123876185
  0.16479551981863838  0.16689719335614334  0.16885460690000947  0.17091128825856930
  0.17284507527143567  0.17465725238902935  0.17609786058282828  0.17730202119381178
  0.17839728517533490  0.17943040414030736  0.18036024334266290  0.18139436074528323
  0.18247796255627086  0.18353327617701601  0.18454022464654149  0.18547326265537958
  0.18633526967271405  0.18715656560297694  0.18794934880920106  0.18875703729963197
  0.18958200714590798  0.19029553572985933  0.19093785403867533  0.19156096130533062
  0.19214930480664322  0.19269414754430866  0.19322199214062466  0.19372288921708708
  0.19417042967838813  0.19462938963618676  0.19510251191120825  0.19553327723809999
  0.19594378773601259  0.19637661501915882  0.19690420444117879  0.19762666730118286
  0.19866591017982732  0.22669397070089173  0.23042339430652181  0.23089176827497801
  0.23132283346762347  0.23174487294838209  0.23216964686475669  0.23261250810787548
  0.23313163932383088  0.23362893249147973  0.23415910154706876  0.23475629293695960
  0.23540286402176966  0.23605463289497217  0.23676232977508943  0.23751302697803958
  0.23826238927376497  0.23900888229264627  0.23976556069155980  0.24056731902902595
  0.24148843891249927  0.24250581002935054  0.24346508851652016  0.24448703537724353
  0.24556475776783021  0.24663839473551347  0.24767865787979129  0.24875957460125664
  0.24997143689979001  0.25132911944854058  0.25280728748770609  0.25440033667418849
  0.25618730143961677  0.25804717759309720  0.26013614711272076  0.26258166370347069
  0.26542318613360050  0.26870346370873494  0.27247566384733785  0.27695568963222245
  0.28255179442428191  0.29202970196717132  0.30872563494708660  1.00000000000000000
 -0.00358795882892373  0.01040741308849133  0.02379492926749530  0.03738000214091074
  0.05449755082400676  0.07265535638833251  0.09200616838845464  0.11115271995364769
  0.13022939149284316  0.15014486038842570  0.17035606877614817  0.19141282278634933
  0.21225143974013677  0.23290309439058179  0.25531584512736122  0.27827197797586606
  0.30207818161226541  0.32612734085753670  0.35071889232883430  0.37121823266424409
  0.38951641870083414  0.41108859063865444  0.41755618551278478  0.41949523404808209
  0.42399111944777190  0.43072651823288494  0.43742849260878319  0.44373779072213038
  0.45013799210449218  0.45691643839619001  0.46389336749851290  0.47063064807875221
  0.47741439613999109  0.48416047148375940  0.49114782687236974  0.49845665156808994
  0.50539622529334594  0.51186812134448212  0.51836999913170390  0.52496962525736612
  0.53232181141560830  0.54002722070318332  0.54769404128315713  0.55509943132102280
  0.56197386608381672  0.56907591001121494  0.57654862423986286  0.58390432122207880
  0.59075633075171730  0.59723253389625897  0.60373068945004438  0.61099482545270678
  0.61897002008575075  0.62708142641350684  0.63525317204132481  0.64296731715812339
  0.65039019998741354  0.65779779679642791  0.66593878188036293  0.67428880197590124
  0.68215169096796524  0.68933047063005237  0.69632812008997447  0.70374833610051790
  0.71159980790084376  0.71956332175928905  0.72772241247382818  0.73623916667975253
  0.74492850512281017  0.75396149283197300  0.76282008452815242  0.77154968505550447
  0.78068164876561030  0.79022095875958043  0.79964822025965887  0.80861887382967845
  0.81729157670296038  0.82620241971994379  0.83532476316806015  0.84425023776428576
  0.85278439601453215  0.86142783137868495  0.87053523236714114  0.88028615019636625
  0.89003286647790369  0.89951460875143718  0.90888867625447811  0.91852891689968585
  0.92832846221988019  0.93793849345314551  0.94752007441360719  0.95745498786293026
  0.96774016686565323  0.97771317099330501  0.98822228998500528  1.00000000000000000
 -0.00197386528130850  0.00910604085580286  0.01924456654627791  0.02935675209320717
  0.04098303749175912  0.05256526967338447  0.06340507704893962  0.07435767977903579
  0.08527956154642523  0.09655949531460933  0.10708539631370365  0.11739050021432298
  0.12726958560742091  0.13703239227190214  0.14732979571323465  0.15891277230424844
  0.17070771095903148  0.18228029213643346  0.19373333402126139  0.20621418375050632
  0.21817330491395362  0.22769742252261135  0.23738673594632825  0.24719727990576057
  0.25735774206405188  0.26799873958978748  0.27888166168301765  0.28998657315567627
  0.30097932157077345  0.31247162550853524  0.32369538924396707  0.33401158120233543
  0.34515503550380144  0.35717692049849842  0.36967367453323918  0.38102879188141109
  0.39075719523388275  0.40005729211644708  0.40987291017627886  0.41984924958740760
  0.43011443419932677  0.43996568876360798  0.44864729404414105  0.45737641878643837
  0.46735198072571205  0.47813283479737839  0.49122992709268815  0.50281363615118502
  0.51245290602822191  0.52162557264201170  0.53113685687202339  0.54232187719141833
  0.55421180372570567  0.56430580275550790  0.57325165478565820  0.58257439748106687
  0.59292399516345506  0.60473288618019228  0.61625225447548937  0.62661152571145229
  0.63724149323071000  0.64763530658941371  0.65797569524051169  0.66779977740338015
  0.67868366315287221  0.68830056087975477  0.69759890438467942  0.70753166951313173
  0.71778906859941327  0.72867539060860442  0.74015942905880305  0.75086090676512363
  0.76000723973538575  0.76880968845986519  0.77779198199353672  0.78832058485971968
  0.80033389330636873  0.81297451550939459  0.82463881469071365  0.83513282539422140
  0.84571921702488140  0.85707630938437396  0.86766767068033646  0.87676788021312135
  0.88489839258859881  0.89549170121985755  0.90599796999856730  0.91668697678110134
  0.92709063031168892  0.93661874016475799  0.94599144380828259  0.95602693477213785
  0.96623823945523379  0.97735829764774396  0.98830881127654824  1.00000000000000000
 -0.00265398728993161  0.01177266672897199  0.02433217314558805  0.03782568460153118
  0.05208398914634883  0.06563828416781241  0.07714039303337047  0.08811743414998766
  0.09955393748928956  0.11197578418145855  0.12713969976514977  0.14223048509605135
  0.15529109604296851  0.16423937122580440  0.17282354624880800  0.18197065969699017
  0.19283074165730585  0.20242278958498575  0.21244646829284108  0.22354090040757241
  0.23593579835003980  0.24892447277076349  0.26184173758902229  0.27460660921126306
  0.28753251153388115  0.30065410018220184  0.31358898260227680  0.32641523758329544
  0.33886009354575936  0.35071499801091915  0.36167169799947313  0.37131096600119223
  0.38058210940234288  0.38920962112087831  0.39818469043483157  0.40843770053895939
  0.41983905826575685  0.43014904157425465  0.44019111993596577  0.45040234608103003
  0.46103971631496893  0.47384748086991330  0.48560300796647010  0.49713681245202651
  0.50913659825905078  0.52032970061033368  0.53049882771476742  0.54004413858665634
  0.54980438473414495  0.56083195166167510  0.57208721539987373  0.58375834701609297
  0.59566362257151328  0.60761167178851683  0.61991515599498270  0.63057001887450281
  0.63874024471213486  0.64656478290606623  0.65471479134346433  0.66353806093523660
  0.67338668301299165  0.68236101043171626  0.69088589024910452  0.69968905860517994
  0.70860348410001839  0.71700339365871191  0.72594687151165394  0.73520220695790439
  0.74479118769248531  0.75456640231555105  0.76379037172832709  0.77286946902351750
  0.78237085500234160  0.79423949328332621  0.80585718359127489  0.81682179396097243
  0.82786492859429783  0.83816787054416542  0.84929303854980398  0.86052115426127562
  0.87143728687433009  0.88230896074999077  0.89216214435866847  0.90155688336382689
  0.91104102279596966  0.92061523415803315  0.92978168416626572  0.93828358358366937
  0.94674014759577352  0.95522777903801837  0.96317329618703684  0.97121650134064619
  0.97834450342572454  0.98528302086491582  0.99238506619683819  1.00000000000000000
 -0.00268518205600142  0.01193914160982937  0.02045723922686791  0.02979285968957745
  0.03786139671608127  0.04677600458600559  0.05695800032108284  0.06780145186133829
  0.07894233124122185  0.08869528824072467  0.09724798364081039  0.10596982591417790
  0.11434069145966115  0.12206460976444780  0.12945656403968309  0.13786130502999194
  0.14765212719564230  0.15753733151966118  0.16837910337024573  0.17911012612390173
  0.19084123545094081  0.20292682448658320  0.21483936356152547  0.22704153148031525
  0.23940428329918251  0.25127146821557611  0.26229774564061642  0.27283522308668195
  0.28289885500449657  0.29282107304776400  0.30309880390876248  0.31377932316347995
  0.32552409146946637  0.33774709246296025  0.34901933900324278  0.36020905539571002
  0.37156538743076944  0.38356168911854277  0.39630737672443034  0.40893578496489646
  0.42066690529693190  0.43031279638808206  0.43888330107660667  0.44752734323416182
  0.45568169486283056  0.46667989856945352  0.47763979788864264  0.48694674916724601
  0.49623230944860341  0.50458693859724846  0.51513766445662990  0.52703736308690496
  0.53815027156102113  0.54784701312446304  0.55727833607954136  0.56807806133963989
  0.57930230956714202  0.59064932526746750  0.60258939645241272  0.61217772280871563
  0.62146645528727740  0.63091905855870012  0.64069080068090900  0.65370460591307644
  0.66813292079589703  0.68225708562652576  0.69514841536999428  0.70800381025039605
  0.72122301779275089  0.73356617077109409  0.74345685691325181  0.75222700568679346
  0.76107763428495601  0.77046367807445071  0.78048147676384361  0.79059181367062858
  0.80132371178537320  0.81316533875354102  0.82608722495889719  0.83960944783369529
  0.85180620733128320  0.86235376593105539  0.87269617295032653  0.88301372448874305
  0.89271630630441723  0.90192213933782950  0.91025472457595069  0.92023519163546430
  0.93047303956471372  0.94154055231498979  0.95224673133147242  0.96247018153840236
  0.97250727971543105  0.98249033210427494  0.99168742275393984  1.00000000000000000
 -0.00155002745738181  0.00560784620645729  0.01211033502647260  0.01897494840334863
  0.02587244459802456  0.03225325543526679  0.03856700995052840  0.04506905921878931
  0.05176915690946698  0.05912079738519563  0.06688356085025587  0.07381115907925959
  0.08028972867907547  0.08620230208640844  0.09215365341471443  0.09829794443498666
  0.10406788877188013  0.10968977096277793  0.11535922555543407  0.12173543135070244
  0.12937998346321772  0.13811132713034296  0.14770678006895976  0.15596495638246577
  0.16300603949767317  0.16988153468731546  0.17675846850667457  0.18416670126031465
  0.19096257914086240  0.19717946338242540  0.20309796286185480  0.20933481502227194
  0.21687243790655938  0.22640383928631039  0.23648651769999390  0.24660493965544295
  0.25670479739639002  0.26646507163453959  0.27595088867166440  0.28511525760742296
  0.29415512585189380  0.30328015706138900  0.31270341911019461  0.32326596847502775
  0.33448049604551577  0.34642410746965696  0.35819761229137947  0.36901465968597297
  0.37930183592716638  0.38857297532763485  0.39838084320270895  0.40916110427796265
  0.42008344394514668  0.43162914889671183  0.44395256579076153  0.45645677271269841
  0.46816195683522260  0.48000663173815555  0.49269576378144198  0.50571789695984404
  0.51551397392313680  0.52508998878890922  0.53541203962393669  0.54611584839390215
  0.55749857821097792  0.56908642392087161  0.58089258000267607  0.59397859152710564
  0.60823741662173647  0.62419397401058907  0.64040913711592795  0.65680437336338282
  0.67291757026122623  0.68861595508016982  0.70263301676838841  0.71656353605352985
  0.73088118509286881  0.74561345840732096  0.75838371809905147  0.77098638467269431
  0.78468447656154183  0.80139360719490493  0.81828408568195954  0.83456483093844791
  0.85048674871744312  0.86421886993827901  0.87542704947773831  0.88676491072523700
  0.89936598395466105  0.91643082484151794  0.93244414786421348  0.94833468187220860
  0.96143243143804047  0.97296611516294640  0.98556994300093825  1.00000000000000000
 -0.00215380087064291  0.00803527543689421  0.01802902328388150  0.02795079832961000
  0.04016312885705530  0.05335200106024007  0.06595319204548096  0.07726326111719618
  0.08817271122255770  0.09929945410301849  0.11089391542942768  0.12286490752824042
  0.13475450733781164  0.14613926552795065  0.15706855043396861  0.16794868312940303
  0.17876333782824944  0.18969930490371531  0.20081707887529382  0.21270221064246836
  0.22490681132448323  0.23580448131290310  0.24580687347296565  0.25631858214448178
  0.26835890900273307  0.27960522609637667  0.28939520707241312  0.29958055706316650
  0.30946507235152165  0.31948339050578511  0.32800973565505298  0.33642478359958633
  0.34472959957121335  0.35389409835248220  0.36515199431749262  0.37761485719979521
  0.39045840272490923  0.40343468142964284  0.41620864498306909  0.42821579109211694
  0.43958277276412372  0.45139721191394788  0.46282626653450265  0.47345063360024725
  0.48459828091695262  0.49567265619264361  0.50688069146355730  0.51739934438264812
  0.52727065095983994  0.53757665629352513  0.54766413058946195  0.55866559235839874
  0.57017258529540360  0.58233092249526985  0.59402809894667974  0.60454945266041604
  0.61416843392421250  0.62341176201267390  0.63354740702253776  0.64385356333322386
  0.65586757377351301  0.66944482142174744  0.68199908620086425  0.69274943168236458
  0.70184797622462247  0.70911118778115956  0.71772932549315549  0.72583901302585407
  0.73411798952309093  0.74267145800224255  0.75126664477489735  0.76014084068617849
  0.77017142376051761  0.78158747198264023  0.79319342468619292  0.80416363386295886
  0.81436949907604761  0.82441869746545593  0.83445129725380396  0.84465103460119295
  0.85532360058596946  0.86773540473813160  0.87948944599934464  0.88920294486632001
  0.89768304226350515  0.90571307504892051  0.91448331675347794  0.92293610310754848
  0.93257444794952682  0.94310392600023119  0.95412111503257180  0.96492878443449726
  0.97437022297806597  0.98354484521228547  0.99198105591737362  1.00000000000000000
   3.0438365662532474E-008  -1.0000000000000000     
 T T T T T T T T T T T T T T T T T T T T T T T T T T T T T T T T T T T T F F F F F F F F F F F F F F F F F F F F F F F F F F F F F F F F F F F F F F F F F F F F F F F F F F F F F F F F F F F F F F F F F F F F F F F F T T T T T T T T T T T T T T T T T T T T T T T T T T T T T T T T T T T T F F F F F F F F F F F F F F F F F F F F F F F F F F F F F F F F F F F F F F F F F F F F F F F F F F F F F F F F F F F F F F F F F F F F F F F F F F F F F F F F F F F F F F F F F F F F F F F F F F F F F F F F F F F F F F F F F F F F F F F F F F F F F F F F F F F F F F F F F F F F F F F F
  <DiscreteSampler_grid>
  grouped_processes
  1 # 1 for a reference and 2 for a running grid.
  10 # Attribute 'min_bin_probing_points' of the grid.
  1 # Attribute 'grid_mode' of the grid. 1=='default',2=='initialization'
  0.0000000000000000 # Attribute 'small_contrib_threshold' of the grid.
  0.5000000000000000 # Attribute 'damping_power' of the grid.
 # binID   n_entries weight   weight_sqr   abs_weight
    10   10   5.090899091145424E+001   1.632162499754820E+004   5.090899091145424E+001
  </DiscreteSampler_grid>
