 -0.00379193520739413  0.01781811204212647  0.05740275019777907  0.08585152063657552
  0.10851174699740924  0.12685514779368148  0.14448490517081039  0.16117359929964425
  0.17687337303319958  0.19167519379182191  0.20567896776113379  0.21940983646913920
  0.23292097025167396  0.24606871957561216  0.25868465935162666  0.27072448540781940
  0.28251717228002854  0.29415642502483963  0.30566439596229539  0.31696662794357416
  0.32803449977700178  0.33896613426202321  0.34974876390119858  0.36034425175037571
  0.37086444945111863  0.38138794703413637  0.39190234119677392  0.40239840579918734
  0.41287535071796977  0.42320874552814508  0.43342780009206572  0.44354851277374102
  0.45359107792063086  0.46361292208011351  0.47361188051758202  0.48359063186013568
  0.49355551262639791  0.50353832476548577  0.51360042237865466  0.52373762672926849
  0.53393620033580236  0.54411549864431485  0.55429841827933590  0.56450153168674178
  0.57473265423272268  0.58496534548285106  0.59525183670021686  0.60558305152927938
  0.61595797132029251  0.62638321549633824  0.63695077660417099  0.64755037801588700
  0.65815014015842654  0.66873955945691521  0.67954872219646822  0.69089587938884900
  0.70248061962534514  0.71415762159152218  0.72595308291944605  0.73810063223398603
  0.75040108262954552  0.76290076933929352  0.77569739879551902  0.78892103151855075
  0.80261702585413175  0.81653012272581194  0.82599533093171296  0.82852157739020416
  0.83055361448402421  0.83455989572348488  0.83874229116027788  0.84298246878997296
  0.84727333463366594  0.85162580607879024  0.85606830250344235  0.86063104960369075
  0.86526387808206562  0.86999195746067792  0.87480429381546820  0.87969923521135562
  0.88472512624934663  0.88984592252551264  0.89517455390506939  0.90064717245066161
  0.90627475080831177  0.91208069593359919  0.91811244519252233  0.92443299375804677
  0.93099351925396456  0.93794225934251207  0.94528625312845527  0.95327546587594758
  0.96199514676134212  0.97186597242152195  0.98381599444962686  1.00000000000000000
 -0.00215140579535934  0.00885400897767127  0.01878473654788035  0.02920935124791797
  0.03993986351183824  0.04936268279169636  0.05827109379446625  0.06746721274981890
  0.07717114089762468  0.08726060259127814  0.09728008884157674  0.10742137890670306
  0.11823226559190217  0.12969425406472090  0.14356724791434908  0.15592778036121677
  0.16829990113927629  0.18099776207182097  0.19262597726080236  0.20270035245623383
  0.21261207368361379  0.22208399213175692  0.23181728483577638  0.24129703498790916
  0.25097423089556425  0.26095884930158153  0.26977747752181597  0.28130784352724358
  0.29303719168783721  0.30503297106393812  0.31774181579302563  0.32948674451487353
  0.33989784918742544  0.34944245954159503  0.35880379812368740  0.36843209969705371
  0.37861793052946996  0.38864565934612927  0.39868648114661609  0.41337764179052300
  0.42346465794529009  0.43271773242389783  0.44247965774108172  0.45229540858002343
  0.46227819383930779  0.47185367372659553  0.48133130412217767  0.49145832208482310
  0.50161260856361767  0.51150000348981683  0.52188301001204129  0.53272375743638734
  0.54425635387167259  0.55631629484371681  0.56852232135081771  0.58043112547658005
  0.59085960718757324  0.60042493476853542  0.61006084501496538  0.62045652503105975
  0.62987173485315184  0.63814591385976427  0.64658618951256530  0.65607080052722166
  0.66601113554989877  0.67597665059194900  0.68596793192961336  0.69708778601583754
  0.70896337531407549  0.71964775284230820  0.72945970001077576  0.73928130062898356
  0.74887446627001897  0.75844390769916925  0.76819756331000322  0.77821227880951060
  0.78700650005260575  0.79761514467478745  0.80995898422016199  0.81925494940229504
  0.82916447350109312  0.83992064498148711  0.85043816282766860  0.86094892320384109
  0.87119096493839587  0.88078632712571292  0.88984567580526397  0.89895145841298640
  0.90882102344939419  0.91967135231833563  0.93133392730127473  0.94457147517808948
  0.95931994311739877  0.97388093215814830  0.98719168158241977  1.00000000000000000
   6.9608188005786491E-005  -1.0000000000000000     
 T T T T F F F F F F F F T T T T F F F F F F F F F F F F F F F F
  <DiscreteSampler_grid>
  grouped_processes
  1 # 1 for a reference and 2 for a running grid.
  10 # Attribute 'min_bin_probing_points' of the grid.
  1 # Attribute 'grid_mode' of the grid. 1=='default',2=='initialization'
  0.0000000000000000 # Attribute 'small_contrib_threshold' of the grid.
  0.5000000000000000 # Attribute 'damping_power' of the grid.
 # binID   n_entries weight   weight_sqr   abs_weight
    10   10   1.100487467610664E+008   1.671198068909495E+016   1.100487467610664E+008
  </DiscreteSampler_grid>
