 -0.00522338890134113  0.01299398895370751  0.02977181736745342  0.04587173893334536
  0.06241889063344248  0.07870381341597331  0.09495402360189664  0.11067017574053706
  0.12534133236410167  0.13972158378183031  0.15427095234664992  0.16877750574605363
  0.18315146544174263  0.19739359466185485  0.21254241224325948  0.22770826915041156
  0.24295188255309683  0.25827810242841709  0.27351024393644091  0.28868830516724203
  0.30381635639353533  0.31890895275988468  0.33403109852265250  0.34910272106493401
  0.36415367357087880  0.37919761483142622  0.39425121613821251  0.40922928652512469
  0.42418842174380811  0.43911436711331320  0.45397924402177220  0.46880901970913191
  0.48367679567928035  0.49856067951994515  0.51343902103045680  0.52828189413627991
  0.54309146903063099  0.55789115725656824  0.57269083973995472  0.58748635662783333
  0.60231905235616146  0.61719893693804451  0.63211432474741136  0.64703753617623994
  0.66206720023159316  0.67701454983114506  0.69186083095946749  0.70662122721326459
  0.72205884814444321  0.73751585210515924  0.75319847227474013  0.76927007500270272
  0.78584629135884587  0.80411049466532791  0.81968998078797828  0.82660775892584404
  0.82865919740729199  0.83086659559051812  0.83541243145445243  0.83971944225995387
  0.84400367964565270  0.84826460826594785  0.85252875565784769  0.85680142477271082
  0.86111496250040664  0.86547338351073833  0.86985232524040812  0.87422139358621420
  0.87857643466870816  0.88294911044120761  0.88728911877131666  0.89163425085072534
  0.89602630457591470  0.90042424489092787  0.90482857857135923  0.90923216869695689
  0.91365269741194866  0.91810000328776797  0.92256880927291840  0.92703887972837162
  0.93151121518417379  0.93599614421285948  0.94051831751432258  0.94504562382297697
  0.94957816553576968  0.95411604657257898  0.95865590851556404  0.96318874355725159
  0.96774435122910329  0.97229753598535185  0.97685348859736554  0.98144223379955697
  0.98603103803713155  0.99066869780256506  0.99531725833074958  1.00000000000000000
 -0.00218108926987198  0.00873853303508393  0.01923570071334438  0.02976302586958044
  0.04111503696611180  0.05068624907064806  0.06056122641212688  0.07032809336849800
  0.08044346704944588  0.09053185452430608  0.10086924965927757  0.11156430399783610
  0.12247550670921112  0.13367372899254576  0.14694859302515528  0.15605410498234865
  0.16712676999960477  0.17789583565190734  0.18883178784994312  0.19877816612507296
  0.20875254022726547  0.21845109667802293  0.22786004327693588  0.23739465909450047
  0.24708551951219784  0.25680536131958581  0.26639728693556608  0.27660222168050047
  0.28800838428218145  0.30001878940076476  0.31172078202818165  0.32383839755754718
  0.33481408763560377  0.34408502576697386  0.35354864881291215  0.36381967040641316
  0.37457534652585567  0.38514911173622240  0.39519718165809964  0.40780886414299655
  0.41976064687255449  0.42975775793933468  0.44029982614831054  0.45114167080579048
  0.46162968465185661  0.47100437628405545  0.48016625284107856  0.48970130088903618
  0.49941670497842006  0.50900083745556990  0.51880650022035224  0.52894809306056445
  0.53950323001098766  0.55079949469901035  0.56251555387033025  0.57453529392114311
  0.58548459492697791  0.59509364919929131  0.60507182766053913  0.61528387101080628
  0.62494092182708449  0.63397612597869324  0.64304253674113077  0.65350671912943337
  0.66438682681902783  0.67464175784435354  0.68498800083065814  0.69639355983123064
  0.70853408601373058  0.71986014355994621  0.72980824233908659  0.73918932134219262
  0.74842452346302324  0.75807553375372450  0.76772738522600192  0.77716647670879491
  0.78572834636129141  0.79588024156266368  0.80821388005907513  0.81931620712509790
  0.83023216675537981  0.84138523794378617  0.85239145741116362  0.86308439666574899
  0.87350410317219840  0.88325063787426517  0.89265742246716562  0.90223546056935267
  0.91272738191524461  0.92393565484378193  0.93571654438929652  0.94854504302845877
  0.96202937288282608  0.97532110985093823  0.98792661777843249  1.00000000000000000
   1.1429967988753303E-003  -1.0000000000000000     
 T T T T F F F F F F F F T T T T F F F F F F F F F F F F F F F F
  <DiscreteSampler_grid>
  grouped_processes
  1 # 1 for a reference and 2 for a running grid.
  10 # Attribute 'min_bin_probing_points' of the grid.
  1 # Attribute 'grid_mode' of the grid. 1=='default',2=='initialization'
  0.0000000000000000 # Attribute 'small_contrib_threshold' of the grid.
  0.5000000000000000 # Attribute 'damping_power' of the grid.
 # binID   n_entries weight   weight_sqr   abs_weight
    10   10   4.737514395063139E+009   2.244751196191448E+019   4.737514395063139E+009
  </DiscreteSampler_grid>
