 -0.00490303069362137  0.01217363078078731  0.02829892535104579  0.04402338678465703
  0.06005690550822311  0.07596742394886655  0.09194668479594037  0.10737381459852853
  0.12169623606835772  0.13569878502350508  0.14992612437733280  0.16413705060620890
  0.17825393922785818  0.19229896088036863  0.20705461438972800  0.22183481160380350
  0.23677095375000123  0.25187536931874271  0.26687544346941783  0.28181143781985646
  0.29672612503746248  0.31164071514962433  0.32658742542003116  0.34146739107463736
  0.35633075388710178  0.37118928407442231  0.38604454060680043  0.40082964340777566
  0.41560311490407603  0.43035986425382849  0.44508606309680721  0.45978592126523071
  0.47452237713346046  0.48927690676234115  0.50403673361267298  0.51882210018192876
  0.53358735554356318  0.54836138562152503  0.56315335036594871  0.57795504278264798
  0.59279234078044563  0.60767530317173546  0.62260477505772516  0.63757830619978939
  0.65265921546928352  0.66764106731238548  0.68256913550518727  0.69751374601208183
  0.71276904776916628  0.72826685282542980  0.74413837060288734  0.76045329153613606
  0.77731271538287672  0.79544516569563073  0.81044769359156255  0.81974635687917119
  0.82622610030087329  0.82886855939551096  0.83175757984000165  0.83628640170496449
  0.84064898350036110  0.84498259916837237  0.84930818528910756  0.85363463444738930
  0.85799823552796439  0.86242028664075587  0.86686072273114201  0.87130009639916794
  0.87573204852299102  0.88018206525299336  0.88460842906354897  0.88904188964931175
  0.89351081472388194  0.89799937392166496  0.90250011225883420  0.90700400142957749
  0.91151825265644804  0.91604272200542247  0.92060101353492618  0.92516629298982811
  0.92973079847479700  0.93430638048506975  0.93892728335386433  0.94355763476780552
  0.94818084018035464  0.95282777828605114  0.95747333411355284  0.96212712861765359
  0.96680443049882370  0.97147843248502608  0.97616865766095484  0.98090055293752410
  0.98562752571024981  0.99039113603725826  0.99518225858703047  1.00000000000000000
 -0.00214836274027250  0.00880040992751111  0.01919584684712591  0.02977336444288183
  0.04122892928884157  0.05109944142487240  0.06102263604937689  0.07078039109124681
  0.08069219374610460  0.09035877415575561  0.10040911224608060  0.11096920707339147
  0.12214295432323700  0.13324515611328400  0.14586171039747051  0.15586861188678408
  0.16626385877416269  0.17704178950286326  0.18755442939596290  0.19773203892908467
  0.20783953789134163  0.21795095143428619  0.22768715845595741  0.23739598831772141
  0.24700469245851137  0.25695966451672109  0.26660103783764866  0.27712206974597076
  0.28889970852225411  0.30070525089753253  0.31250060563764009  0.32439834160373587
  0.33649850852413760  0.34532917610003377  0.35505445435547056  0.36497861901943734
  0.37539907741811029  0.38586255463341335  0.39694829634560819  0.40974771909058333
  0.42173499955384325  0.43150578402460660  0.44156287013201168  0.45158238758778785
  0.46184943860754313  0.47079102165116016  0.47975545827931343  0.48892805308768833
  0.49808629466986931  0.50752427690069379  0.51736158783563069  0.52751491066970380
  0.53797322173808892  0.54895206822743048  0.56036160108845345  0.57194330374119196
  0.58315296243217374  0.59364391586484810  0.60374450450038830  0.61394649497295495
  0.62387658818642144  0.63324666296446319  0.64271202984045006  0.65308410652114879
  0.66370433492373870  0.67374027500174549  0.68366084271190242  0.69469996230765685
  0.70673225537910767  0.71833076481042646  0.72861631302657048  0.73811303835836861
  0.74736403919020122  0.75700753337621762  0.76671234932414400  0.77625616180936419
  0.78531886795974271  0.79561936985366410  0.80718589503874227  0.81830747543643478
  0.82914772167745321  0.84015585301274043  0.85112399820662721  0.86204035213625785
  0.87278275826860163  0.88293147862944354  0.89267354368773544  0.90250928557593157
  0.91303732376648650  0.92440084762457164  0.93646797225275558  0.94942996159543813
  0.96299031369294141  0.97605710838782822  0.98814573365194491  1.00000000000000000
   1.1772852752989327E-003  -1.0000000000000000     
 T T T T F F F F F F F F T T T T F F F F F F F F F F F F F F F F
  <DiscreteSampler_grid>
  grouped_processes
  1 # 1 for a reference and 2 for a running grid.
  10 # Attribute 'min_bin_probing_points' of the grid.
  1 # Attribute 'grid_mode' of the grid. 1=='default',2=='initialization'
  0.0000000000000000 # Attribute 'small_contrib_threshold' of the grid.
  0.5000000000000000 # Attribute 'damping_power' of the grid.
 # binID   n_entries weight   weight_sqr   abs_weight
    10   10   5.209858958887462E+009   2.715337453576253E+019   5.209858958887462E+009
  </DiscreteSampler_grid>
