 -0.00420763978231547  0.01151846243095389  0.02732755382009141  0.04325510904334687
  0.05951319990681735  0.07505438315097442  0.08818576039181562  0.10156629132578579
  0.11507108765094151  0.12866005283111798  0.14214675546250638  0.15640026806588536
  0.17206037567147409  0.18733602477866557  0.20259062767236558  0.21805750649392905
  0.23331794063181796  0.24848986329593756  0.26372247680185906  0.27889488693295306
  0.29401692324977685  0.30895177743697072  0.32382849852130940  0.33864436779245544
  0.35345228052612632  0.36828369903019154  0.38316178548336882  0.39814544544525404
  0.41316412027147253  0.42819852506643963  0.44308936202378180  0.45788650978893886
  0.47248275986630067  0.48700348008065619  0.50145508989511445  0.51584935165859536
  0.53022758275557791  0.54458231126327228  0.55902382269296069  0.57349015866981679
  0.58790681494438313  0.60226819503416895  0.61658583601825845  0.63080134441367985
  0.64504245263774840  0.65933163125814298  0.67340991903196235  0.68743756938973799
  0.70149235007274202  0.71552045792309271  0.72952456538200094  0.74339314322866901
  0.75728020240110339  0.77118823882749366  0.78502822096891534  0.79885255126276178
  0.81266071844673560  0.82653854041253971  0.84043810629801885  0.85423090099126076
  0.86796924761446437  0.88165032083981820  0.89615653214647395  0.91079630894110131
  0.92543323377100040  0.94045144101074107  0.95579952162071224  0.96499040191150887
  0.97486161355512180  0.98372960474465043  0.98742058384387310  0.98746577813271807
  0.98757950074439438  0.98810167967026630  0.98863692387155344  0.98917712774678912
  0.98971400286137989  0.99024817945986887  0.99078399451111587  0.99131862558729633
  0.99185758833716298  0.99239999388041555  0.99295042804023070  0.99349687747560445
  0.99404133005535922  0.99458115362979538  0.99511964322915225  0.99566336756989848
  0.99620732277211710  0.99674850090813805  0.99729307411167911  0.99783712407724190
  0.99837843077372290  0.99891537778740580  0.99945649829630467  1.00000000000000000
 -0.00448640128759756  0.01303055446390373  0.02847527943164592  0.04310385010131753
  0.05821097532775675  0.07357772772350493  0.08549526954520947  0.09537152912385657
  0.10463918746265377  0.11408939486429474  0.12366282290810476  0.13287128306553384
  0.14246730170281738  0.15473576254263108  0.16944626809943836  0.18556547810067361
  0.20086064862002934  0.21661189781747933  0.22973163069916108  0.23945708793704559
  0.24861396727854324  0.25788257580626051  0.26702431542798483  0.27529953272599722
  0.28322777313114827  0.29084938680826944  0.29742021558967618  0.30394631165181674
  0.31142781964418892  0.31903707024213424  0.32608323257760496  0.33316056522315896
  0.34026099442576280  0.34690667659114677  0.35384235292543570  0.36159863091179018
  0.36950549486669609  0.37736150764335497  0.38535696636006250  0.39248763665901443
  0.40545985506668042  0.42009653967960642  0.43496171685230184  0.44959996908055605
  0.46215403660276605  0.47064900520309610  0.48004907309497480  0.48951760361656060
  0.49907095483622921  0.50911268798121734  0.51895394237988102  0.53017644850725765
  0.54438322175971388  0.55189300975618860  0.56017646819027223  0.56863688840185589
  0.57739399641295730  0.58624905176369557  0.59492690314592422  0.60426891179939612
  0.61735693786265533  0.63407693667056064  0.64816815472067302  0.65796683762258568
  0.66836098317730186  0.67854284612202220  0.68859710454812451  0.69827183521079994
  0.70946524537362510  0.72408983854287179  0.74002719175663745  0.75572057338574050
  0.77052342309509514  0.78483383525068817  0.79885332798361053  0.81204021097177337
  0.82107033091138726  0.83006888749165353  0.83862861473147277  0.84741890101014461
  0.85564815759624446  0.86289752927036267  0.86998188473219196  0.87740747108081574
  0.88561292024390936  0.89391793115013718  0.90182331636932256  0.90967335905165014
  0.91694597274935430  0.92589770983175756  0.93500386034868432  0.94393545284257951
  0.95262722600651539  0.96415258773148971  0.98053623943918622  1.00000000000000000
   2.6210042644495684E-006  -1.0000000000000000     
 T T T T F F F F F F F F T T T T F F F F F F F F F F F F F F F F
  <DiscreteSampler_grid>
  grouped_processes
  1 # 1 for a reference and 2 for a running grid.
  10 # Attribute 'min_bin_probing_points' of the grid.
  1 # Attribute 'grid_mode' of the grid. 1=='default',2=='initialization'
  0.0000000000000000 # Attribute 'small_contrib_threshold' of the grid.
  0.5000000000000000 # Attribute 'damping_power' of the grid.
 # binID   n_entries weight   weight_sqr   abs_weight
    10   10   2.439612766656588E+007   5.951713159570756E+014   2.439612766656588E+007
  </DiscreteSampler_grid>
