 -0.00153698344252079  0.01165332914919914  0.02304047006955152  0.03417262778417867
  0.04478891609448554  0.05578328854481764  0.06630882285747432  0.07687038022456651
  0.08757719455548137  0.09862113554068154  0.10936866000818421  0.11986031553607898
  0.13026903924445787  0.14056251567383779  0.15086750816992836  0.16120771768486616
  0.17180528367036260  0.18247093642806564  0.19304897132482229  0.20329060357720932
  0.21326653643086615  0.22324654401263988  0.23352363231746809  0.24408979656870619
  0.25487600451456727  0.26578359245639294  0.27663224719677504  0.28715316693173665
  0.29750064671101373  0.30760036067280883  0.31780317452198670  0.32807366693511991
  0.33837757025340132  0.34890627816850872  0.35960192853189593  0.37060839458318645
  0.38161977384567825  0.39260998620518323  0.40320200337395273  0.41367306172762069
  0.42398297125520940  0.43416528917396946  0.44417663382823347  0.45388651196217694
  0.46362765938730688  0.47370476238195225  0.48403896100994587  0.49479470738991149
  0.50538906243788340  0.51584376943100985  0.52640639985375060  0.53713665260332266
  0.54760288621288244  0.55744651066687745  0.56729124791083740  0.57712219220916472
  0.58711545177118452  0.59737412529966771  0.60782925915736197  0.61860233379097762
  0.62929223425106873  0.63985973870449775  0.65032408779880513  0.66094474893795352
  0.67180264758846664  0.68262867381881176  0.69337974573385486  0.70415477381375924
  0.71486726426302982  0.72528703562497687  0.73567978022354208  0.74611795603549280
  0.75661025029306095  0.76697597715028754  0.77698615762415824  0.78684093259336207
  0.79634431907735470  0.80597925564048656  0.81564881477617091  0.82597287815354559
  0.83635099612434771  0.84712340012235410  0.85796759860589489  0.86860584832026799
  0.87898334820429314  0.88907547792084818  0.89928427140338907  0.90952106097755858
  0.91964019710158951  0.92988509654671458  0.94030826860155559  0.95109791507207064
  0.96206308205712676  0.97316208185197939  0.98593561124638196  1.00000000000000000
 -0.00191969921774796  0.01267166582503305  0.02466524068884576  0.03579850943456399
  0.04712047799662181  0.05876835526669464  0.06978990281592494  0.08051104027093603
  0.09095196664915244  0.10155402431540005  0.11225858766537418  0.12304640760221007
  0.13344101444785300  0.14378253552997425  0.15408324230117432  0.16446098923245409
  0.17477585553803213  0.18471143353187369  0.19471421933498331  0.20494524607328812
  0.21562487214118356  0.22624998912454794  0.23661166455396279  0.24673253947823864
  0.25717810614136483  0.26776483398958356  0.27797085101720448  0.28821000478995262
  0.29883093865042165  0.31025271858029585  0.32169914778808428  0.33304310677575111
  0.34405226078357254  0.35478985422698128  0.36551639142379994  0.37603790386418517
  0.38624030525601349  0.39600749520749401  0.40554828833755474  0.41501129376705215
  0.42471804898627308  0.43479137310241317  0.44521961834904783  0.45561743648968972
  0.46558194278101506  0.47551297056847580  0.48568096589698417  0.49621010965523643
  0.50676935187686456  0.51731601398232807  0.52811239496408346  0.53892533002136533
  0.54931374691013168  0.55940826336688698  0.56949853485364976  0.57935535447837183
  0.58910274579263322  0.59882054009479191  0.60865589911075291  0.61868202742820566
  0.62887979150061513  0.63935358820242405  0.64984635207583297  0.66015340727990701
  0.67031201404358554  0.68041557524705376  0.69061779591053996  0.70103731150674975
  0.71154297527585153  0.72197887284206907  0.73255353302384718  0.74326617218559554
  0.75397285236546852  0.76451336900807110  0.77500594074158136  0.78569139031256308
  0.79638014814303815  0.80697703988336611  0.81736989814293948  0.82774384116829691
  0.83816389995743967  0.84881465693649250  0.85949071830795720  0.87015112806392136
  0.88086791874384074  0.89142668604824160  0.90199878062318639  0.91260729966268206
  0.92347413499753794  0.93406623123105670  0.94445119611717621  0.95469265551157401
  0.96540787167189723  0.97642066264313465  0.98809367216712474  1.00000000000000000
 -0.00677496446747764  0.00956178804416270  0.02806348205016885  0.05032982957428939
  0.07161186814177790  0.09253352852286852  0.11333225625417019  0.13285663434959200
  0.15166293197360070  0.17073776076279726  0.17556578558880476  0.17996379251590311
  0.18731880360314038  0.19409027193773037  0.20073341438307474  0.20728486310021832
  0.21388277461761657  0.22063297827200767  0.22751875484790068  0.23449119702593829
  0.24157380344897486  0.24868950596062012  0.25586022613396303  0.26313647568040333
  0.27054349032180053  0.27801575303618159  0.28555353260828931  0.29318206069266656
  0.30093957834111729  0.30870013130007795  0.31649451027305603  0.32432730128207626
  0.33222681966947182  0.34024822532099597  0.34840551780958284  0.35665972900328230
  0.36495445988966335  0.37336588047698660  0.38190394050131349  0.39052885370615753
  0.39919531959149707  0.40792232649024002  0.41669809050604129  0.42552420196065688
  0.43443446638166755  0.44339558806894447  0.45241225305811927  0.46151579450086250
  0.47069606726141744  0.47993280114716469  0.48927264088683464  0.49871815719639462
  0.50826085661836728  0.51792741778431639  0.52776208737785257  0.53768720993065322
  0.54766393823045134  0.55761848761406518  0.56762959780376021  0.57774695576900947
  0.58794344127736653  0.59827200946342063  0.60865471635446833  0.61913156086276588
  0.62970406117209976  0.64028641370237294  0.65095352786685234  0.66161765458236421
  0.67237600714738044  0.68330403445317611  0.69445754036613117  0.70577021292364728
  0.71712256115752648  0.72848711802936172  0.73990421039675458  0.75142537950258892
  0.76303753975360589  0.77473880907275394  0.78648001527153200  0.79829255729864157
  0.81017586628508542  0.82214206618644492  0.83421325318208106  0.84639242427227757
  0.85869271431885752  0.87105465468450538  0.88343376008355512  0.89592873257155092
  0.90856609827851498  0.92134232546225525  0.93423290415341909  0.94719775099664683
  0.96022698558706476  0.97331817283075772  0.98651908585389547  1.00000000000000000
 -0.00241932379935027  0.00903700792354353  0.01924046428999901  0.02991096147697089
  0.04054314101353466  0.05084498410547138  0.06102843233786047  0.07170237328313062
  0.08265194522564293  0.09363796769186492  0.10444944071245474  0.11522437882228527
  0.12597407649946368  0.13687319680506521  0.14758298512654855  0.15798573237563149
  0.16825143120702107  0.17849068147656916  0.18840014443122546  0.19822580540892010
  0.20801647440920146  0.21829583540692804  0.22891039670398153  0.23969624516472343
  0.25046820897292082  0.26118749181754813  0.27180139297605593  0.28252779200943040
  0.29321931940487544  0.30419295001294150  0.31526522742769519  0.32633410108307209
  0.33743059215007271  0.34846980540775019  0.35912671108259936  0.36933357199660566
  0.37948182702101563  0.38941902810621082  0.39937405706725659  0.40919936470802620
  0.41898074924028539  0.42911758552689733  0.43935339787586575  0.45009060809786428
  0.46099279838689849  0.47198382069873063  0.48308213010054485  0.49411747898977026
  0.50493824856237302  0.51538663948258889  0.52543888862275101  0.53560633783371547
  0.54601996471550041  0.55674686758332159  0.56699480290334381  0.57687156636427317
  0.58678013760387582  0.59704466606912365  0.60729328545662609  0.61764491076321304
  0.62816274565321140  0.63898201751777584  0.64989962222853559  0.66077970282554399
  0.67178156225270680  0.68282796815024505  0.69404878932435288  0.70542830514667687
  0.71661200571133088  0.72751571886274347  0.73840110509868140  0.74931139733864804
  0.76002929117132789  0.77061352548435436  0.78140643118178632  0.79184433438027746
  0.80191814118615712  0.81205142686377119  0.82248224866982778  0.83288620516465084
  0.84296076981095402  0.85306292465911604  0.86329559808202339  0.87380764320993198
  0.88455124038235200  0.89525836757151889  0.90578604621846004  0.91648806999686738
  0.92745188734359296  0.93879678526056198  0.94953086932748176  0.95984937462356923
  0.96978556846856034  0.97987263724210738  0.98995007515657574  1.00000000000000000
 -0.00277820684765614  0.01089043350445397  0.02206255608075394  0.03377703684462637
  0.04538353958111482  0.05697771993345904  0.06885099620686204  0.08072467343793885
  0.09239705590350328  0.10385604709007218  0.11571451731469815  0.12776903124595176
  0.13982242596998470  0.15163875787471487  0.16336329944838299  0.17521091960504509
  0.18673682399789604  0.19786403497365745  0.20902681638307005  0.22052365463996823
  0.23224577974404570  0.24356190202093009  0.25467255760110691  0.26549066729029325
  0.27650753817031715  0.28771281367901735  0.29906435429239231  0.31029444187766109
  0.32171428593579282  0.33319406918634170  0.34458093677732604  0.35554304845438245
  0.36635225365322588  0.37732615493001687  0.38837718944892030  0.39883622284108633
  0.40887008673104125  0.41919069574471468  0.42989352704017875  0.44045302610059095
  0.45090288510083543  0.46129725216772960  0.47180983646641200  0.48238044680593012
  0.49318811945700414  0.50420488574196320  0.51503472271791551  0.52548006275920522
  0.53579259624290032  0.54611398509528231  0.55642319633865633  0.56685420219596638
  0.57725283111438208  0.58757555179738652  0.59774420239292103  0.60776844590790868
  0.61774578030111105  0.62780897860191742  0.63799240213626662  0.64822602552026676
  0.65841095077032197  0.66857965586019441  0.67917091802114005  0.68978491907389994
  0.70022082143614572  0.71051408420921269  0.72073184837519966  0.73082685117633683
  0.74075829768758050  0.75063109877529455  0.76049808746983205  0.77022526397863589
  0.77952610365600428  0.78857645057313497  0.79761354452388011  0.80652005542366811
  0.81547379612465432  0.82451668767003605  0.83402667182730106  0.84417613703651395
  0.85439950094414174  0.86437414773650512  0.87411951895943474  0.88398294384679132
  0.89383892041079360  0.90357714003520895  0.91303271966463984  0.92267118353117783
  0.93239805046204349  0.94220452463598969  0.95156665616084646  0.96094958683978415
  0.97044141470394263  0.98024881933780683  0.99009611874263981  1.00000000000000000
 -0.00266989359990839  0.01018254307035424  0.02115716192071604  0.03233430287321209
  0.04370052746708568  0.05507944204964566  0.06597748871218222  0.07662941118445707
  0.08708873949369531  0.09745312844918698  0.10800346390115131  0.11847134624491318
  0.12893778730479946  0.13920800876413067  0.14975375161953158  0.16040202927180208
  0.17121145629686332  0.18183000668904870  0.19270421827980661  0.20366200338905871
  0.21448345892499157  0.22524832462062805  0.23589076137523285  0.24677810963331800
  0.25774022498183624  0.26869180382088098  0.27977437791070453  0.29090230082103297
  0.30155861014031332  0.31201086228305591  0.32226290996749996  0.33223444565271665
  0.34176306309910576  0.35087801483452563  0.36056931981248302  0.37067658572049478
  0.38121736152452512  0.39190290039475967  0.40297572545284116  0.41417370604581144
  0.42527030428420781  0.43606240693203985  0.44652422181680396  0.45694937556403414
  0.46746511061701651  0.47797336605869356  0.48841553003199517  0.49889441644644295
  0.50979385064534022  0.52071852854354916  0.53151597897456671  0.54248915351907800
  0.55354001348956317  0.56451263950158703  0.57526967952329333  0.58600641026716005
  0.59671887269469848  0.60701183420026639  0.61690671902701921  0.62668165457064773
  0.63654809444237570  0.64686329127737396  0.65754136106789995  0.66819965028419415
  0.67849904634969538  0.68881306235013551  0.69924522850637727  0.70978242010428283
  0.72020295295137671  0.73090719182465014  0.74186721318927629  0.75239447946263605
  0.76252710648723876  0.77253911856534430  0.78292286806794731  0.79328440151594870
  0.80330725607561670  0.81334006708247786  0.82376907489939522  0.83454409903002147
  0.84554515680635978  0.85632680094741431  0.86696463820366676  0.87721959265583305
  0.88763979081593303  0.89775260620919817  0.90782920303837256  0.91766379063862891
  0.92733054761484823  0.93697216879998502  0.94684216905534879  0.95704982105118042
  0.96751348770793499  0.97774698824608652  0.98886001973836690  1.00000000000000000
 -0.00178762425835368  0.00731955977952534  0.01511860767127628  0.02333228202082019
  0.03167350600422744  0.03997420254279133  0.04817203695111324  0.05625627234542844
  0.06458819240312978  0.07317965934639033  0.08187135283054350  0.09042863659285257
  0.09890312164797394  0.10752638992730737  0.11634580310074834  0.12524123683438076
  0.13398007725013844  0.14250084664079624  0.15095367201539514  0.15942566453732848
  0.16814441902880400  0.17700359489165168  0.18575475254492277  0.19471679326951449
  0.20404794791972825  0.21367079210743370  0.22343362357708499  0.23312828675849404
  0.24272810037913484  0.25225303381824304  0.26150607421520677  0.27053418427732351
  0.27949476463406064  0.28859433437064841  0.29784142807313130  0.30708606958287560
  0.31648113174801962  0.32604879604293030  0.33576428734993308  0.34554048766695272
  0.35547564118682079  0.36572835002695847  0.37589587584492262  0.38586420046565045
  0.39580958783619663  0.40589440651747466  0.41607737059676403  0.42639173856984014
  0.43683264242745889  0.44717210149787967  0.45743909862427035  0.46760665135921264
  0.47756988282554574  0.48758075895124997  0.49750864435088754  0.50792977927349603
  0.51865403654044917  0.52967562281685288  0.54085152900674327  0.55187808920289894
  0.56290109380205644  0.57404123424057374  0.58519547383737336  0.59626288788321669
  0.60754434887645059  0.61920526724615732  0.63108409698584100  0.64287872662933421
  0.65489498549015068  0.66681800405420666  0.67844047050488909  0.68993046509726796
  0.70161834123684164  0.71342811521915539  0.72521480330746724  0.73676316795377372
  0.74825594511690530  0.76011615234615659  0.77230387296855985  0.78424623503414959
  0.79620961734634832  0.80866228230149151  0.82154467285194410  0.83482952445385550
  0.84824325126093947  0.86174373838276486  0.87529864188096174  0.88860184820360466
  0.90170911464796810  0.91509509813791234  0.92913689666260635  0.94348824313815660
  0.95794941486546603  0.97223057830690274  0.98635814244950826  1.00000000000000000
 -0.00251580494877701  0.00937236239786132  0.01962416844067623  0.03008573745057884
  0.04068492239010136  0.05152768179172829  0.06246843201594484  0.07342276709576216
  0.08410002727859454  0.09442179311141743  0.10481521819346470  0.11554508013059230
  0.12588969488364207  0.13558800665651685  0.14522223536506465  0.15564506966341884
  0.16601794374133932  0.17618879483387884  0.18631905824930137  0.19689183727107862
  0.20779458140980020  0.21820081446706685  0.22879388432084005  0.23884478496368908
  0.24956285216178353  0.26029715017375482  0.27150331225289392  0.28191589744924717
  0.29242073167073596  0.30237851201872029  0.31262283545882480  0.32241659917320081
  0.33251047780405912  0.34226208157115484  0.35205572540850888  0.36196897604251632
  0.37224818472079613  0.38263269307009407  0.39316480831989092  0.40355663911451983
  0.41405424522500101  0.42467973995172958  0.43523203310243030  0.44553865367657147
  0.45579279329765604  0.46631604942459481  0.47702809499254412  0.48770780207533981
  0.49851129113442616  0.50962098167990133  0.52088005903143086  0.53197163274207360
  0.54282458957305812  0.55357674306134885  0.56448166635163666  0.57553433135954890
  0.58645977251546544  0.59723994249190737  0.60830664353381092  0.61945091157215104
  0.63017116103153881  0.64013122517123433  0.65026021134392409  0.66068877180658347
  0.67130317965680597  0.68214264658849977  0.69301262038523936  0.70373877736962087
  0.71436432972766417  0.72496476449772929  0.73544407755165053  0.74535279882368477
  0.75545247153782480  0.76586717519669023  0.77641860388847750  0.78704794072012096
  0.79781166679252091  0.80865919649492413  0.81924697482220377  0.82987085387439441
  0.84084186474286360  0.85207368806224382  0.86316409598977728  0.87415148890825956
  0.88463661197419230  0.89517420705299910  0.90564442784967258  0.91634556911655096
  0.92668880306122692  0.93700172386716740  0.94778704735266750  0.95885293269425154
  0.96932737661079982  0.97983649839128162  0.98985711801963505  1.00000000000000000
   3.2206041813531809E-006  -1.0000000000000000     
 T T T T T T T T T T T T T T T T T T T T T T T T T T T T T T T T T T T T F F F F F F F F F F F F F F F F F F F F F F F F F F F F F F F F F F F F F F F F F F F F F F F F F F F F F F F F F F F F F F F F F F F F F F F F T T T T T T T T T T T T T T T T T T T T T T T T T T T T T T T T T T T T F F F F F F F F F F F F F F F F F F F F F F F F F F F F F F F F F F F F F F F F F F F F F F F F F F F F F F F F F F F F F F F F F F F F F F F F F F F F F F F F F F F F F F F F F F F F F F F F F F F F F F F F F F F F F F F F F F F F F F F F F F F F F F F F F F F F F F F F F F F F F F F F
  <DiscreteSampler_grid>
  grouped_processes
  1 # 1 for a reference and 2 for a running grid.
  10 # Attribute 'min_bin_probing_points' of the grid.
  1 # Attribute 'grid_mode' of the grid. 1=='default',2=='initialization'
  0.0000000000000000 # Attribute 'small_contrib_threshold' of the grid.
  0.5000000000000000 # Attribute 'damping_power' of the grid.
 # binID   n_entries weight   weight_sqr   abs_weight
    10   10   2.060012190114821E+005   1.128757263968969E+011   2.060012190114821E+005
  </DiscreteSampler_grid>
