 -0.01058754143435154  0.02035255832402313  0.05391875752911505  0.09165606434320397
  0.12874521697632910  0.16521024864865269  0.19996212348528783  0.23435065942165356
  0.26891216560155135  0.30796906405277880  0.34858137806565281  0.39120471949925345
  0.41576092625133554  0.43355103347232415  0.44202196829256007  0.44767333066495141
  0.45633124727817787  0.46477806146882744  0.47315328071156687  0.48148174446373698
  0.48979576880591019  0.49808772344436414  0.50634925371256934  0.51462898656705247
  0.52290111443051612  0.53111272794230135  0.53930361356544176  0.54748201768059157
  0.55565268826234493  0.56382091868998663  0.57194864099769094  0.58001645646144728
  0.58803364310362094  0.59602814824158290  0.60403659681188226  0.61202285322821293
  0.61996603123340033  0.62786497161053256  0.63571756041997352  0.64351590449181539
  0.65126006751701238  0.65895045853331757  0.66657797933570317  0.67414766920077518
  0.68165200605910137  0.68909085629336975  0.69648688608530174  0.70386114126692689
  0.71121086371203535  0.71850877504405120  0.72573626903444977  0.73288945742431066
  0.73997806885404838  0.74703049580352543  0.75403540083403586  0.76100691450532931
  0.76792858712820267  0.77480918688085898  0.78162776096900755  0.78838662384369163
  0.79510251668102572  0.80178636511008461  0.80841063998965557  0.81497636652568151
  0.82148108644163242  0.82794437083981087  0.83435695393332865  0.84070791950950707
  0.84701061263568300  0.85327091624045326  0.85949146881487215  0.86566167709475883
  0.87176301306889981  0.87781957574227620  0.88382872949250124  0.88979317921360879
  0.89569538526698922  0.90157488641593375  0.90742615430378637  0.91321602121917700
  0.91894836569147942  0.92462892588669832  0.93028969903205905  0.93592300430206277
  0.94151575519372133  0.94705306851650051  0.95254270990339684  0.95799191361795921
  0.96340953570288079  0.96878478054233330  0.97411601859461217  0.97941223416172873
  0.98464460914624730  0.98980348842226906  0.99491732651067888  1.00000000000000000
 -0.00240699212498778  0.00903921122961314  0.01902230176620177  0.02949497741719629
  0.04051526498316101  0.05195945918226235  0.06364872711002442  0.07520446110752614
  0.08634062451458553  0.09743578958097784  0.10824033747504620  0.11951436236608862
  0.12961118081677195  0.13931205355017051  0.14911244194194970  0.15959438292662118
  0.16970529512880156  0.17991861925597827  0.19016282337322363  0.20106683914509085
  0.21182448490951114  0.22230278968122569  0.23303665885025598  0.24304897725901126
  0.25333566085911097  0.26357330462256368  0.27404873777459449  0.28477779173484652
  0.29560034004014552  0.30626094533502207  0.31682168955926693  0.32747568931764476
  0.33776175937819136  0.34782246127444411  0.35820554782049718  0.36896103937471264
  0.38006393957392881  0.39041109519415412  0.40066103170709777  0.41113031382613230
  0.42168054045238612  0.43172378677024503  0.44120681940713369  0.45086677932921143
  0.46036872621601688  0.47000940547317266  0.47944722976395338  0.48936745838046081
  0.49940505054890444  0.50965735009098168  0.51979566215346285  0.52989504504460683
  0.54005672962527884  0.55043297025516258  0.56135225673057598  0.57257722588846671
  0.58430861007266011  0.59622380627335381  0.60758233865320455  0.61834269061517400
  0.62883943791881858  0.63942212413503119  0.65010767723081542  0.66033590092267602
  0.67024456882276817  0.68015512349663554  0.69008438808373673  0.69987739103132096
  0.70998814002489830  0.72039523489166213  0.73079322423462789  0.74114012485738145
  0.75121707630361134  0.76148076059797065  0.77200022373485211  0.78271492214880234
  0.79369662310015954  0.80479030595832990  0.81570010494606282  0.82612638659082016
  0.83657267236907551  0.84659006463393760  0.85629626418337679  0.86627540334585507
  0.87722466430109625  0.88910879664437326  0.90073390122695984  0.91197097525650561
  0.92347015881355921  0.93533621974271575  0.94731014731513363  0.95869632724985732
  0.96952625757578259  0.97973470775729032  0.99002113678481252  1.00000000000000000
   2.0659740902193401E-006  -1.0000000000000000     
 T T T T F F F F F F F F T T T T F F F F F F F F F F F F F F F F
  <DiscreteSampler_grid>
  grouped_processes
  1 # 1 for a reference and 2 for a running grid.
  10 # Attribute 'min_bin_probing_points' of the grid.
  1 # Attribute 'grid_mode' of the grid. 1=='default',2=='initialization'
  0.0000000000000000 # Attribute 'small_contrib_threshold' of the grid.
  0.5000000000000000 # Attribute 'damping_power' of the grid.
 # binID   n_entries weight   weight_sqr   abs_weight
    10   10   1.747042017314448E+006   3.570108927880152E+012   1.747042017314448E+006
  </DiscreteSampler_grid>
