  0.05557700896368814  0.07462058946968739  0.08536150641476625  0.09420682998881498
  0.10192725750451082  0.10928670539189500  0.11566916601304128  0.12119616753309297
  0.12570341145152031  0.12966484650844032  0.13355509388211181  0.13769064001642506
  0.14132587202297403  0.14443000160471831  0.14742992643678887  0.15034748560550348
  0.15323772437636612  0.15618230498882210  0.15910342291866872  0.16172506265185232
  0.16409893418583563  0.16641416277667406  0.16875598794083557  0.17120890218228954
  0.17349006144955487  0.17535773203316865  0.17704788647948164  0.17864539495428944
  0.18023557950369987  0.18190660669095193  0.18364058945685133  0.18503907989677662
  0.18607249363111994  0.18707559432198748  0.18805027270391433  0.18901998846165696
  0.19001474913416810  0.19094144446115535  0.19180433339340711  0.19266395480769266
  0.19352038695381593  0.19443993013182206  0.19541542885778282  0.19634470574405916
  0.19723602119627909  0.19811374582746769  0.19898095886006897  0.19983599934313051
  0.20067496102637333  0.20144487917477927  0.20219351903996685  0.20290113385641081
  0.20358226083141867  0.20425775907372890  0.20492624374742480  0.20557070515756978
  0.20619152143538161  0.20684077346794935  0.20746604362408702  0.20812829615103542
  0.20878107324116701  0.20942597406788760  0.21010603566664487  0.21070833830268412
  0.21125494087262922  0.21177874603139235  0.21231985720437493  0.21286184842983605
  0.21336931320197947  0.21386814491525385  0.21436710051969290  0.21483756261763992
  0.21531617562588076  0.21576786842104809  0.21619601094491819  0.21662282085237458
  0.21704898703585307  0.21744741960074962  0.21782987359090361  0.21819896193852759
  0.21859972518349546  0.21900420057808284  0.21939850618189125  0.21982809376151019
  0.22028806666026454  0.22073875149435920  0.22122307761258547  0.22183915750711303
  0.22265462490320498  0.25651817089961348  0.25920151852204198  0.26170889892296834
  0.26414263904256430  0.27102088749490616  0.27956283153677469  1.00000000000000000
  0.02840458123388459  0.03805070179241864  0.04659718813824368  0.05535812512114598
  0.06344600196209824  0.07053180845791422  0.07660764075608328  0.08202492086407343
  0.08751824828884983  0.09583208773374749  0.10513926642411456  0.11324261015811615
  0.12050524804620438  0.12867035094788981  0.13859968906087991  0.14886027410187613
  0.15821972974823328  0.16720245950492785  0.17624972775837719  0.18629083694294768
  0.19723379676976593  0.20844367380391809  0.21935821536163322  0.23067272084984169
  0.24254672850789086  0.25390972974087100  0.26480429414362933  0.27437630968797033
  0.28410804551220065  0.29378601353777389  0.30420996353976038  0.31639615817749006
  0.32884489809921641  0.33863509301908867  0.34744806248409255  0.35717031562717799
  0.36711354358329518  0.37671918213286121  0.38446801633577155  0.39203418750099533
  0.40055317618568204  0.41040256299184630  0.42032310711039977  0.42915975144024460
  0.43847790199669284  0.44840520152334684  0.45982529707249808  0.47232698967900377
  0.48429720354071903  0.49671563337337482  0.50836544671267392  0.51988311754082384
  0.53047129085404632  0.54061121082195251  0.55109212841879063  0.56165520603737684
  0.57224922265700939  0.58314346435840492  0.59467776973071518  0.60712037850582734
  0.61996452153157977  0.63176387164231040  0.64354509223930390  0.65472874750026899
  0.66790752153899435  0.68089888212055916  0.69385865707151018  0.70586182438728784
  0.71742679536246357  0.72835739975627678  0.73653814819165864  0.74425657718098526
  0.75235001847697125  0.76068563586802640  0.76961411227774568  0.77836032005716727
  0.78688893547993899  0.79678691032247284  0.80684676756373219  0.81540739216919422
  0.82365298795447950  0.83236350024873829  0.84217210786117358  0.85278043550561089
  0.86447398437315026  0.87596738099354954  0.88658272235810609  0.89670899125238279
  0.90673189074194649  0.91728504074254058  0.92908069890427925  0.94013058557703577
  0.95199053868128236  0.96288479202122390  0.97098399439776140  1.00000000000000000
 -0.00987935904945836  0.00677469616091204  0.02342875137128243  0.04820706448605694
  0.07326234209113550  0.09997733795159157  0.12622876945601394  0.14981442472413342
  0.17367455159261505  0.19794142677300397  0.22153488389157761  0.24482872355844973
  0.26745451322001357  0.28998469761507362  0.31221483562116492  0.33495999497323625
  0.35893109310052773  0.38377848826958377  0.40983200420304400  0.43462356503334015
  0.45760125996801942  0.46548274008990093  0.47366236761583519  0.47642935320769481
  0.48193008077403621  0.48876068888549873  0.49552023698229203  0.50260929920998176
  0.50972127790835453  0.51580586378779747  0.52177843514870703  0.52777620532144875
  0.53369401541270312  0.53955897831770849  0.54558135083529691  0.55160853828007195
  0.55783199973699005  0.56401723747539734  0.56974482577868557  0.57535099276984281
  0.58197107418425176  0.58915375356881439  0.59624682318171063  0.60305719260066604
  0.60920682744634869  0.61527186452784344  0.62205440160023218  0.62928353264805881
  0.63637991484466760  0.64339890602867755  0.65039427015045959  0.65701407311227278
  0.66314920102382624  0.67015525619586169  0.67792613200969376  0.68602192781349891
  0.69353043154637828  0.70062003039656173  0.70793573037972868  0.71525611041269743
  0.72201287109602175  0.72899387731082843  0.73656627059367474  0.74404235090649529
  0.75113373136999595  0.75826436639867689  0.76550676765057790  0.77294673806988612
  0.78057662745764167  0.78753011267988449  0.79389201330977655  0.80050154847742694
  0.80817793534058291  0.81725101624858210  0.82647112852335913  0.83465018572478300
  0.84169911095670058  0.84855920974058296  0.85573823199802035  0.86307493618654996
  0.87036839575420710  0.87831786028941050  0.88666957777306654  0.89518027900297270
  0.90447109443536411  0.91449387530836912  0.92440814182867548  0.93405041588150461
  0.94336063900412248  0.95134914107303215  0.95895062206284654  0.96668025849999706
  0.97576563429075791  0.98420929106243205  0.99223523228127986  1.00000000000000000
 -0.00126704556725238  0.00726735603666760  0.01507168324405602  0.02345342436569299
  0.03234857905016088  0.04180898792275192  0.04992724092801435  0.05721995246727202
  0.06414281896370708  0.07380423880669378  0.08379147680477347  0.09468641137394727
  0.10468395535099811  0.11469359371090782  0.12475475349701372  0.13566409928962481
  0.14646604564111099  0.15704593904627492  0.16787993245382629  0.17973212001026001
  0.19234467370140435  0.20447017430596043  0.21655134239947610  0.22672575560270009
  0.23676524756817902  0.24724537861377488  0.25903012554441712  0.27154357223477543
  0.28436434550224654  0.29695801642111613  0.30968374911197560  0.32280498408255553
  0.33526332142645271  0.34669659923175933  0.35726595264391198  0.36870396371724712
  0.37921527059896942  0.38974112576179931  0.40047106842845581  0.41137029100449057
  0.42196691695359756  0.43220062269048265  0.44273119925987708  0.45304109170691581
  0.46445751595180507  0.47740722531083174  0.49099847920106304  0.50410220168546027
  0.51588663393440359  0.52695636821990599  0.53804114437236383  0.55075052984345740
  0.56341254100292515  0.57522321499479845  0.58646632995545389  0.59776597642401552
  0.60899680999704764  0.62011223087803802  0.63081046462356150  0.64059618894085346
  0.65021001794268929  0.66008700595380321  0.67031999623370386  0.68146169553185998
  0.69231504588758641  0.70384548879484987  0.71471440559434585  0.72516550960271398
  0.73558044836251957  0.74532017670177841  0.75640568585487822  0.77038680805717996
  0.78486682636445027  0.79556688475975235  0.80484832822064678  0.81412894462235907
  0.82323393676740553  0.83188623964905306  0.84108168005647632  0.84976349283818675
  0.85881190378664485  0.86850075900000212  0.87826804070242803  0.88824323743142153
  0.89810600473817459  0.90763603812598925  0.91690838341616610  0.92630504069010444
  0.93673609932973789  0.94736867966865346  0.95617991458726226  0.96432947735896213
  0.97179970144067296  0.97954452222631594  0.98944105325140674  1.00000000000000000
 -0.00259485063384735  0.01216264541290622  0.02396686142044573  0.03461753256843260
  0.04415430432559608  0.05365543370102127  0.06344132393753329  0.07436036207003228
  0.08618945587199445  0.09891596057465439  0.11333474541386500  0.12813428759772866
  0.14059134619046454  0.15156091409554109  0.16195454696335534  0.17268443677182013
  0.18368514739860151  0.19516537158118066  0.20635448170993986  0.21667931551764097
  0.22649092592812792  0.23620011075381966  0.24542109505120108  0.25400492989668183
  0.26233720145554784  0.27175547510780962  0.28112866563442368  0.28990967025099768
  0.29835992534352945  0.30733021095208518  0.31771677972783180  0.32925436583877687
  0.34015684462279350  0.34936322941621079  0.35810268249308319  0.36680862711798434
  0.37565146080901918  0.38503718418256094  0.39539755443051716  0.40591620455790062
  0.41688219407531540  0.42907798593282720  0.44141981279528225  0.45404450375282079
  0.46611440316167879  0.47689951705990746  0.48743469469761880  0.49825413341641783
  0.51019684999429538  0.52278165520175979  0.53549678221232733  0.54785811194231337
  0.55926363872690577  0.57021550942531163  0.58073211359493648  0.59097104441499482
  0.60144241939751197  0.61185232322995886  0.62181812141150783  0.63195709612350304
  0.64257510627140024  0.65429262875836680  0.66636661990397095  0.67773821817879187
  0.68726797539706519  0.69528744443981960  0.70334863584325835  0.71151772951377901
  0.72034801979167196  0.73031659869782317  0.74026751938145163  0.75077991965191693
  0.76172358157347508  0.77312136889019134  0.78385271443339277  0.79451443934424881
  0.80546598636960243  0.81666319937858090  0.82839499813798478  0.84088220313685902
  0.85234403150393312  0.86147786168314089  0.87023703461760393  0.87972426559024608
  0.88834948828025662  0.89628290141060740  0.90427256709365733  0.91148428931521164
  0.91765505587578955  0.92644553605782864  0.93559164396467731  0.94893682584810224
  0.96416817235645480  0.97706447766926563  0.98874048028333761  1.00000000000000000
 -0.00137765196597374  0.00742332196489453  0.01500987720618624  0.02270404551238590
  0.03112850111070206  0.03967294734869201  0.04842795966711912  0.05720357326549328
  0.06634978785391997  0.07667333460871249  0.08475685341441054  0.09207662088979067
  0.09950611354052864  0.10758792704165836  0.11780881500910553  0.12876589634042335
  0.13914789271705638  0.14938469257131548  0.16060407333051105  0.17094321139286331
  0.18020071510957161  0.18922400031620193  0.19824310092287378  0.20797018577124568
  0.21666088447439069  0.22345208251568724  0.23089754815452310  0.24119047899599638
  0.25385629953753630  0.26594603772093173  0.27559369320937183  0.28582123033832402
  0.29672976633947257  0.30858508640999649  0.31949428731745272  0.32941946889775214
  0.34017964491440744  0.35217677253815211  0.36418113471614227  0.37580033390691442
  0.38757156482669247  0.39974210561623641  0.41138718168933158  0.42302689147290556
  0.43496720957273388  0.44766796812703546  0.46155671008594529  0.47510829805006982
  0.48667743738290181  0.49696120350843753  0.50734267555746704  0.51829650633784385
  0.52957366913015291  0.54070466851370214  0.55130716127879398  0.56210104036292441
  0.57263182319369688  0.58400361028695480  0.59491000300898089  0.60696004067235787
  0.61896592641569348  0.63100589453781464  0.64267144857719005  0.65468425410518116
  0.66684103203536915  0.67770692176467284  0.68917176887961684  0.70188516432798864
  0.71507568684294875  0.72706195404250229  0.73835411167376896  0.74944960284029294
  0.76092113268580419  0.77270806297676053  0.78383143665188504  0.79386725293010196
  0.80340398591748741  0.81311016498628730  0.82312513088892436  0.83300159880731683
  0.84269666757060624  0.85296135271609952  0.86411023527470654  0.87576532801064977
  0.88720721849521811  0.89801908865881963  0.90844597853523334  0.91991716828720782
  0.93081461915315100  0.94071945518921318  0.94917027583863334  0.95873549029989236
  0.96950207194887217  0.98017604607332565  0.99014981378674516  1.00000000000000000
 -0.00211002608551629  0.01004514804946080  0.02107919289181814  0.03206004008042113
  0.04361047970532642  0.05500175838795856  0.06533306049622947  0.07477864154542542
  0.08374115259808472  0.09192552831135982  0.09994161418395517  0.10795497854136860
  0.11600757347217773  0.12564162014628261  0.13703827186257359  0.14777183258907869
  0.15729296634774356  0.16589666043529563  0.17336120606786690  0.18146992745315349
  0.19047358930791317  0.20018920792848674  0.21043332725107311  0.22067781451291710
  0.23051427322804369  0.23982869310981825  0.24908227901620980  0.25901556018662086
  0.26904099551164795  0.27814557706872439  0.28703976852501051  0.29613253220135421
  0.30596191862784700  0.31647348918990936  0.32706121127615539  0.33739072585975660
  0.34790949186352960  0.35865170364431209  0.37003797796581683  0.37984366691327748
  0.38759881527973156  0.39570511617760484  0.40273105504964274  0.40986685993412203
  0.41740512529137924  0.42552903576832307  0.43326518290814836  0.44225917331006520
  0.45280678894218979  0.46465572899588520  0.47838571276247494  0.48951108597582232
  0.50080209117498276  0.51178099503277386  0.52329002874848374  0.53521346655362934
  0.54927643937633364  0.56416632947726286  0.57577577120050194  0.58658736562873137
  0.59722775662079552  0.60845006281207470  0.61946854592712342  0.63056347902145049
  0.64292897363200918  0.65594222933195778  0.66983413584297324  0.68407587573399387
  0.69740230065319608  0.70907381220392407  0.71898578761750731  0.72786191584530280
  0.73668510333815307  0.74623494237908938  0.75762419531353786  0.77062738914286744
  0.78449911491929303  0.79824000369989079  0.81002003649418797  0.82084561935797518
  0.83099323399018077  0.84166287023829345  0.85382036214481771  0.86781973588366856
  0.87965881479797892  0.88963457377731991  0.90059664880148749  0.91163513504669691
  0.92258851901992156  0.93311024661763475  0.94305428299753635  0.95254624303385527
  0.96253092660320638  0.97357552773715328  0.98711777146329072  1.00000000000000000
 -0.00281603520656101  0.01081820097719634  0.02150679707794599  0.03264689080222859
  0.04432560328021236  0.05342278870099268  0.06262242492256744  0.07137748140449736
  0.08114769738486967  0.09320524048543899  0.10447328857010865  0.11339906709945498
  0.12233831800313390  0.13105230345789015  0.14041148739063253  0.14975649734500573
  0.15901132748854416  0.16874785137601378  0.17906562195227821  0.18983871694369681
  0.20229543775063746  0.21565712976203108  0.22921251932514372  0.24150853640016354
  0.25288818165119964  0.26344666607385003  0.27343702293012973  0.28273151322520923
  0.29159687092720743  0.30057917928396016  0.31017460026552623  0.32116573013165428
  0.33240854825719723  0.34337609183381707  0.35438411716834234  0.36506645802559556
  0.37620100829454278  0.38657387209719141  0.39825803030175289  0.41095375178052423
  0.42266607119697991  0.43335605517811249  0.44377757608651580  0.45447701261100182
  0.46634822492199879  0.47801327614980615  0.48908428956968297  0.50008616249045090
  0.51157149494804444  0.52272398358416883  0.53431092936918256  0.54610444292686389
  0.55881469717870258  0.57018961895902232  0.58092111457396456  0.59052285037755758
  0.60075352049921449  0.61279647784999181  0.62602946226674350  0.63554763314152052
  0.64425545625652247  0.65327594704292369  0.66248162953220746  0.67113866624961982
  0.67950950806918420  0.68834330475158712  0.70140735379957120  0.71345039859765258
  0.72542117980127041  0.73640585775084788  0.74737001685227822  0.75882414868474846
  0.77135182676145231  0.78471240849889023  0.79795130708034112  0.81103396105108316
  0.82292873881565964  0.83438379503608806  0.84589135634247936  0.85787230059964381
  0.86868471291750216  0.87880098267076046  0.88915403876798327  0.90092261627492454
  0.91321788159978989  0.92288730457675994  0.93135932679698918  0.93974164047052466
  0.94893359999590543  0.95747441398144739  0.96500898221255305  0.97237470296067197
  0.98044247735136758  0.98751155011744141  0.99379492160973348  1.00000000000000000
   2.9520464919374732E-007  -1.0000000000000000     
 T T T T T T T T T T T T T T T T T T T T T T T T T T T T T T T T T T T T F F F F F F F F F F F F F F F F F F F F F F F F F F F F F F F F F F F F F F F F F F F F F F F F F F F F F F F F F F F F F F F F F F F F F F F F T T T T T T T T T T T T T T T T T T T T T T T T T T T T T T T T T T T T F F F F F F F F F F F F F F F F F F F F F F F F F F F F F F F F F F F F F F F F F F F F F F F F F F F F F F F F F F F F F F F F F F F F F F F F F F F F F F F F F F F F F F F F F F F F F F F F F F F F F F F F F F F F F F F F F F F F F F F F F F F F F F F F F F F F F F F F F F F F F F F F
  <DiscreteSampler_grid>
  grouped_processes
  1 # 1 for a reference and 2 for a running grid.
  10 # Attribute 'min_bin_probing_points' of the grid.
  1 # Attribute 'grid_mode' of the grid. 1=='default',2=='initialization'
  0.0000000000000000 # Attribute 'small_contrib_threshold' of the grid.
  0.5000000000000000 # Attribute 'damping_power' of the grid.
 # binID   n_entries weight   weight_sqr   abs_weight
    10   10   1.654480417970203E+002   1.222595166366971E+005   1.654480417970203E+002
  </DiscreteSampler_grid>
