 -0.00150405250850491  0.01079346434518889  0.02165961843089033  0.03279348909849615
  0.04387618458633510  0.05469868142829175  0.06553891053769847  0.07608890074517211
  0.08666736884021604  0.09682909331758144  0.10719160838169389  0.11785988928475008
  0.12866996871141442  0.13940669889239557  0.15006697944824837  0.16078728664140077
  0.17151585349066517  0.18223087877115537  0.19299014507481238  0.20361535745788051
  0.21402199042155584  0.22410234028408918  0.23447190579523763  0.24469721189246835
  0.25476209325719623  0.26429358260168012  0.27427494314303857  0.28422197420265455
  0.29453592475240181  0.30460811641374802  0.31462301569635837  0.32496344738915522
  0.33526630389130591  0.34541208491863451  0.35569783546959038  0.36610636225593918
  0.37673443561689562  0.38706064292792763  0.39719859501490568  0.40752578103072107
  0.41792883616427950  0.42825231142538001  0.43845833661736844  0.44877981401610939
  0.45933422121419898  0.47029904161496711  0.48132819352093881  0.49241201660428274
  0.50317692497825195  0.51406922961087176  0.52499196536765180  0.53570814567999614
  0.54623435816736043  0.55653885488046895  0.56651107193003192  0.57675211809789906
  0.58718370695947697  0.59816868076561103  0.60932506476164594  0.62036468711174275
  0.63135113252581809  0.64250811573707645  0.65313003105267731  0.66354637554663776
  0.67378424488573541  0.68401275240900561  0.69397951132243330  0.70391687461064034
  0.71389634363261467  0.72407791582149827  0.73403276267395512  0.74420798515463848
  0.75465066430681216  0.76522415359950224  0.77582851221641758  0.78640435148832377
  0.79695512660902323  0.80756762060715903  0.81830163563181202  0.82844457268025928
  0.83833679006940032  0.84814707155228830  0.85839141015906573  0.86870272302219131
  0.87922176230504623  0.88964097653873619  0.90020867312387354  0.91024954405023406
  0.92028817119470363  0.92998618911330067  0.94001085630653380  0.95044087926261334
  0.96140705345752953  0.97263041660068994  0.98571352815661506  1.00000000000000000
 -0.00180154488916491  0.01260086480902934  0.02450444379173751  0.03533381693204663
  0.04588388182240330  0.05661437024160906  0.06757725081113709  0.07842069682050419
  0.08914070393175715  0.09950501259073759  0.10984409070533382  0.12009172350231273
  0.13037849077263231  0.14065855478425690  0.15086791847075640  0.16098318402221976
  0.17113316761783381  0.18147759695033325  0.19177701333706323  0.20208130718854586
  0.21253968557496655  0.22373441457500179  0.23525914773824391  0.24687855299130673
  0.25814635837767119  0.26934070162573126  0.27989515528137116  0.29038601741122250
  0.30046670770131501  0.31036836396773287  0.31986890832372472  0.32929675857687662
  0.33892200379446774  0.34877165466160293  0.35847457043094394  0.36815422723017616
  0.37787191922780761  0.38795808551527827  0.39833947276641557  0.40886352052485214
  0.41934454342047717  0.42954725514536113  0.43964886370590966  0.44968058548565470
  0.45987405753057947  0.47029589331216665  0.48076027536023963  0.49123349491299079
  0.50159320550990993  0.51166305858494621  0.52177067334922067  0.53199608775263729
  0.54230467542478356  0.55262805827505357  0.56308401664971686  0.57373446474230549
  0.58437276736068833  0.59490950783070040  0.60561017931392980  0.61647827695467161
  0.62722757120008665  0.63776934521517648  0.64820268060980191  0.65866433772763977
  0.66929535613275759  0.67986406088084916  0.69027623115454018  0.70061188235857152
  0.71124657216138132  0.72237829363469042  0.73317630202074402  0.74382669551923120
  0.75422589041358301  0.76448852555736724  0.77479746780437497  0.78499175128881216
  0.79525992987435090  0.80565120834406923  0.81621967194182388  0.82727858875270788
  0.83802993623996758  0.84872010814946020  0.85916453672094362  0.86997215538857153
  0.88082255739029125  0.89185001201663772  0.90282395031237994  0.91382509159224989
  0.92445435763175499  0.93500606993593649  0.94539995162245871  0.95565053487635598
  0.96594671270200605  0.97626663298489047  0.98784328668842214  1.00000000000000000
 -0.00615653497074603  0.00886783709865889  0.02645917985962853  0.04881813657739315
  0.07011098355620572  0.09092633711344679  0.11134703061501668  0.13085585837745470
  0.14981731579286822  0.16910964016937541  0.17512962734431464  0.17903135203734499
  0.18619157197469247  0.19285466814065599  0.19953166775574033  0.20616875968103754
  0.21277189410198000  0.21946062061167709  0.22627379626420402  0.23315007960295828
  0.24011311562475568  0.24721650622045210  0.25439997665919112  0.26159360380375257
  0.26886347233234609  0.27627034521351973  0.28374567652273736  0.29130084811351592
  0.29897740337522855  0.30674331179436232  0.31457175052406761  0.32251263468173907
  0.33053249767592530  0.33856589978978180  0.34663042905983726  0.35477569787817670
  0.36313623819746077  0.37154614553235954  0.37998420971568780  0.38846158409901399
  0.39711962615156093  0.40588614427242159  0.41474664919063531  0.42371019148331440
  0.43268510085273476  0.44163353966287400  0.45063244390356549  0.45977973626818913
  0.46906998033003633  0.47843737494120231  0.48786962499557951  0.49743487776036371
  0.50706267477093414  0.51669630051551507  0.52635008651665360  0.53611190742612347
  0.54592997577593616  0.55579488493313611  0.56572504603939588  0.57583633018299440
  0.58609492315036738  0.59655364470784489  0.60709006820886802  0.61766603764167405
  0.62828776719718249  0.63889459925654768  0.64964259685943593  0.66048244803973022
  0.67150035477463288  0.68264003858536826  0.69386313149823875  0.70514468975103228
  0.71642581275282169  0.72762464443109010  0.73878284727952992  0.74995751301886660
  0.76131950332824017  0.77291386710685506  0.78470612463840239  0.79671769033776429
  0.80884588952942038  0.82102953788953326  0.83323995276745255  0.84550962687978559
  0.85792376349960653  0.87047203729309619  0.88307029971798612  0.89571449649695223
  0.90846054482138006  0.92129035903534984  0.93415351994574025  0.94707106868398716
  0.96009737651236915  0.97326968824964666  0.98653595406194750  1.00000000000000000
 -0.00279024842153878  0.01019393577447833  0.02109778228239492  0.03184372043107794
  0.04257172039362029  0.05271579840155460  0.06272385195593443  0.07221397167717813
  0.08174328900566069  0.09170323988602336  0.10216511362275831  0.11306389680701069
  0.12392241590607439  0.13475424156745264  0.14561076384450783  0.15618488946049849
  0.16672344186261739  0.17741350688395563  0.18851597458810007  0.19950286820962293
  0.21027304047197709  0.22098449780262347  0.23191424893408488  0.24295345826978698
  0.25371027800668045  0.26424128841775069  0.27480613818933453  0.28546083950553303
  0.29567638639067195  0.30547937108541862  0.31536366847206193  0.32533053332507789
  0.33535366157026053  0.34549059687412564  0.35591868008876459  0.36701368274165808
  0.37781057495595227  0.38859456960954458  0.39972376117166691  0.41089237720714999
  0.42208089740044147  0.43285303710414663  0.44345718616986957  0.45398778729728778
  0.46453124660390999  0.47489431653565584  0.48504364429070035  0.49492074207260439
  0.50509180949125421  0.51537628816890602  0.52605726229818250  0.53700594981611283
  0.54776153414105255  0.55847084947411529  0.56945216008079891  0.58033554687198285
  0.59093533133206366  0.60130193800228238  0.61178528904647478  0.62231483214968430
  0.63282603174179775  0.64337888919043551  0.65422578302480716  0.66500079120928546
  0.67568839924652346  0.68638323730523143  0.69658070825645002  0.70662804427989778
  0.71668721309439487  0.72684808167998305  0.73709906875203046  0.74724402314989702
  0.75740568361890193  0.76764577561690861  0.77800731885261643  0.78851865811849819
  0.79875376150255117  0.80899002044851565  0.81951769412343478  0.83010182985656167
  0.84072339826288378  0.85117909900320987  0.86184336503359982  0.87243900496229643
  0.88312623445137239  0.89347862815260093  0.90398831859130946  0.91424377834478432
  0.92475828235103763  0.93557072574992961  0.94664769603255439  0.95781646031153334
  0.96848939912343346  0.97934696455655712  0.98966598662775085  1.00000000000000000
 -0.00266317658954336  0.01131262936522441  0.02289926623336434  0.03449795778031171
  0.04627649744107924  0.05813992996559584  0.07000474708042635  0.08164242306014705
  0.09370633711916675  0.10564922000513863  0.11762720985998036  0.12939831438183830
  0.14112423862895951  0.15250714708859664  0.16387860852819094  0.17492937332842939
  0.18615905826886819  0.19724863494049311  0.20833129054800215  0.21901455646841522
  0.22958880903298401  0.24027058802511811  0.25117785622935129  0.26228212016862273
  0.27372173829111734  0.28542191677664280  0.29719098186968451  0.30878658836963302
  0.32008308620968251  0.33079504110662289  0.34130819325746936  0.35156953084062709
  0.36185655130818239  0.37206863777456228  0.38250718031226816  0.39313671583168791
  0.40378582761426740  0.41445896193448645  0.42528784044600870  0.43627865005591060
  0.44726702765587861  0.45826129884828576  0.46932938841556920  0.48037073995303681
  0.49127884554120815  0.50176040733232941  0.51168043381041806  0.52133697834994674
  0.53107907227713425  0.54108279999021658  0.55126302570429186  0.56178390974212011
  0.57266951363535190  0.58361711144578132  0.59435663059073751  0.60464979972634314
  0.61457437421695593  0.62442528020102939  0.63443828536542091  0.64450922158417190
  0.65406062947534671  0.66327291662309396  0.67254068040768467  0.68205184517937834
  0.69188787883019132  0.70189256213227036  0.71195868985807964  0.72202387922522948
  0.73210018862338588  0.74230306903962540  0.75261291308990264  0.76305621693864167
  0.77368937982450581  0.78436317943084533  0.79494352726527440  0.80526502749960893
  0.81550102248704115  0.82566744488137445  0.83589185641413888  0.84573715248992487
  0.85524884234835685  0.86471509915593026  0.87429421734859014  0.88401967697540118
  0.89334875198516628  0.90243259096717554  0.91149136635365502  0.92117293306929837
  0.93122088276554460  0.94130455394519408  0.95120860698713561  0.96082377276759789
  0.97053618135425324  0.98015544413372080  0.99004262125793052  1.00000000000000000
 -0.00245189579933124  0.00969333066431097  0.01950297014431483  0.02995693916180282
  0.03997015918400262  0.05026248586815648  0.06050835046517918  0.07117427344400248
  0.08172232585209757  0.09215856403340011  0.10269596792301874  0.11377190724457009
  0.12493058895945959  0.13535633178432790  0.14559537023064889  0.15611844574747943
  0.16666654348361731  0.17702387349942308  0.18726820348212803  0.19776794489241753
  0.20817706419039922  0.21871301288410200  0.22937952498380748  0.24021100747806393
  0.25053086610090519  0.26068416246094700  0.27063885551045697  0.28042069059312352
  0.29020915645701062  0.30025340070910683  0.31063063488519499  0.32084998512848406
  0.33093866264739918  0.34130442540827827  0.35203977028230155  0.36270241186473590
  0.37311644533229316  0.38344820410613523  0.39385727819569821  0.40444664266660624
  0.41528898443365625  0.42603572782223176  0.43664100886191026  0.44712219269574899
  0.45781299694529537  0.46853951488135931  0.47957666934517418  0.49060723960508990
  0.50165698543099813  0.51252589197381881  0.52341119271649983  0.53444186854644604
  0.54560454874989017  0.55669521278653444  0.56760246363656430  0.57805938564932169
  0.58820532341087817  0.59818508722786834  0.60829329253574649  0.61843408933743560
  0.62902616260075617  0.64001233313526662  0.65117880393072913  0.66235856453800102
  0.67312551331490200  0.68400604468605342  0.69395304689130755  0.70377557866320051
  0.71376642775736343  0.72384693579450521  0.73409621390099389  0.74414733587164461
  0.75486653137953119  0.76595539146983582  0.77705132792354958  0.78836483681235858
  0.79961671931081690  0.81093294989275388  0.82231103599654642  0.83348026272652642
  0.84455338793661505  0.85528886243406466  0.86611728013164346  0.87703694169005286
  0.88814701925255146  0.89880314067342837  0.90903864855884464  0.91911717244323166
  0.92926921601268275  0.93909935601256245  0.94888134727084250  0.95882069304365813
  0.96941380831521029  0.97981141801186689  0.98994224018181887  1.00000000000000000
 -0.00199662984022724  0.00657307106456635  0.01475932597971326  0.02290520432619819
  0.03141313929418581  0.04020823449696685  0.04899103159335777  0.05765897227843946
  0.06620644800136999  0.07457379329015083  0.08274240203776818  0.09070818081140471
  0.09859137059608857  0.10651591882952879  0.11451352124391491  0.12255754801930346
  0.13056388675622535  0.13844298592139578  0.14660279370911461  0.15537044291878194
  0.16419140354387302  0.17287367174663040  0.18162337564669093  0.19062094478932673
  0.19994964862814146  0.20938393022094692  0.21880012379697250  0.22830114943973928
  0.23785372632251789  0.24763183075484693  0.25739851083111331  0.26748477608545257
  0.27722779302857425  0.28703157696099180  0.29661507659456038  0.30633496758678380
  0.31600101504158262  0.32578417292396927  0.33553602144676720  0.34522685725832264
  0.35489091844410242  0.36487206294784269  0.37490578217576292  0.38491796092985725
  0.39502975612487823  0.40564650185003243  0.41630517617934437  0.42656756554873332
  0.43654255670726488  0.44657569579027584  0.45692274694429391  0.46736082412714564
  0.47758327355797953  0.48767213546159166  0.49786031331035913  0.50850790829900294
  0.51952424720414236  0.53047585262215780  0.54146865872828864  0.55264484279552573
  0.56397802403686192  0.57538954737464543  0.58690005961018921  0.59858470994647017
  0.61012735971810750  0.62155772409368748  0.63296672909135876  0.64432923143564702
  0.65561368940111153  0.66691180193556232  0.67840091849639639  0.68998638893167874
  0.70162426185824467  0.71316370498196979  0.72462698752405041  0.73654338620221127
  0.74848638884625851  0.76078806354672313  0.77293967436744915  0.78545578472956123
  0.79769751657764876  0.81019350859056505  0.82266585444812856  0.83528000416992887
  0.84802629850069888  0.86109809550405092  0.87425396915490561  0.88748845188276804
  0.90049103167923061  0.91322384758017705  0.92622851989351163  0.93992014825056081
  0.95432766632483890  0.96949811862933144  0.98475357317882817  1.00000000000000000
 -0.00252094006906562  0.00955733351961832  0.01939328182049093  0.02989511941859859
  0.04051276271066741  0.05134101314764985  0.06219245737613814  0.07313756050843427
  0.08408774652556947  0.09472391788181371  0.10545046624438519  0.11603059751443451
  0.12659341031418730  0.13750013156349467  0.14825960360028614  0.15932501147412476
  0.16987585096940422  0.18027775154146919  0.19020360823307794  0.20000867578585579
  0.20995073113910234  0.22006719386159701  0.23048899813525139  0.24114466600556184
  0.25207447758987822  0.26289254985193505  0.27385199867036530  0.28453983122564042
  0.29534430043529236  0.30615088602208074  0.31692148942096077  0.32775841917478271
  0.33828351871932105  0.34874284490725521  0.35916640743738432  0.36956658804310277
  0.38016190438653902  0.39091924938316641  0.40162046573124160  0.41244126662923525
  0.42287820881241556  0.43334278080725230  0.44369644096808819  0.45369666542819675
  0.46348464447726445  0.47297527857072530  0.48288665689522225  0.49295047415036758
  0.50310949783697667  0.51341405557523812  0.52390807919220839  0.53472534508241931
  0.54514137401936724  0.55553982218089915  0.56608813704393435  0.57712625435327891
  0.58768834657710078  0.59820335937991020  0.60871670378238041  0.61971083178929431
  0.63036257957093733  0.64098322557081000  0.65176284277210628  0.66264690510799806
  0.67346144371422689  0.68428050259305262  0.69473468946220629  0.70497919004697862
  0.71533283475321296  0.72526303761999245  0.73535216871579556  0.74508834598120155
  0.75526289202738583  0.76581825474271792  0.77624425479702863  0.78699570909679439
  0.79787538306029204  0.80887827860144335  0.81947620374171160  0.82956392756549435
  0.83959179302296572  0.84942229629938348  0.85947076325129346  0.86927270814383562
  0.87937046816079290  0.88967888915702398  0.90057922240785993  0.91181102365301470
  0.92288964285155917  0.93359394678021013  0.94416792779611902  0.95464647629285893
  0.96530364629239007  0.97626021303909249  0.98794573373340289  1.00000000000000000
   3.2156862594185107E-006  -1.0000000000000000     
 T T T T T T T T T T T T T T T T T T T T T T T T T T T T T T T T T T T T F F F F F F F F F F F F F F F F F F F F F F F F F F F F F F F F F F F F F F F F F F F F F F F F F F F F F F F F F F F F F F F F F F F F F F F F T T T T T T T T T T T T T T T T T T T T T T T T T T T T T T T T T T T T F F F F F F F F F F F F F F F F F F F F F F F F F F F F F F F F F F F F F F F F F F F F F F F F F F F F F F F F F F F F F F F F F F F F F F F F F F F F F F F F F F F F F F F F F F F F F F F F F F F F F F F F F F F F F F F F F F F F F F F F F F F F F F F F F F F F F F F F F F F F F F F F
  <DiscreteSampler_grid>
  grouped_processes
  1 # 1 for a reference and 2 for a running grid.
  10 # Attribute 'min_bin_probing_points' of the grid.
  1 # Attribute 'grid_mode' of the grid. 1=='default',2=='initialization'
  0.0000000000000000 # Attribute 'small_contrib_threshold' of the grid.
  0.5000000000000000 # Attribute 'damping_power' of the grid.
 # binID   n_entries weight   weight_sqr   abs_weight
    10   10   1.633301481253180E+005   5.772773359770027E+010   1.633301481253180E+005
  </DiscreteSampler_grid>
