 -0.00402377713880975 -0.00093516998034682  0.00626862131100964  0.01957513248115998
  0.03339817946746571  0.04753663751761680  0.06211576469308844  0.07527253620752933
  0.08809110237041827  0.10073968295968228  0.11321225817708229  0.12531118003912620
  0.13772118347866111  0.15113578316699411  0.16457978249199803  0.17804962958873724
  0.19155672039635577  0.20537262068894435  0.21924174832603074  0.23312351705055381
  0.24696582651590748  0.26087735176893034  0.27497915731168715  0.28923440927169902
  0.30354202299680982  0.31785542602956579  0.33201109869040601  0.34610308750396851
  0.36035356074724012  0.37465715080216910  0.38901001098055643  0.40335947479255446
  0.41757191207424310  0.43160526891598106  0.44546069368082891  0.45937447611340720
  0.47339590088487116  0.48738966390837507  0.50134776437430217  0.51526097634689660
  0.52902501590267093  0.54263697356732221  0.55605947150186374  0.56976788602119344
  0.58348353831874489  0.59717349809882170  0.61095487269746596  0.62469583213119584
  0.63838568410277785  0.65213183591506374  0.66584706125200832  0.67952474563895482
  0.69355921619718186  0.70763539506181949  0.72173578727190568  0.73566840135813949
  0.74959689759154491  0.76351172225653585  0.77714511080703153  0.79080776282396548
  0.80449975007145136  0.81810383986418223  0.83179048520809595  0.84559033019484986
  0.85921590782281254  0.87285264708306898  0.88653765783735383  0.90002452210634110
  0.91356562297984878  0.92733303826238811  0.94071678892704380  0.95393822030383024
  0.96701649199204065  0.98128875509448665  0.99113811244635397  0.99367928292475605
  0.99370950798418367  0.99382560371538942  0.99416516923785203  0.99450573553455590
  0.99484406931279989  0.99517837734553216  0.99551864342186613  0.99586172110780735
  0.99620775195943634  0.99655676239409963  0.99690549601493672  0.99725286926490830
  0.99759512636740100  0.99793600654526049  0.99828121633159306  0.99861899946266242
  0.99896150405079320  0.99930895593658231  0.99965228826371888  1.00000000000000000
 -0.00330074375398351  0.00903247866460056  0.02181950432690135  0.03489997829774957
  0.04812871125081372  0.06225646959157702  0.07793600564913898  0.09353438339414241
  0.10510903426394926  0.11265485548487514  0.12008542164755663  0.12747154503402836
  0.13481042332298998  0.14293153155977043  0.15141253563569249  0.15931010275383173
  0.16892984753999948  0.18404766364804392  0.20155333959118238  0.21855930382382349
  0.23420663559271310  0.24853091095878374  0.26209193076646681  0.27547388924784788
  0.28884017646605126  0.30509134226377638  0.32310822148906165  0.34231811845447907
  0.36174325449855693  0.37541466682482588  0.38255366706941835  0.39001424097109894
  0.39789172211256169  0.40617672742760530  0.41484746447419590  0.42316557808396227
  0.42997604267383988  0.43880195367681790  0.45296771495827420  0.47012054625282090
  0.48752905327400986  0.50398195571716120  0.51923418760294593  0.53635850037097765
  0.55159354881730949  0.56302771928963535  0.57025892460127692  0.57732696615883006
  0.58506557936382408  0.59183295480620479  0.59834396099596754  0.60516704041855163
  0.61223972433026763  0.61872376392018091  0.62526552411818226  0.63296063932557189
  0.64164401239462765  0.65022827665637906  0.65904487600588879  0.66779080957948211
  0.67591279613840660  0.68247360435593396  0.69184708047473331  0.70714386724919831
  0.71568731033492095  0.72421540451462552  0.73304399635590922  0.74203391817428443
  0.75075389647313973  0.75798323945328561  0.76433441285056614  0.77052628313360672
  0.77731181166095376  0.78485244220994821  0.79350886533692844  0.80227834410186782
  0.80885073710400046  0.82493465227492258  0.83583805205561512  0.84372739167502186
  0.85100016439927340  0.85844669056828671  0.86645868747437804  0.87546475882193509
  0.88446408382366271  0.89162276473146074  0.90011929678470393  0.91263744020006587
  0.92787302416776474  0.94388114404549439  0.95701418172092467  0.96791884846205933
  0.97781812693643322  0.98568642922708027  0.99295831762924280  1.00000000000000000
   1.4600057096169560E-003  -1.0000000000000000     
 T T T T F F F F F F F F T T T T F F F F F F F F F F F F F F F F
  <DiscreteSampler_grid>
  grouped_processes
  1 # 1 for a reference and 2 for a running grid.
  10 # Attribute 'min_bin_probing_points' of the grid.
  1 # Attribute 'grid_mode' of the grid. 1=='default',2=='initialization'
  0.0000000000000000 # Attribute 'small_contrib_threshold' of the grid.
  0.5000000000000000 # Attribute 'damping_power' of the grid.
 # binID   n_entries weight   weight_sqr   abs_weight
    10   10   4.581078093650045E+009   2.098627650057300E+019   4.581078093650045E+009
  </DiscreteSampler_grid>
