 -0.00673009853904997  0.01653111371650754  0.03884111835305468  0.06116823788379813
  0.08307774640592140  0.10464869401274068  0.12263965761713891  0.14021883338444030
  0.15818542635598795  0.17587342203354975  0.19350708829766811  0.21260061122235452
  0.23204086162027618  0.25204706762317247  0.27208551188476765  0.29213930394152920
  0.31180608616526939  0.33129798871070071  0.35039299069678920  0.36947569029376531
  0.38854980309718629  0.40751060966548164  0.42649849653692462  0.44570470235287685
  0.46484129673178010  0.48389972053005059  0.50278712752652166  0.52159984575632312
  0.54005893400698823  0.55854915354593604  0.57709856143115545  0.59578272169216995
  0.61454334968972779  0.63344476742230904  0.65232356924820878  0.67110201213024612
  0.68979496061341006  0.70840831906041790  0.72771012374792554  0.74721299650670814
  0.76653009708680819  0.78583444661101709  0.80509074623185395  0.82329528376506533
  0.84021723389119340  0.85903489612124784  0.87473126932125844  0.87855803569277102
  0.87893234865276837  0.87978807731819686  0.88199543486388998  0.88455361059204574
  0.88708836421202564  0.88962351122164174  0.89219212204875253  0.89480275168128109
  0.89741017792097222  0.89998511939281411  0.90253150485222633  0.90509784202275789
  0.90766468758819097  0.91024887071264626  0.91288673350477878  0.91551713585883854
  0.91812811003112760  0.92071024336759322  0.92332456180570843  0.92600461706863058
  0.92866822158766171  0.93128628053654983  0.93391644292000986  0.93654793531141967
  0.93918707145889380  0.94184884449403727  0.94450300097616291  0.94714579631297224
  0.94977986082281962  0.95239510912168024  0.95499287355439744  0.95756312915308883
  0.96017166426416345  0.96281329121546666  0.96546565039864884  0.96811733997651850
  0.97075172261171561  0.97338083786525831  0.97604029452605923  0.97871732923817945
  0.98136918505710136  0.98396879808946713  0.98658916310204181  0.98928353640531330
  0.99199828913426613  0.99467540546912592  0.99733495911173631  1.00000000000000000
 -0.00148825283749397  0.00702083277557131  0.01433240448668865  0.02220525901832819
  0.03058981861803856  0.03885719119552086  0.04856226074781068  0.05845876777075206
  0.06797287048786052  0.07746645054689941  0.08653137189306231  0.09455735502004811
  0.10275477882693489  0.11125233979314514  0.11928627997072011  0.12710580696911303
  0.13582681751444034  0.14490519960710238  0.15660626305990819  0.16995554400929250
  0.18320484432309189  0.19376386924803243  0.20336050432374209  0.21352589647174602
  0.22338638480953882  0.23256226107770037  0.24013071972907213  0.24836430914787924
  0.25741823051024548  0.26741240790178539  0.27704091654064950  0.28566357981713292
  0.29414004059316123  0.30321999980720304  0.31328954959302618  0.32336756155103075
  0.33449229733290298  0.34568740437018952  0.35659296757556447  0.36689717734412364
  0.37513645288713610  0.38877118787395454  0.40216547892661841  0.41565501405326211
  0.42929671847154832  0.44259262477352002  0.45522556191637109  0.46719794036493800
  0.47826783748645857  0.48767544884103597  0.49652650299008194  0.50700066720657244
  0.51780376947467566  0.52784246382552424  0.53802530879498611  0.54980468850848574
  0.56199847684343662  0.57318837858932059  0.58377245640662034  0.59180835786475494
  0.60100543755289215  0.61012557833955394  0.61936750102589988  0.62835885357316501
  0.63672223130921746  0.64498283314722915  0.65469854020434848  0.66597751465014943
  0.67939841091222841  0.69289981352506647  0.70601733870997330  0.71903668068808468
  0.73233447176833555  0.74554600366869217  0.75922549723269428  0.77367253543710401
  0.78895444837524265  0.80402130687070661  0.81651157165217481  0.82592590843007641
  0.83474069266877404  0.84347571327500837  0.85233797414907664  0.86142245306292287
  0.87120945545437456  0.88336464795561254  0.89701883316794040  0.91003481331563063
  0.92183649175508031  0.93438431477003336  0.94838593666801396  0.96135725983357834
  0.97129761230664191  0.98050824631236588  0.98975372380165694  1.00000000000000000
   1.9584240517165336E-004  -1.0000000000000000     
 T T T T F F F F F F F F T T T T F F F F F F F F F F F F F F F F
  <DiscreteSampler_grid>
  grouped_processes
  1 # 1 for a reference and 2 for a running grid.
  10 # Attribute 'min_bin_probing_points' of the grid.
  1 # Attribute 'grid_mode' of the grid. 1=='default',2=='initialization'
  0.0000000000000000 # Attribute 'small_contrib_threshold' of the grid.
  0.5000000000000000 # Attribute 'damping_power' of the grid.
 # binID   n_entries weight   weight_sqr   abs_weight
    10   10   1.628260148972557E+008   2.651250445569988E+016   1.628260148972557E+008
  </DiscreteSampler_grid>
