 -0.00524789519084990  0.00945426799034991  0.02447867370826238  0.04034086757712644
  0.05646664617350575  0.07280614725087960  0.08633802519524011  0.09947779560247905
  0.11262132562210304  0.12583576030415142  0.13901629937307822  0.15196042986177546
  0.16627636026092785  0.18134038628541840  0.19611575840666814  0.21093922878014207
  0.22583353986302243  0.24063864210126637  0.25540377742992704  0.27009303155990577
  0.28479608241215604  0.29951082808856855  0.31431059036032333  0.32922090436797247
  0.34436529148031902  0.35949287780786315  0.37460361643925938  0.38963432432223055
  0.40455529344289465  0.41936846076372353  0.43421288933460755  0.44906334431391592
  0.46391912011518222  0.47905158622428068  0.49433075223849376  0.50962096130098422
  0.52491963540351505  0.54022968055016385  0.55561216153517634  0.57101077616092988
  0.58640756016252071  0.60183816522226585  0.61729114598155965  0.63278166161796945
  0.64832511504861901  0.66394762282755060  0.67959622034336864  0.69521853592540095
  0.71072023408415896  0.72607561051865044  0.74134430474096957  0.75670654517389446
  0.77208036680333136  0.78746847165419154  0.80293481859463189  0.81838931986349905
  0.83378320840366105  0.84908462661171158  0.86446203671649868  0.88114105992768466
  0.89783088680213052  0.91453341887937623  0.93174692736148279  0.94686639945181805
  0.95702968204588201  0.96907978823887186  0.97439786798599459  0.97512641644224995
  0.97528492953358981  0.97605067897837183  0.97697065366126468  0.97789265719386320
  0.97880663080127506  0.97972098689701292  0.98063743473073661  0.98155131558001396
  0.98247057113858427  0.98339698331896697  0.98432544478094075  0.98524626638526658
  0.98616655282376586  0.98708690838667701  0.98800238388991302  0.98891448623972555
  0.98984144502197946  0.99076691898396496  0.99169173798502763  0.99260692908211556
  0.99353158493159532  0.99445992522446736  0.99538758369024460  0.99631358234309497
  0.99724126050591244  0.99816241350296353  0.99908233552064796  1.00000000000000000
 -0.00436425762469687  0.01300363552437586  0.02659814604970708  0.03772063667226920
  0.04842049876733522  0.05966772537006913  0.07039963857596934  0.08057138504923216
  0.09093709275430913  0.10198591520387081  0.11329870279108598  0.12764459386213697
  0.14395383324239944  0.15445086921707502  0.16367210515331371  0.17303918449658803
  0.18223285985453869  0.19165561938468462  0.20027173236878851  0.21157367865099047
  0.22573944071579533  0.23812334358220005  0.24840954353939163  0.25951432299430105
  0.27069468030070193  0.28133527228042682  0.29199494167853091  0.30217932652741797
  0.31279292379331763  0.32394575131146974  0.33468474929656988  0.34441937232469066
  0.35483783577064409  0.36779075736658390  0.38408688224452731  0.39986215146490672
  0.41391204635927475  0.42410733278854196  0.43223801123832373  0.44132001916876717
  0.44977362982988056  0.45799137852432026  0.46665101635183043  0.47552132136951247
  0.48699678376750816  0.49913558252918938  0.51102392013556064  0.52210124590114337
  0.53358260153487436  0.54416791440247869  0.55403376607186516  0.56377128813573862
  0.57294072409061902  0.58275565449337963  0.59139235602215068  0.60015524667647269
  0.60910247265266315  0.61878508579154035  0.62935241407095210  0.64046091020954687
  0.65090105182683289  0.66059994072425898  0.67032303529458570  0.68052843814083774
  0.69091054964249876  0.70174441544766297  0.71288859068950583  0.72410943544547857
  0.73474913011268173  0.74482919315738771  0.75503440657189447  0.76591790732293807
  0.77735090871804968  0.78844435241388977  0.79875919685453378  0.80915335812760891
  0.81960613747846134  0.83003561598045428  0.83953718928567012  0.84832320306035913
  0.85733029118952575  0.86672718442096075  0.87608217018891599  0.88572951581019455
  0.89542095941729416  0.90535733418393249  0.91529922374581163  0.92479827202097342
  0.93451610337168800  0.94395415521219783  0.95301046389238253  0.96217175974633729
  0.97139484299822854  0.98103881907259194  0.99059294198686076  1.00000000000000000
   3.5041560470339878E-006  -1.0000000000000000     
 T T T T F F F F F F F F T T T T F F F F F F F F F F F F F F F F
  <DiscreteSampler_grid>
  grouped_processes
  1 # 1 for a reference and 2 for a running grid.
  10 # Attribute 'min_bin_probing_points' of the grid.
  1 # Attribute 'grid_mode' of the grid. 1=='default',2=='initialization'
  0.0000000000000000 # Attribute 'small_contrib_threshold' of the grid.
  0.5000000000000000 # Attribute 'damping_power' of the grid.
 # binID   n_entries weight   weight_sqr   abs_weight
    10   10   1.933445565394066E+007   3.738232555809285E+014   1.933445565394066E+007
  </DiscreteSampler_grid>
