  0.00731459850774867  0.01517882291335901  0.02573016361958447  0.03637699875244400
  0.04659643442076711  0.05627667163735778  0.06628353890565164  0.07658515324193728
  0.08677139581319211  0.09728513688019913  0.10826651881148594  0.11992072024517299
  0.13129941449359703  0.14243849696055691  0.15364586647651515  0.16477238893178939
  0.17602023403145614  0.18693295358176901  0.19711333583515217  0.20733813975917290
  0.21806875663011818  0.22893909866736170  0.23949036107724009  0.24989415357478684
  0.26036531890576492  0.27075379284053530  0.28097610865869266  0.29112867347848076
  0.30163112137624865  0.31229167951618642  0.32294999097548421  0.33325566144458707
  0.34268282582408727  0.35201518878642829  0.36142304324320101  0.37100840822583064
  0.38132084028479896  0.39238368271364710  0.40387180329449052  0.41509904074528264
  0.42584816671900649  0.43669859009916845  0.44795413522010591  0.45897003618031484
  0.46888145553071658  0.47855795169538340  0.48860401808471188  0.49866999415385549
  0.50899172230321199  0.51950355889209221  0.53099163347253642  0.54306365125698353
  0.55425814717966759  0.56512222633857701  0.57588461885889586  0.58646464700734235
  0.59623614927054480  0.60629692745087016  0.61611361108150009  0.62582417369311394
  0.63578457926377374  0.64608526766924235  0.65778666074361247  0.66958435764500179
  0.68144854119232801  0.69327582511745689  0.70497437562121124  0.71644458710346315
  0.72750600913112196  0.73791788674036085  0.74821816207104852  0.75837236642285832
  0.76810666524393778  0.77737675550708185  0.78662472261816274  0.79625598505968509
  0.80616091400055556  0.81620702109861110  0.82612047566514035  0.83633807056828657
  0.84695065103815992  0.85775584760533830  0.86827596697510612  0.87794488993715358
  0.88707158017411991  0.89659366421992781  0.90618346849409248  0.91535086900715568
  0.92469144528726288  0.93391594134825495  0.94365353430197429  0.95341339766749111
  0.96265898262994087  0.97219136596742572  0.98205738112860097  1.00000000000000000
  0.00688498822338819  0.01663706978841493  0.02835379101709034  0.03984306981700064
  0.05122788353487626  0.06206602229740159  0.07243734813388675  0.08273516210445897
  0.09359234606569534  0.10394912616437825  0.11378706870378069  0.12362202648983109
  0.13424193558037434  0.14460237448210825  0.15472330354981115  0.16458200877309032
  0.17495736156366970  0.18577412938383850  0.19626215089160545  0.20658641543497672
  0.21660980722605597  0.22669182392271445  0.23643247249592544  0.24665147743324992
  0.25759039740725348  0.26874512838290887  0.27937498126234767  0.29034315387293796
  0.30156613615984934  0.31292932810753749  0.32297781656595304  0.33326359486795754
  0.34304885067941115  0.35284079266479251  0.36248767001486049  0.37250603706040963
  0.38318799678231563  0.39435762067844060  0.40530180006481936  0.41558642315116406
  0.42611060292243980  0.43614234499839183  0.44564681732520633  0.45513319932207164
  0.46509975224382710  0.47594512942378481  0.48612776957833759  0.49598579507176943
  0.50577442689720231  0.51594964176880964  0.52681716962131886  0.53826905344447662
  0.54984592064727056  0.56112731897896062  0.57227051516541227  0.58331993211306743
  0.59449868280868723  0.60572808055765559  0.61696685420231046  0.62763634473980412
  0.63765626414383758  0.64810443387661598  0.65864854554732433  0.66854615121858729
  0.67835975475544608  0.68831899834453458  0.69935092435570090  0.71008842655165483
  0.72105623553704390  0.73218823649699316  0.74383345045462523  0.75504668800165842
  0.76619405495372905  0.77713068048277489  0.78814314955149611  0.79937707598781338
  0.81054113403985384  0.82144459148133808  0.83221986654044355  0.84332521789163184
  0.85435979226898928  0.86549587851400378  0.87643676111092561  0.88719385575505927
  0.89747301144500014  0.90738429219754280  0.91729678899311806  0.92713188988214512
  0.93682136264009241  0.94659720705411143  0.95648211080022116  0.96582050895150440
  0.97494167642698504  0.98414468565600266  0.99213098340013872  1.00000000000000000
 -0.00989664035623523 -0.00161300501100877  0.01276455116730029  0.04184273595591403
  0.07106465244640936  0.10039190343949819  0.12533952093359349  0.14945503942019231
  0.17284271791757891  0.19617970144455571  0.21952033202042776  0.24436546701748596
  0.26926448949432841  0.29424820564124748  0.31909427877633872  0.34387572293725199
  0.36814359424443532  0.39241412843664125  0.41669035794327952  0.44092970991563407
  0.46514683846620281  0.49060183538240104  0.51626897126738436  0.54242504834979277
  0.56624232475562108  0.58655184288650308  0.60500624174874196  0.61971900942068159
  0.62705010040226006  0.62851108168039693  0.63227002196514948  0.63790412069690894
  0.64329550574170635  0.64868186031326658  0.65406954082149693  0.65944883017545641
  0.66484996176767208  0.67026507835955595  0.67569382706541403  0.68112637114634744
  0.68659056274412611  0.69207215896094698  0.69753836642794986  0.70298110550776127
  0.70842001013642220  0.71387125552322461  0.71933632423111848  0.72482137566630855
  0.73033727507752066  0.73588939451101554  0.74146906376445221  0.74702063826527831
  0.75255419005130919  0.75812946002917292  0.76373758476751119  0.76934082286856142
  0.77492640302695559  0.78051564216640557  0.78614489218201455  0.79174904059668660
  0.79736262226222099  0.80297291865847142  0.80857057319460424  0.81415658194818463
  0.81978871891592009  0.82542868638664035  0.83109237689306414  0.83676827237175300
  0.84247187460341533  0.84818584288260401  0.85390668614070975  0.85965622240310768
  0.86540850161539240  0.87116475977797847  0.87693834166062701  0.88271488507472029
  0.88848494295608815  0.89424903778923315  0.90004654056115518  0.90586235717496322
  0.91167104945790212  0.91747221063593465  0.92330608809843029  0.92916684914564274
  0.93503234362705812  0.94089484523820388  0.94674869250119575  0.95263380855836155
  0.95849095073455259  0.96434982473687436  0.97026078799817428  0.97622839612052303
  0.98218129408681298  0.98811630930823680  0.99404640572120651  1.00000000000000000
 -0.00252822261229842  0.00955726424254750  0.02030401234192894  0.03094071376948933
  0.04150988892053233  0.05196622025138425  0.06225558518582939  0.07255599819902306
  0.08280565003484840  0.09350893827151188  0.10450179097306267  0.11565434487292267
  0.12674945884607899  0.13793772656804507  0.14884198169171162  0.15937389154689144
  0.17013297925672385  0.18095022127761318  0.19150244529477464  0.20143690260888431
  0.21160891918659921  0.22298391192971195  0.23426222057362767  0.24538530527981092
  0.25620018688207136  0.26734207486371109  0.27860402167405912  0.28969025018520672
  0.30018541775586771  0.31015043297526484  0.32023527565909005  0.33052058621376318
  0.34102578716950366  0.35180497672329969  0.36296510675907395  0.37446005567773855
  0.38547195575707072  0.39626976320596752  0.40737558869526019  0.41826287349394903
  0.42957706081731306  0.44084878753464157  0.45233780220387293  0.46279448095266607
  0.47262666105539247  0.48294414769117838  0.49330440318737945  0.50377271875256036
  0.51413269426337072  0.52503713570330945  0.53680680730832420  0.54830181431514158
  0.55969998456648340  0.57007563382725945  0.58054644177950931  0.59060136416400877
  0.59968523662513595  0.60879375307971273  0.61815503596635146  0.62864675253031244
  0.63982671257362334  0.65087832485450092  0.66178302478948081  0.67312044214353572
  0.68422832688803625  0.69508645880724540  0.70577608476094555  0.71749140255280819
  0.72893565746010336  0.73946222814450135  0.74935475618829783  0.75901511620453888
  0.76871855658847588  0.77827710294373409  0.78782016259995569  0.79780543018392103
  0.80801768054355660  0.81843438336461372  0.82924907687592031  0.84047644953425660
  0.85151564340656594  0.86190136504680215  0.87202880694198315  0.88198966405238521
  0.89154911652463165  0.90050061122812286  0.90944241206629062  0.91856155388206540
  0.92756648127565522  0.93655145533879591  0.94620139088642008  0.95626735691218179
  0.96649224906398079  0.97713016587405543  0.98824438758050936  1.00000000000000000
 -0.00279063172024800  0.00964596875660171  0.02058363728175283  0.03107115774878599
  0.04090058075985988  0.05023119797537259  0.05938420470247185  0.06849627520820636
  0.07731088147906504  0.08621484882779193  0.09547101844797390  0.10513840506809186
  0.11515207035176718  0.12558899145752911  0.13629955522943990  0.14659960749245196
  0.15635093966013314  0.16622360934364747  0.17678415089896374  0.18777345993739525
  0.19860031857497332  0.20941298965126892  0.22029466639634251  0.23115877636089785
  0.24118123105253322  0.25177749106014902  0.26194297745314654  0.27207979655777248
  0.28191442378521447  0.29192669301127799  0.30221208073852412  0.31246442674105451
  0.32275989810776273  0.33319706933496707  0.34382403804559269  0.35438998381403974
  0.36464436311136311  0.37464506675159603  0.38465594509995416  0.39474871610537771
  0.40525360412979122  0.41563020201871009  0.42595735033679993  0.43615958412887068
  0.44617720641253789  0.45604225415834632  0.46579887712884638  0.47582790031187205
  0.48620126051376999  0.49663748233585348  0.50743588578052434  0.51808402919221352
  0.52839659319484611  0.53853822902352244  0.54823318672069798  0.55778345258598061
  0.56753221013267063  0.57773865114325162  0.58817974433692499  0.59866616189253008
  0.60944731838802613  0.62053532407193657  0.63187256111536827  0.64339001586596367
  0.65488583603686434  0.66643421671324043  0.67762572149227529  0.68856974123134751
  0.69906202036896903  0.70917352555989055  0.71921990697701221  0.72946044609777527
  0.73966741242191769  0.74946420152055104  0.75943227081155684  0.76949300460904901
  0.78030788905255766  0.79024242803612244  0.80147149165322662  0.81215839169828630
  0.82297362540780594  0.83341034769955658  0.84507868016805188  0.85659120343440043
  0.86842351204258816  0.88036067841928778  0.89249247466944903  0.90473187324815030
  0.91649726596333714  0.92822705324926369  0.94059931256605667  0.95402185421399521
  0.96606526891144862  0.97763010842724141  0.98877201839405227  1.00000000000000000
 -0.00280658404224334  0.01086600114605516  0.02197829065607853  0.03323378893132756
  0.04426972101414538  0.05442573289750657  0.06455029414931769  0.07411955430372864
  0.08336147154378772  0.09226382534857253  0.10118675095166069  0.11059991785721814
  0.12002475179037855  0.12937980393244786  0.13886030330509755  0.14864226205549894
  0.15872323663738092  0.16890072352132360  0.17881527119967847  0.18859125763506673
  0.19840848362527239  0.20884860257797508  0.22037154829376349  0.23208412847150042
  0.24348286615891021  0.25440571928752376  0.26442336226062418  0.27426288814269234
  0.28433565138040834  0.29490911486697952  0.30560143805487977  0.31630998574247898
  0.32719496394766423  0.33796527980120838  0.34845178518742098  0.35878987177193689
  0.36907174996254283  0.37947575471753359  0.39004444755170053  0.40083557014129773
  0.41176314982914586  0.42272832933794530  0.43386686551284265  0.44510064230473045
  0.45617586874472077  0.46713743028868837  0.47795990616203626  0.48831264071057273
  0.49845137036848725  0.50874670669498034  0.51935324961574036  0.53043618224913813
  0.54201484323536508  0.55400658264923042  0.56599513717984440  0.57788201852398546
  0.58937533933069597  0.60138855702814975  0.61242398363139916  0.62368911894779544
  0.63475850174898607  0.64547719344966725  0.65568084564724094  0.66620796346314237
  0.67749274528550663  0.68892732841172444  0.69907984991928340  0.70895664766112754
  0.71880218809139629  0.72930560680770462  0.74040351238877455  0.75092512701567271
  0.76187396636167914  0.77266650258280112  0.78383951250576511  0.79507971855725457
  0.80607543606862964  0.81693188747549050  0.82779183216842778  0.83935405836175814
  0.85155696101704392  0.86240335322182782  0.87261160990012465  0.88219405368092529
  0.89162669631712532  0.90123621484228711  0.91117103456337267  0.92094970725294056
  0.93041478379862008  0.93962393488729445  0.94922587892984911  0.95915965429312722
  0.96938875455825735  0.97954009776272410  0.98994603480718635  1.00000000000000000
 -0.00330201793420341  0.01356519430419176  0.02776576579554338  0.04313572436597744
  0.05806488016755846  0.07255471733525584  0.08695998056194400  0.10193034256444131
  0.11703344885848660  0.13186902465052866  0.14598008103073767  0.15989214377161234
  0.17337467661242445  0.18685977874781365  0.20087545678367666  0.21462562047496217
  0.22770232315634500  0.24007149761280211  0.25205904418514052  0.26396173039012216
  0.27611751016859354  0.28866140413304969  0.30033066998149627  0.31156734576133038
  0.32279944113401715  0.33410048470464754  0.34526724522142804  0.35695101396014689
  0.36868797762273681  0.38027815621273836  0.39222530915331655  0.40404685652088052
  0.41524669357607724  0.42604334884299994  0.43707926496881944  0.44829538132971536
  0.45924507049038538  0.46953305493002317  0.47931546941761177  0.48956757621232816
  0.50003201539174325  0.51046737638809392  0.52065350555754975  0.53145243919679019
  0.54280642063503759  0.55420856767017102  0.56536062137989174  0.57572488955276868
  0.58574660686277935  0.59527480361892215  0.60449183061698786  0.61331853735690733
  0.62205138879599797  0.63134117848683757  0.64084719996126815  0.65027391246991617
  0.65980188319111743  0.66950534362136160  0.67945529194514875  0.68942256603124930
  0.69946034488430298  0.70963983205609305  0.71989241694305095  0.72984655342831317
  0.73895811619802931  0.74842798470428085  0.75749695419042540  0.76638848712812313
  0.77533064938886764  0.78445864079631955  0.79365496456651796  0.80298185908861830
  0.81241006463193621  0.82197093483014982  0.83151081042313535  0.84073316783320917
  0.84954593996154093  0.85795294796915278  0.86622598810514606  0.87451201528734523
  0.88228109353875817  0.88968665118153645  0.89702548853317499  0.90449647385927234
  0.91225564138029092  0.92029084286385365  0.92844075777794599  0.93630752911829573
  0.94398196156472369  0.95182534105217143  0.95986674727273347  0.96810442224566562
  0.97643448993630533  0.98435654104203596  0.99217199006035917  1.00000000000000000
 -0.00232532176082943  0.00956644536461470  0.01954569029660060  0.03013169863416545
  0.04112338955913528  0.05274350951202537  0.06456813771888754  0.07522507404659552
  0.08557485182273619  0.09569253585277655  0.10585947251682913  0.11631979850144093
  0.12669259940248723  0.13729893578527247  0.14789565720748457  0.15883308179463776
  0.17041645890803570  0.18245355063326929  0.19372239381601780  0.20473031971604974
  0.21547086540977306  0.22667907018093431  0.23848977045841407  0.24979155402669967
  0.26003288532253560  0.26935223444812267  0.27892848510415841  0.28891693180425498
  0.29965365711611375  0.31123355202893205  0.32253045789161078  0.33305613971351600
  0.34269369377094500  0.35256932248650552  0.36261051928472032  0.37232921354950405
  0.38190372030146480  0.39168482214145361  0.40161196865745274  0.41188359668360064
  0.42246339899150237  0.43403498646561484  0.44526498201927212  0.45636929965604245
  0.46718211813200239  0.47803904478911852  0.48916431512718744  0.50027459326341372
  0.51181263249298181  0.52355392748553287  0.53595118494779148  0.54746457429556594
  0.55886212433574567  0.56942184203998381  0.57977617349114940  0.58929565876631129
  0.59853089443013552  0.60786486170037224  0.61785214257288923  0.62837636381095530
  0.63970589457112426  0.65057413293007815  0.66073086566725958  0.67028872328347289
  0.67969748834440480  0.68909654135273957  0.69878697776468157  0.70875216879967318
  0.71913530439613682  0.72949681922692977  0.73974969167447679  0.75031323193429800
  0.76131570046030916  0.77210351287305623  0.78286699979612895  0.79414626257806686
  0.80592654645695228  0.81719250859742953  0.82767969309464151  0.83796160862414482
  0.84834711481291414  0.85888996939903450  0.86945271381192812  0.87975269205770901
  0.89019153925477434  0.90086807199534857  0.91181038035977280  0.92248441173445961
  0.93307312052379521  0.94339678875049870  0.95380280228495884  0.96373460570775649
  0.97344484994369418  0.98259154470913035  0.99128775458302687  1.00000000000000000
   1.5760002881614760E-006  -1.0000000000000000     
 T T T T T T T T T T T T T T T T T T T T T T T T T T T T T T T T T T T T F F F F F F F F F F F F F F F F F F F F F F F F F F F F F F F F F F F F F F F F F F F F F F F F F F F F F F F F F F F F F F F F F F F F F F F F T T T T T T T T T T T T T T T T T T T T T T T T T T T T T T T T T T T T F F F F F F F F F F F F F F F F F F F F F F F F F F F F F F F F F F F F F F F F F F F F F F F F F F F F F F F F F F F F F F F F F F F F F F F F F F F F F F F F F F F F F F F F F F F F F F F F F F F F F F F F F F F F F F F F F F F F F F F F F F F F F F F F F F F F F F F F F F F F F F F F
  <DiscreteSampler_grid>
  grouped_processes
  1 # 1 for a reference and 2 for a running grid.
  10 # Attribute 'min_bin_probing_points' of the grid.
  1 # Attribute 'grid_mode' of the grid. 1=='default',2=='initialization'
  0.0000000000000000 # Attribute 'small_contrib_threshold' of the grid.
  0.5000000000000000 # Attribute 'damping_power' of the grid.
 # binID   n_entries weight   weight_sqr   abs_weight
    10   10   2.698278823163733E+005   2.401269742391099E+011   2.698278823163733E+005
  </DiscreteSampler_grid>
