 -0.00292370950746223  0.00898318226668290  0.02099556183754547  0.03311772788365391
  0.04535474113371596  0.05747375023534580  0.06956381526788803  0.08161533763098687
  0.09361928490603259  0.10587179010056057  0.11717554222581800  0.12762112183476934
  0.13754824666038956  0.14776659007060189  0.15795207547002521  0.16800320030266100
  0.17739011033733282  0.18787975641894267  0.20282407002015398  0.22006927623253159
  0.23810636773656466  0.25605118974454610  0.27399453487985326  0.29193608760049850
  0.30991897869311569  0.32776393221445815  0.34471437280467671  0.36158470753282890
  0.37835311701408247  0.39505776661661818  0.41175026789076952  0.42875786448820402
  0.44583537648009502  0.46304333559391503  0.48012798743773799  0.49715452267131877
  0.51401866700350252  0.53088433552277903  0.54775322378630886  0.56464910737376184
  0.58156065167168558  0.59865666955176444  0.61570225416244073  0.63260195029249955
  0.64977041008563430  0.66711576607155865  0.68427744578547112  0.70124498015953418
  0.71775224836512774  0.73414794330300515  0.75047376569136448  0.76692164790107276
  0.78346731178571982  0.80028557915842558  0.81700046069145349  0.83364385045167078
  0.85045422313124219  0.86728733647324763  0.88414411168166340  0.90097412923191722
  0.91778686317114189  0.93307448386196268  0.94905878191745696  0.96663624687143013
  0.96890291719275701  0.96906767231197555  0.96926305224194653  0.97019993605408816
  0.97126793598815353  0.97231379147640584  0.97335890051836593  0.97440628638082594
  0.97545490314685945  0.97651962071608334  0.97759032441840699  0.97865835961908010
  0.97971306955932314  0.98074723395847774  0.98179788058853246  0.98286340451122867
  0.98392486789835065  0.98499494517910369  0.98606561033620277  0.98713183763970247
  0.98818706563599445  0.98924527193703982  0.99032775341413215  0.99140534324754126
  0.99248569071702031  0.99355861150824687  0.99462387262502727  0.99569785601146976
  0.99677456824018473  0.99785305399823288  0.99893401945577409  1.00000000000000000
 -0.00376190504053187  0.01151192103362620  0.02519230389040891  0.03842296186670035
  0.05161933761689254  0.06440038150232533  0.07658105307464402  0.08916975592393947
  0.10210138088088418  0.11551884916451867  0.12896535528973394  0.14270585383940254
  0.15654592041417786  0.16946404784166802  0.18301267940989493  0.19763531990081962
  0.21395774997255113  0.22934811241215003  0.24177543868278747  0.25260994724922514
  0.26306642574522160  0.27353582325783415  0.28402116470811856  0.29840531795069647
  0.31418989291684168  0.32988366770923588  0.34385144576725557  0.35501701311596118
  0.36365111537043832  0.37154983679677334  0.37879181490508040  0.38517401846700788
  0.39218782628303012  0.39908537599454980  0.40610651847815116  0.41238224209588115
  0.41855940221025473  0.42604855327550001  0.43220380161712840  0.43992514406008032
  0.44973335462771963  0.46142395356316512  0.47606834762928302  0.48966114885119616
  0.50265794438351807  0.51557347122190211  0.52876223716270021  0.54257367148773361
  0.55764045849155353  0.57326802855341330  0.59002055019861122  0.60309460565418505
  0.61223348491496421  0.61958538485039105  0.62676549424421923  0.63295409470731379
  0.63875897910914292  0.64474802780395846  0.65138332136585575  0.65780988056777900
  0.66411422153184918  0.67191968374008382  0.67908846698624958  0.68602541195811306
  0.69356451624812987  0.70133965433593692  0.70905336368716765  0.71658962016263894
  0.72415271972667250  0.73187475379833622  0.73980245769906916  0.74769220398666369
  0.75533912095878786  0.76336881044451832  0.77103326587112309  0.77799834120412803
  0.78467697343212217  0.79177544871561811  0.79948303419628308  0.80727938097319740
  0.81402079826037066  0.82073097740578349  0.82733857314487291  0.83728949337450354
  0.85157072333615569  0.86696320151606365  0.88110384176621648  0.89505831099458122
  0.90881597909143563  0.92309629248602931  0.93771007233522008  0.95160818299714478
  0.96435703053146682  0.97649375666211047  0.98833901125687196  1.00000000000000000
   1.6952883309679540E-005  -1.0000000000000000     
 T T T T F F F F F F F F T T T T F F F F F F F F F F F F F F F F
  <DiscreteSampler_grid>
  grouped_processes
  1 # 1 for a reference and 2 for a running grid.
  10 # Attribute 'min_bin_probing_points' of the grid.
  1 # Attribute 'grid_mode' of the grid. 1=='default',2=='initialization'
  0.0000000000000000 # Attribute 'small_contrib_threshold' of the grid.
  0.5000000000000000 # Attribute 'damping_power' of the grid.
 # binID   n_entries weight   weight_sqr   abs_weight
    10   10   2.596428823720819E+007   6.741454345996221E+014   2.596428823720819E+007
  </DiscreteSampler_grid>
