 -0.00585455740930676  0.01362813871774153  0.03182214802837342  0.05008877723806580
  0.06806440012504562  0.08578444916992864  0.10020267872193558  0.11486372910835493
  0.12979865721055178  0.14447467831135480  0.15966694979291635  0.17554653364194253
  0.19185576311887675  0.20821796239005919  0.22454599360485869  0.24075770504916846
  0.25690030369008410  0.27290816884732305  0.28886869272134819  0.30477259612495677
  0.32067231806860447  0.33657888370992128  0.35250902102477344  0.36852305723546191
  0.38457976942768463  0.40055078152893292  0.41635790929397498  0.43197111827517776
  0.44749078951145321  0.46298279930288821  0.47843757337503401  0.49402130374692360
  0.50968560430855048  0.52528954111293280  0.54089919323036750  0.55651971149464063
  0.57198923793413370  0.58739935269522070  0.60276725362196437  0.61812638415957355
  0.63347579136888266  0.64878055000598445  0.66406495819133782  0.67930415203256800
  0.69456634954914076  0.70984565398770805  0.72489887968517397  0.73980543311591407
  0.75442425518901801  0.76902805623117687  0.78362681828501701  0.79825358231403898
  0.81284287644672526  0.82738300197776316  0.84186537049794441  0.85628634820032890
  0.87046945507414242  0.88522418694316207  0.90056140462742174  0.91633240528866411
  0.93228914552245934  0.94943467976917861  0.96247652017717633  0.97015332448307157
  0.97348052492303339  0.97510203979086552  0.97523384605174279  0.97571365177569969
  0.97657728223052709  0.97744519928793228  0.97831396155370998  0.97917739159230288
  0.98004061895255079  0.98090575254814383  0.98176995026387848  0.98263588445081829
  0.98350801408234712  0.98438250060618160  0.98524923992357838  0.98611603773361423
  0.98698205633559688  0.98784835120403902  0.98870675016806087  0.98957678921309578
  0.99044953303672068  0.99132133724683269  0.99218506648213312  0.99304803518408857
  0.99392018161036755  0.99479268434459545  0.99566355287722164  0.99653217857134246
  0.99740450903100808  0.99827049346114105  0.99913689049018950  1.00000000000000000
 -0.00430212238239609  0.01283908205327420  0.02618935424486841  0.03715704960690392
  0.04782129398683857  0.05911897792962730  0.06987665311069366  0.07993684775861745
  0.09022413273378584  0.10114631542678862  0.11297216861145558  0.12605935235144464
  0.14030530071192532  0.15355251090075558  0.16224963379226012  0.17193373993787936
  0.18122220652362189  0.19073098185347645  0.19969216171476223  0.21069220411936940
  0.22525305800697704  0.23697973157807409  0.24759331209791249  0.25840345249272706
  0.26944169231098269  0.28012052055169767  0.29105741777294963  0.30141192820757684
  0.31225367064610254  0.32360926553983510  0.33454376933407032  0.34433536840655798
  0.35511346061861571  0.36856848961444122  0.38415057559985111  0.39985525471437300
  0.41361325826386564  0.42372137417798650  0.43182324077202028  0.44108163275909673
  0.44965654877569233  0.45788401276158591  0.46664959608164430  0.47540771314025515
  0.48669818690668387  0.49872514927797906  0.51024630325184961  0.52116968210756676
  0.53252574056925384  0.54351566639085325  0.55332693470465477  0.56332268784396611
  0.57223999976212570  0.58192293551372898  0.59041600134880390  0.59939583258874796
  0.60864023808929579  0.61866615253284063  0.62925186009118705  0.64017971188989020
  0.65039083134036579  0.66010490434777147  0.67008003183318698  0.68062279610391463
  0.69114222133239955  0.70232795093594724  0.71389484574795470  0.72528885432525925
  0.73598584787261889  0.74611431039702747  0.75641484166037354  0.76750316682092545
  0.77918003089636478  0.79045364508128024  0.80086440511778911  0.81114848775730519
  0.82152052595069114  0.83187623810536826  0.84121659458881126  0.84993604745075602
  0.85898303347709959  0.86829924750989096  0.87755269442660055  0.88720521289389720
  0.89714736144969631  0.90739819535304456  0.91720819930585862  0.92659577019214856
  0.93622295246026044  0.94559510087034149  0.95464042988861053  0.96364492913708888
  0.97253860963913519  0.98166300609647728  0.99077423807757159  1.00000000000000000
   3.6547619024669716E-006  -1.0000000000000000     
 T T T T F F F F F F F F T T T T F F F F F F F F F F F F F F F F
  <DiscreteSampler_grid>
  grouped_processes
  1 # 1 for a reference and 2 for a running grid.
  10 # Attribute 'min_bin_probing_points' of the grid.
  1 # Attribute 'grid_mode' of the grid. 1=='default',2=='initialization'
  0.0000000000000000 # Attribute 'small_contrib_threshold' of the grid.
  0.5000000000000000 # Attribute 'damping_power' of the grid.
 # binID   n_entries weight   weight_sqr   abs_weight
    10   10   2.507810229003046E+007   6.289131495466918E+014   2.507810229003046E+007
  </DiscreteSampler_grid>
