 -0.00745097226155818  0.00155753934160101  0.01301273867758918  0.03434545762003675
  0.05580212039314136  0.07744789618944914  0.09848820294772281  0.11915642754570822
  0.13858914876777023  0.15803629992177509  0.17791209430201801  0.19786000424520991
  0.21796791831747475  0.23935459728265582  0.26069249100655756  0.28197887346833966
  0.30311553526064516  0.32428968304438038  0.34563666269403370  0.36703909312841393
  0.38847632704388574  0.41006398219492468  0.43184476018094475  0.45397461685670487
  0.47603829410857018  0.49805044827026457  0.51978549031666699  0.54143480872203453
  0.56296829738794330  0.58443864355270780  0.60589010760889317  0.62741604918329852
  0.64855671934420311  0.66899806193611366  0.68926173820904524  0.70943317852411159
  0.72905668142094637  0.74887846898388244  0.76960917675283214  0.79042145356997162
  0.81135431040327954  0.83350591859341716  0.85657046221162270  0.86539401560915918
  0.87267176805769153  0.87771099064008995  0.87899481465709228  0.87990006592631265
  0.88218312520395814  0.88473072607312442  0.88727008964639831  0.88978042747614439
  0.89229674631946354  0.89482788105867817  0.89734492941504096  0.89989479493480418
  0.90241257484616277  0.90494351752596958  0.90743483892365484  0.90988495744413134
  0.91236994106946279  0.91487889657416022  0.91739722722786721  0.91992663387553775
  0.92243394760021158  0.92493998942580913  0.92747063777998795  0.92998156082743100
  0.93246825630896812  0.93495561344661893  0.93746170688383623  0.93997745444828296
  0.94246616273998440  0.94495754251655339  0.94745781853375810  0.94993286939776511
  0.95242179113785452  0.95493230635690307  0.95745278241104792  0.95997349930562392
  0.96248482517058931  0.96497711697246524  0.96744923553819051  0.96992236807555365
  0.97243384230692209  0.97499145045083191  0.97757952390548575  0.98011587652649368
  0.98261135567061919  0.98505576324463995  0.98749969194253451  0.98997663409587844
  0.99247865506095589  0.99497436461453037  0.99749230731777982  1.00000000000000000
 -0.00303596421810458  0.01155253304737921  0.02439808364250599  0.03711051629796676
  0.04746060355319000  0.05624133809040638  0.06515464756506498  0.07452310470435619
  0.08448935068879436  0.09432147380571745  0.10402495915201264  0.11695713414485355
  0.12991508076834979  0.14245443482087700  0.15538497882939512  0.16969832745582533
  0.18354586777124932  0.19423319647746842  0.20257277602170914  0.21095726954427382
  0.21985556350671143  0.22901550777343260  0.23806334603349039  0.24643457590851506
  0.25915432795462440  0.27142682007952534  0.28022633393469576  0.28780550343165318
  0.29587520512819632  0.30441878036676956  0.31327138982858138  0.32248505821853307
  0.33177287960865265  0.34353840219769188  0.35675443479442570  0.36851136788686834
  0.37853186331027178  0.38815088525630531  0.39833372142911538  0.40889241157042222
  0.42069096388761612  0.43317310486121746  0.44496899803280304  0.45669580212553962
  0.46858654265387689  0.48028019329649202  0.49264900938589334  0.50445345887531456
  0.51695665024469883  0.52954156266490371  0.54291355263834840  0.55693087344088676
  0.57071477186364239  0.58261549822858383  0.59137937049410227  0.59908962416768075
  0.60677514493770157  0.61448683840865603  0.62237870203682377  0.63111508850833387
  0.63966626601885423  0.64812371184083706  0.65875549985539927  0.66925352491994572
  0.68028745260043633  0.68985111901016694  0.69918218362001228  0.70829796159175118
  0.71719421949917372  0.72578826995731860  0.73371095732287217  0.74048316763240873
  0.74739420604975859  0.75491927769998823  0.76294102634166705  0.77069611278078687
  0.77788875869028307  0.78443321593457982  0.79138604827919812  0.79945629941388330
  0.80845426456707903  0.81927504009608265  0.83427555387733232  0.84788453298838706
  0.86073198241103699  0.87377240788434496  0.88592040693914398  0.89799193979726066
  0.91040061454367605  0.92352330485378997  0.93700634565851881  0.95025535081592694
  0.96268862217162043  0.97464080974966583  0.98725483202241360  1.00000000000000000
   7.9824069328086867E-007  -1.0000000000000000     
 T T T T F F F F F F F F T T T T F F F F F F F F F F F F F F F F
  <DiscreteSampler_grid>
  grouped_processes
  1 # 1 for a reference and 2 for a running grid.
  10 # Attribute 'min_bin_probing_points' of the grid.
  1 # Attribute 'grid_mode' of the grid. 1=='default',2=='initialization'
  0.0000000000000000 # Attribute 'small_contrib_threshold' of the grid.
  0.5000000000000000 # Attribute 'damping_power' of the grid.
 # binID   n_entries weight   weight_sqr   abs_weight
    10   10   8.467536752000854E+005   7.175707417324529E+011   8.467536752000854E+005
  </DiscreteSampler_grid>
