 -0.00418803859352719  0.00801495059165514  0.02081222081550646  0.03457175009478820
  0.04865683909215253  0.06224165138364041  0.07336792283206101  0.08378615106658213
  0.09397661236206134  0.10434152921507295  0.11470236074630284  0.12485155739475394
  0.13517040272486025  0.14895018578033253  0.16244295243867504  0.17572306031859797
  0.18900477028022616  0.20233375211132473  0.21572636300525760  0.22915856072814370
  0.24258654438399266  0.25598646495090382  0.26948854497283065  0.28303857162174284
  0.29662543678525355  0.31024431684808718  0.32388844120588905  0.33759396154739663
  0.35129866349765121  0.36500137748192985  0.37876511408155511  0.39250131468396710
  0.40611408069628646  0.41967956225565894  0.43321829906005566  0.44672824666013461
  0.46027932240849995  0.47386053358049657  0.48729175362306232  0.50074026884891365
  0.51420815251677576  0.52771764051147196  0.54127349848177442  0.55489499726433456
  0.56855574438212941  0.58216414032468955  0.59567131838063370  0.60938834022805932
  0.62313992897190607  0.63687075297498374  0.65069290229272958  0.66455157632829165
  0.67841652087885995  0.69232128803819792  0.70624060558794921  0.72008614324408260
  0.73393866043830258  0.74779652525735385  0.76163112767476071  0.77546525335305405
  0.78929880912280559  0.80321825405224601  0.81716544965595117  0.83114556763284020
  0.84522370055238361  0.85938561301068461  0.87369584451553062  0.88819971841833245
  0.90271874444240963  0.91710002613712616  0.93173055801723537  0.94651920784088217
  0.96163702483175095  0.97786358690004960  0.99273661539674185  0.99367772164318080
  0.99370357158555456  0.99378329605477611  0.99412586974945727  0.99447150258592365
  0.99481531377831844  0.99516025732622970  0.99550527918120879  0.99585227725458281
  0.99620099524410832  0.99654579676270072  0.99689013584667518  0.99723470722127738
  0.99757730179530268  0.99792275127474561  0.99827055358280314  0.99861544045481787
  0.99895939690270374  0.99930825638784693  0.99965425257914808  1.00000000000000000
 -0.00505028730059670  0.01565777987201352  0.03206603742059515  0.04501270104713245
  0.05521884369075204  0.06484179026388560  0.07464343990970684  0.08454887796140008
  0.09422026941627376  0.10369416241138060  0.11367794818427157  0.12416968195119008
  0.13446586787296877  0.14384136574416009  0.15472565507993563  0.16428039830160032
  0.18196365144059501  0.19513023501177534  0.20576851039037769  0.21636395878096609
  0.22732012799584159  0.23759911470340508  0.24999060823408337  0.26379113769752494
  0.27631875483236401  0.28671881698933999  0.29643406380239334  0.30575998652230002
  0.31518136964571997  0.32447504563227059  0.33368404727951578  0.34376366278378756
  0.35430215770506696  0.36386304070912240  0.37306866709820913  0.38218589736663078
  0.39125659204111746  0.40012974550714786  0.40908367228196335  0.41780639665895236
  0.42745415173387874  0.43654109642299616  0.44559568967231139  0.45436258211874353
  0.46272873977050255  0.47095215149748315  0.47957409822485764  0.48958834024225339
  0.49968005330396548  0.50889191901911879  0.51778078768891889  0.52674740573469481
  0.53621367445628498  0.54551765277619435  0.55422189771471653  0.56309967798247351
  0.57240972568579740  0.58164118944184906  0.59145391821045812  0.60137952370683800
  0.61163534292569921  0.62159192045975042  0.63101124949776788  0.64017527484599501
  0.64914969516793652  0.65844011230172439  0.66849029734765919  0.67884823841737407
  0.68861399600415174  0.69805249391380297  0.70738316753061925  0.71649269275387539
  0.72719903707913236  0.74064499504207226  0.75486471128560495  0.76637210303017445
  0.77663255755799931  0.78647705610919327  0.79618800313753024  0.80614951981440097
  0.81631807306355386  0.83384483869652792  0.84453693789868889  0.85422885556916794
  0.86379135711591715  0.87341209130066422  0.88292284268764509  0.89192142684233866
  0.90170838974661405  0.91068159404536342  0.92501605208338100  0.94038766884344593
  0.95605753251593528  0.97131919335956374  0.98580244866815825  1.00000000000000000
   1.4917018392321625E-006  -1.0000000000000000     
 T T T T F F F F F F F F T T T T F F F F F F F F F F F F F F F F
  <DiscreteSampler_grid>
  grouped_processes
  1 # 1 for a reference and 2 for a running grid.
  10 # Attribute 'min_bin_probing_points' of the grid.
  1 # Attribute 'grid_mode' of the grid. 1=='default',2=='initialization'
  0.0000000000000000 # Attribute 'small_contrib_threshold' of the grid.
  0.5000000000000000 # Attribute 'damping_power' of the grid.
 # binID   n_entries weight   weight_sqr   abs_weight
    10   10   1.734657808000760E+007   3.009037926318186E+014   1.734657808000760E+007
  </DiscreteSampler_grid>
