 -0.00126794784152110  0.03105819817682567  0.05893212741195027  0.08069185968413163
  0.09797063119437702  0.11441168187618517  0.13006654392843070  0.14493539931536276
  0.15906973930981994  0.17252982119594087  0.18560880070605743  0.19835572578859476
  0.21071109722674891  0.22242473415671177  0.23372962169817102  0.24484393756090458
  0.25584089233165547  0.26666103745372871  0.27730479544234288  0.28750242237519447
  0.29754363265081862  0.30757648547537431  0.31757433911483141  0.32751928032783933
  0.33735769898181145  0.34717389938022314  0.35680320332975107  0.36623933274665232
  0.37560527048081999  0.38490491075624916  0.39413345382695042  0.40331970460201683
  0.41248325553645149  0.42162792684616013  0.43074567815866049  0.43995085065188616
  0.44913308734087792  0.45831167518599197  0.46745623153591598  0.47653881423977135
  0.48558655027423042  0.49458176707638862  0.50350503203372177  0.51240484806568387
  0.52130709451791035  0.53021225813147521  0.53912876554705025  0.54801680942724151
  0.55700982311373226  0.56606167897326909  0.57513164924257421  0.58422182369467146
  0.59343533523580094  0.60265016572468433  0.61187274853500695  0.62114249429963730
  0.63049383479710075  0.63992326899613627  0.64950583680069940  0.65909705966726218
  0.66871736943353799  0.67839789141800511  0.68816484645621123  0.69801060013700145
  0.70862096610191372  0.71935937701752417  0.73018592141716332  0.74111506769117541
  0.75210511990966800  0.76327706540091622  0.77495210308675910  0.78690322288684911
  0.79905548315715169  0.81139063788018140  0.82397138590551133  0.83729125006787974
  0.85129273103688485  0.86608051966917499  0.88147299266319312  0.89744010985322775
  0.91410839468637561  0.93204049386951671  0.95178843793080881  0.96199721558409734
  0.96347410256206723  0.96616657142427842  0.96915254371621640  0.97217803033785832
  0.97527430934519277  0.97846317630190915  0.98173779761777635  0.98512365279664360
  0.98862842219680647  0.99227041062854227  0.99603748559033778  1.00000000000000000
 -0.00207190943774422  0.00847322391134186  0.01796071488210256  0.02815166920323263
  0.03852006334126698  0.04755425091380912  0.05612035336898701  0.06496099694175861
  0.07423939475123216  0.08377715243700362  0.09333997324758826  0.10302689663346914
  0.11345172140596679  0.12562765676461810  0.13928470820819241  0.15245884167174012
  0.16369268037339163  0.17541217310529275  0.18775249847071976  0.19724934644197722
  0.20729113141609701  0.21708415206907011  0.22685170920459130  0.23631913622189846
  0.24570906369900200  0.25545569242846411  0.26570026904582345  0.27712429500580987
  0.28937780327479273  0.30472128460527359  0.31814972053583612  0.33084829690450468
  0.34114328833581653  0.35034909613167059  0.35971630622981332  0.36914458504909864
  0.37899676373254071  0.38869860540352730  0.39749294682047104  0.41407548258042171
  0.42401417094231159  0.43302281447077701  0.44272532055216651  0.45217537642158290
  0.46187452776693932  0.47138017978644148  0.48079595484054349  0.49093011866688152
  0.50116846531047443  0.51129207454024228  0.52139689483076390  0.53144480742330247
  0.54184253266851334  0.55595375319616513  0.56931784641125804  0.58273295332108555
  0.59172177645534230  0.60099393962823333  0.61029635889521205  0.62104244591118041
  0.63023809534957742  0.63853408967020409  0.64701392598254071  0.65660926198016079
  0.66676934944546595  0.67684803675086813  0.68751007973961131  0.69980714065002569
  0.71163793200132386  0.72116332588709553  0.73059691222334255  0.73959281484682660
  0.74854772044976925  0.75735595477219264  0.76610652068013207  0.77515023772485414
  0.78380292476249813  0.79366653211887717  0.80505617750640546  0.81585507925706546
  0.82596023673684105  0.83628440372652280  0.84678454298247274  0.85743829728727228
  0.86748415547916846  0.87677754671102726  0.88580119287625170  0.89532510995462755
  0.90564690062369180  0.91714229043296858  0.92825663095472433  0.94056109057680493
  0.95487990220445995  0.97027351835230824  0.98568903361348958  1.00000000000000000
   8.0297552249804948E-006  -1.0000000000000000     
 T T T T F F F F F F F F T T T T F F F F F F F F F F F F F F F F
  <DiscreteSampler_grid>
  grouped_processes
  1 # 1 for a reference and 2 for a running grid.
  10 # Attribute 'min_bin_probing_points' of the grid.
  1 # Attribute 'grid_mode' of the grid. 1=='default',2=='initialization'
  0.0000000000000000 # Attribute 'small_contrib_threshold' of the grid.
  0.5000000000000000 # Attribute 'damping_power' of the grid.
 # binID   n_entries weight   weight_sqr   abs_weight
    10   10   1.629302589112516E+007   2.755404030067277E+014   1.629302589112516E+007
  </DiscreteSampler_grid>
