 -0.00463319432223873  0.00077620024344567  0.00974970669349266  0.02485947416554164
  0.04038348331836158  0.05577410440361345  0.06974773346710605  0.08211502700671609
  0.09373796901178398  0.10564018960512646  0.11742836984838252  0.12951992616510252
  0.14201654358655175  0.15626508209873663  0.17037095645910935  0.18434414629767423
  0.19832343133645697  0.21229787008008152  0.22626634631855505  0.24027081627784519
  0.25427445128046233  0.26827308387943694  0.28257120742054659  0.29693871100087149
  0.31136200670665165  0.32551021266839064  0.33967404218086750  0.35395892856295119
  0.36814341758280045  0.38237329105004603  0.39692171115827890  0.41156605153190728
  0.42626339349356684  0.44098342175534089  0.45572489988466608  0.47040358862631332
  0.48443765344438672  0.49844347585751908  0.51241957656301507  0.52614736983659294
  0.53989379608134147  0.55366142101713045  0.56745768929983065  0.58125706584411896
  0.59505733024103691  0.60880247971299128  0.62245638749895993  0.63592066914202583
  0.64947575849792338  0.66304458108421338  0.67654735859430137  0.69003804898455889
  0.70351157729015212  0.71691764095970290  0.73028421128516707  0.74360659271545815
  0.75666625129748943  0.76979806888220714  0.78299551742514883  0.79637296456699469
  0.80989035479184945  0.82355190227851172  0.83710786552151639  0.85054757399990510
  0.86386170436313103  0.87726757384515430  0.89079727046032620  0.90451661993842802
  0.91823387034583803  0.93184975025483341  0.94522135736443380  0.95807933281733038
  0.97108189128208888  0.98510841076524114  0.99216152871564256  0.99368044594547722
  0.99372198870956074  0.99390954304191370  0.99425181221114933  0.99459075527834850
  0.99492799735757753  0.99526816263710705  0.99560275888080607  0.99593847594412166
  0.99627420683095391  0.99661118200502463  0.99695033571202030  0.99729135002981961
  0.99763209458115298  0.99796916914865141  0.99830774994624749  0.99864544751235107
  0.99898424497602001  0.99932222665725878  0.99966252029943603  1.00000000000000000
 -0.00684069836769905  0.01869146956215757  0.03657079854432038  0.04884980540953704
  0.05926299452919435  0.06860409230841939  0.07767700169605850  0.08666070529273667
  0.09583402789259962  0.10564650130194152  0.11485651372460479  0.12369071421700674
  0.13235165419839170  0.14111430063853150  0.15044983477277765  0.16005965082120963
  0.16962767268606210  0.17962449123897051  0.19229467393692493  0.21198084730776900
  0.22869896131165596  0.23980965536433305  0.24932996581651415  0.25895807013232075
  0.26841111679648166  0.27736870970038224  0.28547100124106717  0.29341410183288141
  0.30213480083815714  0.31128233135838923  0.32686030747729067  0.33981754416536014
  0.34953329603881533  0.36011034508809187  0.37107411873626439  0.38142989195005428
  0.39142885321533449  0.40109718716387055  0.40990045317115748  0.41811567061812266
  0.42575056187603461  0.43368512796290459  0.44189928605558920  0.45030792455533614
  0.45899455085449242  0.46833147771200528  0.47756416757519654  0.48653973708183790
  0.49655949810766370  0.50873439973163115  0.52334572582069738  0.54018949548526074
  0.55749616936025126  0.57385411093197536  0.58604786476298487  0.59576912161317042
  0.60508885354812103  0.61406842031773767  0.62291982780329924  0.63097844960023153
  0.63860927591963179  0.64628519997885048  0.65582597619288863  0.66633552795927198
  0.67643061710952668  0.68578799527360113  0.69607539034375931  0.70654611294550751
  0.71684307961179972  0.72650732538692264  0.73620368542599668  0.74591107658193900
  0.75619070850278702  0.76572734263424103  0.77965206479287752  0.79468918129328459
  0.81065512165281817  0.82074419833768308  0.82940125543019150  0.83883501829039819
  0.84816361677952679  0.85721758938234627  0.86616441864287885  0.87450548445344389
  0.88471945417081344  0.89353669023408511  0.91622496815280208  0.92843055012692632
  0.93846580297720661  0.94734539911203375  0.95657078219834135  0.96628785208376344
  0.97529405116130397  0.98370391745615204  0.99187692675772166  1.00000000000000000
   2.7031107453432160E-006  -1.0000000000000000     
 T T T T F F F F F F F F T T T T F F F F F F F F F F F F F F F F
  <DiscreteSampler_grid>
  grouped_processes
  1 # 1 for a reference and 2 for a running grid.
  10 # Attribute 'min_bin_probing_points' of the grid.
  1 # Attribute 'grid_mode' of the grid. 1=='default',2=='initialization'
  0.0000000000000000 # Attribute 'small_contrib_threshold' of the grid.
  0.5000000000000000 # Attribute 'damping_power' of the grid.
 # binID   n_entries weight   weight_sqr   abs_weight
    10   10   2.451349476339713E+007   6.009114334110528E+014   2.451349476339713E+007
  </DiscreteSampler_grid>
