 -0.00654938135428119  0.01592591638927801  0.03441221400812629  0.04840076793909082
  0.06278085340096314  0.07730872608865016  0.09173130512044390  0.10617429003433566
  0.12063326453765669  0.13551148938804025  0.15052042475387037  0.16567472331522209
  0.18109730337291924  0.19641127964622898  0.21156842842306589  0.22654068413507322
  0.24132317577608833  0.25575371999240037  0.27018910641840194  0.28467640141855716
  0.29936372425310104  0.31397496107239259  0.32854730981573010  0.34311080143379119
  0.35772510396036328  0.37238269057618933  0.38694936544544195  0.40144449901613977
  0.41584281203235024  0.43009284683130988  0.44436426357129616  0.45875731558804184
  0.47337977846632145  0.48808280646029101  0.50271964219139453  0.51741552439359451
  0.53215616900508689  0.54700586328582013  0.56198511669313278  0.57712058946636680
  0.59204553706469709  0.60692127866997247  0.62174279960753376  0.63658361267373953
  0.65143781651002586  0.66636018453113677  0.68139455437234919  0.69656723909690066
  0.71206277076106128  0.72760325782917601  0.74309975213518586  0.75844818785575352
  0.77368631447408343  0.78840637003369352  0.80305350157645294  0.81761950258319083
  0.83227403174897163  0.84695909465994279  0.86169070332592579  0.87662449005215259
  0.89167492986262187  0.90681525095167415  0.92147055287150936  0.93564881881824868
  0.94913470133745848  0.96330661444546872  0.97793023366176568  0.98099792192072821
  0.98124685606383100  0.98137720082722735  0.98191959325296796  0.98264341396877708
  0.98335408360158649  0.98407591620434132  0.98479886721303522  0.98551530320957670
  0.98623612753835732  0.98695791207980632  0.98767591409547495  0.98839793528080233
  0.98913061289961834  0.98985017915171902  0.99057006559673799  0.99128367539181828
  0.99201157942827800  0.99274720525153115  0.99347808350016442  0.99419789654523649
  0.99491793933374051  0.99563880751399980  0.99636144523326653  0.99708520151298641
  0.99781763420964453  0.99853779212364047  0.99926885822936773  1.00000000000000000
 -0.00473443566401727  0.01518573610123253  0.02497923303781993  0.03279366217696671
  0.04147440583186186  0.04908061816236674  0.05599644399620000  0.06244465478028906
  0.06868280484880403  0.07544841175860713  0.08193978335257590  0.08840027013610817
  0.09505894680297947  0.10191541825112740  0.10880005372527511  0.11561890295797712
  0.12260573177909120  0.13063354756093248  0.13927573342446378  0.14803280206595065
  0.15700327610160272  0.16515014088977800  0.17680293110585507  0.19069123280808559
  0.20387150137626026  0.21705487203461693  0.23125954476775237  0.24519683670797132
  0.25599887134389931  0.26578775574018887  0.27459086311593450  0.28333884244007623
  0.29176905489979948  0.29904771090341892  0.30573991312054682  0.31271795181506229
  0.32041224923134909  0.32835604362776033  0.33616157390960366  0.34381411804152934
  0.35197770285473023  0.36314173775185710  0.37740145244035095  0.39307504906266699
  0.40889929196683472  0.42406835677687221  0.43846621862836660  0.45209289506580502
  0.46518557861460225  0.47843958243935097  0.49141554388828262  0.50452604422791114
  0.51814435805730408  0.53231934406445303  0.54692423906875787  0.56184983067852212
  0.57781082609646606  0.58727041808614211  0.59549156446606055  0.60414238012469068
  0.61260491431008934  0.62125153934136601  0.62922772108729097  0.63651337996695212
  0.64349986396954229  0.65132550373288955  0.66008957920003153  0.66832398183366626
  0.67596429247263456  0.68366616151925008  0.69455358786385368  0.71036681514642586
  0.72543770894378767  0.73952371279581408  0.75297126379230006  0.76626269172370398
  0.78024634723312369  0.79433081025828556  0.80913548989314443  0.82360966941810776
  0.83709107597167520  0.85031685150320868  0.86322588704861036  0.87584678319670350
  0.88790530748403040  0.89834184933295991  0.90577103290509664  0.91369403635891988
  0.92187903660317994  0.93056239565555254  0.93912769783552463  0.94796826443263771
  0.95772111764132306  0.97077237373792580  0.98578630785906507  1.00000000000000000
   4.6584934429244053E-006  -1.0000000000000000     
 T T T T F F F F F F F F T T T T F F F F F F F F F F F F F F F F
  <DiscreteSampler_grid>
  grouped_processes
  1 # 1 for a reference and 2 for a running grid.
  10 # Attribute 'min_bin_probing_points' of the grid.
  1 # Attribute 'grid_mode' of the grid. 1=='default',2=='initialization'
  0.0000000000000000 # Attribute 'small_contrib_threshold' of the grid.
  0.5000000000000000 # Attribute 'damping_power' of the grid.
 # binID   n_entries weight   weight_sqr   abs_weight
    10   10   2.588471725425958E+007   6.700187459157192E+014   2.588471725425958E+007
  </DiscreteSampler_grid>
