 -0.00591829901447858  0.00376391419530564  0.01546148157386095  0.03321236113057366
  0.05131882939107264  0.06976635123546432  0.08545937049647570  0.10028274130515320
  0.11399555836987454  0.12788911071437040  0.14178399838413211  0.15528334312948305
  0.17017556270209114  0.18599626359739391  0.20235257540394644  0.21877832931093483
  0.23530768964932625  0.25194248558021415  0.26859803980263253  0.28523524670087408
  0.30175379658038304  0.31818536761553279  0.33454088657352021  0.35089751009439835
  0.36727073287693934  0.38375937553778339  0.40031545552228953  0.41716829644069486
  0.43405736015245378  0.45100496005531499  0.46790886220639177  0.48476694989950764
  0.50139994962618284  0.51780441204547922  0.53396972890899119  0.55007195219393690
  0.56616630795610878  0.58228469391802906  0.59839070043682918  0.61448537743995013
  0.63068039702627066  0.64680993700370992  0.66274904619763852  0.67859779740594361
  0.69439949388223654  0.71026273305275567  0.72607999439194426  0.74182535595626520
  0.75752750165670157  0.77319882121241634  0.78873912716986494  0.80433305070708894
  0.81999062456084704  0.83568695774269086  0.85138601479000231  0.86704826214492536
  0.88273382562848635  0.89844774827227991  0.91324516996709015  0.92769730399890138
  0.94173430972803562  0.95670567809034679  0.96895610400286836  0.96898218625318189
  0.96915073614103009  0.96955951271951768  0.97056901978511712  0.97157519859320074
  0.97258106966894642  0.97359844911346183  0.97460118273510787  0.97561701651075650
  0.97662785633843563  0.97764111616296978  0.97865079709591563  0.97965375728403503
  0.98066907314276153  0.98169258581322039  0.98270823918205108  0.98371062583573476
  0.98471461339857758  0.98572731723462226  0.98673580111877257  0.98775437760209472
  0.98877880063037549  0.98979409012225805  0.99082184721241640  0.99185793131448763
  0.99287388823395106  0.99389217405570951  0.99491180553625036  0.99592998469291305
  0.99693673914037162  0.99794362819787041  0.99896259198809600  1.00000000000000000
 -0.00246421582113505  0.00987522025170688  0.01912984338184642  0.02897375545394262
  0.03860803309387882  0.04794517918755446  0.05819768229627449  0.06864503964150172
  0.07763692465216948  0.08618034712736013  0.09423453320795452  0.10330804534180743
  0.11317002801984252  0.12318491807915830  0.13263557780402069  0.14178503251487484
  0.15228798797200066  0.16406667495844285  0.17534470194784521  0.18567732299058773
  0.19542378427676663  0.20502653495857373  0.21382009871457602  0.22220845525181471
  0.23097392014555745  0.23973171641367144  0.24820632780096533  0.25662974649294346
  0.26520091498375425  0.27484325386614933  0.28513769785455567  0.29461849591158223
  0.30296830456089879  0.31121933785473166  0.31881073133973842  0.32599904431392679
  0.33297612384381603  0.34025124532527240  0.34782764637619906  0.35574037731955532
  0.36386298063628580  0.37209638033244480  0.38094134155269116  0.39075544220061187
  0.39995593391840906  0.40879056852380030  0.41811575310927362  0.42767307961244072
  0.43761249210234104  0.44703642998085336  0.45661461808935594  0.46658922794940993
  0.47795484246615355  0.49221439520146915  0.51083218874505398  0.52906476063848851
  0.54635980409895735  0.56272747509522847  0.57841044640371875  0.59352700617624787
  0.60713674880639723  0.62101159315395338  0.63448635442946066  0.64832218743199654
  0.66080101248846923  0.67089005714869188  0.67989303590399930  0.68858050211619770
  0.69768446632877057  0.70693169134962042  0.71583538862887552  0.72468623444836222
  0.73395395678286757  0.74419662960714938  0.75789870566363571  0.77207458121971617
  0.78342376888894050  0.79318941067689508  0.80279870711214252  0.81226311742547352
  0.82165900690392879  0.83101187677768340  0.84056669884811430  0.84996350078671234
  0.85868747520301014  0.86710106508562035  0.87546700062453231  0.88389298547047923
  0.89243635697754420  0.90213666594933395  0.91354649298015589  0.92776714164083873
  0.94559245083489885  0.96373020515245345  0.98180563194064052  1.00000000000000000
   5.9461117598462373E-006  -1.0000000000000000     
 T T T T F F F F F F F F T T T T F F F F F F F F F F F F F F F F
  <DiscreteSampler_grid>
  grouped_processes
  1 # 1 for a reference and 2 for a running grid.
  10 # Attribute 'min_bin_probing_points' of the grid.
  1 # Attribute 'grid_mode' of the grid. 1=='default',2=='initialization'
  0.0000000000000000 # Attribute 'small_contrib_threshold' of the grid.
  0.5000000000000000 # Attribute 'damping_power' of the grid.
 # binID   n_entries weight   weight_sqr   abs_weight
    10   10   2.594804969319843E+007   6.733019850745015E+014   2.594804969319843E+007
  </DiscreteSampler_grid>
