  0.02820002719583740  0.03539255325509247  0.04401954081311730  0.05320251559047109
  0.06273492684930097  0.07278733677315653  0.08335264923708502  0.09300456288246009
  0.10217007118104210  0.11136398564254639  0.12086263422893800  0.13266377764802753
  0.14557027561900077  0.15756666389349816  0.16933395996506873  0.18041404976716635
  0.19168299493294697  0.20294542115031752  0.21418193815049727  0.22456920543808148
  0.23310762855012895  0.24125306107672692  0.24925005130571432  0.25703419108161968
  0.26563666362203775  0.27335018221026069  0.28093832849837458  0.28951527011580847
  0.29967686493069207  0.30966539726907005  0.32058376131625566  0.33275275512289820
  0.34525254600451100  0.35835337217656421  0.37112419231177562  0.38412256559769803
  0.39716527063491036  0.40822669247338728  0.41731643504576915  0.42589864631684538
  0.43413176631369693  0.44256116352589681  0.45268227363232005  0.46202775828930526
  0.46919902277479231  0.47639434234989836  0.48300655030781092  0.48861641614149171
  0.49411847195073144  0.50003290139860268  0.50641556435138069  0.51295753466463501
  0.51880351893967591  0.52684734470319439  0.53688168539217174  0.54913337750771685
  0.56274042989743545  0.57378807461690529  0.58257284793314534  0.59179856399136721
  0.60143873770189837  0.61135842761964931  0.62326313014070311  0.63619178310907265
  0.65097385357805493  0.66426843964533133  0.67605625433540018  0.68839864894332281
  0.70077358349656083  0.71277020054388285  0.72298404604602529  0.73320302549670024
  0.74195675745089962  0.75107967910249951  0.75978709123772681  0.76831423510076358
  0.77624348636485607  0.78460052573483108  0.79316171642957867  0.80146418290254151
  0.81142802242764522  0.82357468375664233  0.83472289408675715  0.84532484711398981
  0.85555312030853825  0.86609036533184514  0.87763646545090634  0.88920497983574420
  0.90085819702944914  0.91237353376459585  0.92450412432595974  0.93706983259087728
  0.94976430581309756  0.96228493782865177  0.97152174070562991  1.00000000000000000
  0.05556218746519765  0.07464917253946546  0.08515691085991914  0.09435437230314833
  0.10251529827610945  0.10877396839510062  0.11422247511350961  0.11946480211920631
  0.12460080927572603  0.12867002318534107  0.13251171816747101  0.13601996953920059
  0.13976541858516014  0.14332697870607830  0.14690173823590894  0.15062629105013656
  0.15398083341092419  0.15693798353628877  0.15951607614202659  0.16222501041822987
  0.16481981916782940  0.16720911494884758  0.16945384606983119  0.17148147142242864
  0.17357505523503367  0.17566991830224860  0.17779575550050772  0.17986003210297546
  0.18179087953925957  0.18346058750857508  0.18502206767940846  0.18654720006081638
  0.18800450733445104  0.18936794991265452  0.19061449694794394  0.19169408856042719
  0.19260769052805649  0.19346710892006083  0.19432929398903445  0.19518617741471181
  0.19599626548551835  0.19681554787457073  0.19768357059146452  0.19855740701373595
  0.19938575790739782  0.20020352437765565  0.20102402720588697  0.20185877097204294
  0.20271067724728875  0.20353987069454782  0.20427563281178848  0.20494967665231895
  0.20556874208977949  0.20614882475399601  0.20672919617616514  0.20732537354608321
  0.20792774477827139  0.20851596027472041  0.20909798437774244  0.20969800401181476
  0.21029485257324032  0.21087937352899755  0.21145728445501527  0.21201473202466431
  0.21255471538472728  0.21306143715927012  0.21351559675076909  0.21394771274595137
  0.21436995945825429  0.21478189296960251  0.21516172094679398  0.21554535583503001
  0.21592545375836369  0.21629418054311897  0.21665799760116219  0.21701426281146693
  0.21738056999151315  0.21777439510710464  0.21817603809698669  0.21856001058846911
  0.21894650630721080  0.21942461672703334  0.21994086552076067  0.22053318107548023
  0.22153293919044387  0.25876124858553012  0.25952906771931189  0.26017274934628759
  0.26088026376125589  0.26170357179430753  0.26260762965438522  0.26347907354478567
  0.26426806600866531  0.26558648590450218  0.27106788885120403  1.00000000000000000
 -0.00602487177133281  0.01032791678745590  0.02835554711360718  0.04968213917601113
  0.07148767465313335  0.09295441962408210  0.11238217111903745  0.13117874243005581
  0.14969064302580942  0.16881615379615350  0.18877909042617150  0.20981351508557686
  0.23072014680887692  0.25109279218267849  0.27006260691167056  0.28880567316489930
  0.30745842724245209  0.32672348265591888  0.34685913334010443  0.36785237182402764
  0.38833835984578630  0.40869443603776129  0.42884745198197738  0.44658751316402157
  0.46283258334248834  0.47122335524470538  0.47332326690283899  0.47869676084234702
  0.48609450150660816  0.49257314329173568  0.49941547084428661  0.50664322437047582
  0.51425291863546085  0.52195645015310610  0.52932093249745438  0.53754947558059607
  0.54486419866607227  0.55075844340125801  0.55633580302378727  0.56191717849717471
  0.56867356707001615  0.57561067254809017  0.58270115248065502  0.58958735705935805
  0.59644445879750574  0.60370640622105021  0.61041963821656708  0.61688058779822907
  0.62348554664502420  0.63018538306776062  0.63694718867598121  0.64389567034624040
  0.65143780088677805  0.65988828892314344  0.66776000471394148  0.67467822715423775
  0.68174636239427888  0.68921741459366892  0.69730463915651530  0.70462148253553292
  0.71085291338655920  0.71696157786530923  0.72340747499369396  0.73003617680405741
  0.73703490174356412  0.74498453620548477  0.75333390610977935  0.76146799914246277
  0.77037003930742254  0.78052716753314488  0.79011192301049016  0.79843169378836365
  0.80616842458658389  0.81395970377811455  0.82210292896772330  0.83065773437707624
  0.83885908612764748  0.84655111952126183  0.85428104391647708  0.86170725163364348
  0.86898099750615643  0.87612609564249233  0.88367953788843090  0.89168014873304247
  0.90033789910555162  0.90897369825779772  0.91754898800103013  0.92640097576706792
  0.93634516764892584  0.94674292370862545  0.95680632963078860  0.96594669096199171
  0.97437080510668506  0.98281078899853425  0.99108407810801025  1.00000000000000000
 -0.00352950074426800  0.01399429963572873  0.02324391253198556  0.03223514555297073
  0.04184323651106647  0.05142273507892485  0.06199285034777673  0.07186849004303901
  0.08155123695870967  0.09154721200989149  0.10232329784362364  0.11254706735031578
  0.12239640011605391  0.13199468091154493  0.14265048608037995  0.15387018191666232
  0.16572376645637699  0.17748257143994042  0.18923441224774126  0.20173293145621715
  0.21504316609233254  0.22883052628995715  0.24237847988829866  0.25384479930826775
  0.26544350709994291  0.27659362841751878  0.28691021694075070  0.29684096785431874
  0.30645153403957121  0.31601396041997049  0.32603711975325711  0.33671465147433632
  0.34809655214548763  0.35707088618216010  0.36354627601437495  0.37031988251463388
  0.37745658253660463  0.38410266929721482  0.39015183979271673  0.39577475816011970
  0.40115888429013308  0.40683354629042329  0.41340257510368084  0.42241534736584641
  0.43366279815733944  0.44509515430439717  0.45679140834118637  0.46740649317822658
  0.47746074884803319  0.48842465785138428  0.50066822237062658  0.51390635153221087
  0.52720988794310497  0.53932483298909650  0.55106817138688569  0.56266707261208337
  0.57505022372587489  0.58653064719616732  0.59511195580671916  0.60372423569049927
  0.61192788760673844  0.62038800884357947  0.62843727189080134  0.63636431817338424
  0.64419315418897372  0.65434613188156932  0.66710460488060674  0.68069270848447483
  0.69599323295752191  0.70855927360031778  0.71986845945352640  0.73070012597930623
  0.74206472937385903  0.75419109402551010  0.76685500681381136  0.78026430422409832
  0.79402097168204666  0.80695009876783708  0.81853057955639297  0.82928038876320465
  0.84071017762137967  0.85322619894046192  0.86474706787026911  0.87499920276609966
  0.88425444553332078  0.89372273030536420  0.90402282025663450  0.91569843936861028
  0.92941836229104469  0.94353274943777121  0.95613518683082133  0.96625572837098028
  0.97466265767330518  0.98345467448824031  0.99179560172204428  1.00000000000000000
 -0.00330375631025138  0.01326915005606675  0.02568338109943086  0.03857911164918289
  0.05115690222339951  0.06341317348215797  0.07626460021557444  0.08630422400452248
  0.09614518354243186  0.10632642465431967  0.11561305100533945  0.12528389035474402
  0.13803658372359909  0.14943934887665936  0.15824491319877360  0.16643454263932647
  0.17503849041713321  0.18440162433466140  0.19260275976554148  0.19984765708434654
  0.20682937389864142  0.21746294975908539  0.23009523110075641  0.24306526098727202
  0.25474306455013712  0.26408463803705273  0.27341350021620203  0.28170687387709625
  0.29062844138049049  0.30028751466386994  0.31029374381064390  0.32167445647620829
  0.33391164276924151  0.34499764625960933  0.35612848107703049  0.36796147077008073
  0.37981073777933189  0.39332468225792722  0.40609652990447775  0.41947043902001624
  0.43325419077820171  0.44486632276976357  0.45628014921692983  0.46799755131870852
  0.48146528189622789  0.49242311807406319  0.50262425132046040  0.51299462113065575
  0.52428997929529320  0.53542978625214976  0.54687984756456709  0.55858169187441142
  0.57029213568851755  0.58222004137988503  0.59373628361848318  0.60537188697614608
  0.61638451230118718  0.62749863664777761  0.63780480358625757  0.64816657149927737
  0.65883207121686138  0.67018580358765967  0.68255453337323757  0.69365113946094725
  0.70450983649953802  0.71431634466917271  0.72433278635198617  0.73483719779461010
  0.74577881393304835  0.75531746031559333  0.76488782013204071  0.77446715123611665
  0.78441682612708008  0.79437194252875187  0.80369218800170195  0.81363896976754579
  0.82349841183288719  0.83276492824518467  0.84266153765278451  0.85228853736661259
  0.86590967855747591  0.87871450356179270  0.89137366457296974  0.90307245833416649
  0.91483929446876200  0.92730593517777082  0.93776894309626535  0.94501625255682919
  0.95121625656136533  0.95788533028647227  0.96532012002899192  0.97335217761697046
  0.98078710963912696  0.98703216655174764  0.99325739240385758  1.00000000000000000
 -0.00349462510557374  0.01272292966326416  0.02612321214256722  0.03913539326600910
  0.05224020974302405  0.06484010254743659  0.07538295724448917  0.08339318559936075
  0.09153221421175908  0.09919722321257200  0.10737642156024933  0.11771984674616066
  0.12705989239800425  0.13358824644939088  0.14011987740987236  0.14746165487622248
  0.15370114635365115  0.15907917627462886  0.16484017805031576  0.17200256989078727
  0.17941211646738159  0.18733979399214043  0.19926976680144698  0.21301117188146448
  0.22551778399933808  0.23416996495559700  0.24106320688902597  0.24782552080001957
  0.25432027757521203  0.26149294767951881  0.26887179672642247  0.27564198960481440
  0.28230967856143985  0.29093016078788725  0.30230005806155019  0.31407803946155644
  0.32540058001455369  0.33579958312060892  0.34584034358798244  0.35667793821606592
  0.36723319285775935  0.37759693627592683  0.38885468631508330  0.40277239321760888
  0.41752264753008433  0.43151888965536384  0.44428464222095565  0.45549548736279533
  0.46654784672313621  0.47703540347553958  0.48824617307868701  0.49937886459344111
  0.50997578309814573  0.52088890274943567  0.53182060491754601  0.54240787234500543
  0.55247091514560021  0.56299231422061835  0.57417466595607425  0.58722815909461790
  0.59955244644132033  0.61083847682626879  0.62094348617432771  0.63017877343536000
  0.63926734103908622  0.64966498018246921  0.66225463346792757  0.67442669386737453
  0.68431079454001587  0.69342044275549364  0.70265585166693989  0.71217123041415309
  0.72517593752347798  0.73640391647492509  0.74743816875881497  0.75883464363750197
  0.77106936598149800  0.78409609103714739  0.79712104012601959  0.80980803967042436
  0.82218499941540868  0.83427343714045121  0.84658414644008306  0.85906843891109042
  0.87070143489759100  0.88170547564149093  0.89282105323187766  0.90437786190998726
  0.91652202560119811  0.92951917080927315  0.94204870190982626  0.95361292561429400
  0.96472918197675150  0.97501209262598199  0.98769770787899724  1.00000000000000000
 -0.00207932370996169  0.00818022705209306  0.01586657273258454  0.02347253641408838
  0.03116860893742443  0.03955710683689961  0.04879088417260050  0.05779230345234317
  0.06683257591647329  0.07586311070576628  0.08507769884298476  0.09525095585116482
  0.10622141331687655  0.11675045855107004  0.12682144138242743  0.13594476644096967
  0.14446491282510035  0.15258453819229248  0.16075435257889606  0.16929733125813165
  0.17948466291003956  0.18865951005426690  0.19699370414521222  0.20514514744105339
  0.21316325355236154  0.22163184740440497  0.23079183208916024  0.24063369908401699
  0.25162318101571929  0.26371964944947113  0.27554205691940825  0.28443544902144768
  0.29151804572421758  0.29806789850367693  0.30430735904157913  0.31074198844229539
  0.31868657741181783  0.32873973621540170  0.34015540836311220  0.35050004516397532
  0.36051223330710691  0.37089847082194449  0.38234075006617074  0.39510432167138809
  0.40899844181477407  0.42260555370023384  0.43565190158658118  0.44847626892500408
  0.45970783106264657  0.46699382643018073  0.47380893514133587  0.48096018796288337
  0.48898139672278557  0.49725781651097806  0.50450093713758093  0.51112608470474641
  0.51825024723163404  0.52807791841863849  0.54000008988973791  0.55233001045349850
  0.56408679209528212  0.57417635877332862  0.58463795314907518  0.59647237588086699
  0.60968300518451313  0.62393851640998965  0.63903870580092448  0.65452517200245652
  0.66853378178566225  0.68113968363530819  0.69188713074054986  0.70257742769862153
  0.71301687690433624  0.72498637228713625  0.73917902760458543  0.75354701516994815
  0.76779177522747288  0.78287608458862756  0.79963421393140000  0.81392032714590534
  0.82789178760368598  0.84106166469448118  0.85591676548077711  0.87062796924419217
  0.88634277756526791  0.89914804511025082  0.90824988134856954  0.91767258240811389
  0.92594942175124029  0.93371554801949985  0.94188992491405832  0.94995181885157431
  0.95818873763815471  0.97175028778952066  0.98630412703485515  1.00000000000000000
 -0.00281362043661851  0.01119370074780617  0.02350069122600085  0.03409139033010287
  0.04433982743872824  0.05383598216324049  0.06320224828184924  0.07408817255740355
  0.08739345499923926  0.10202491740349100  0.11694559334489558  0.13087318156716107
  0.14503479409346268  0.15894295726527183  0.17209414128915515  0.18364204909583703
  0.19387255898905500  0.20373410262914143  0.21383592638698518  0.22499378003246334
  0.23776358458979863  0.25026082805792543  0.25996569669557340  0.26914024236343825
  0.27794708129007650  0.28660527069830460  0.29609576086951944  0.30513062108583122
  0.31120369187230396  0.31964091905761605  0.32903747195583111  0.33932470583586188
  0.35075387300760014  0.36284890936548347  0.37491026337945244  0.38626842862238542
  0.39681855386245912  0.40769025966025751  0.41874714904430277  0.42933847124112878
  0.43831959788425345  0.44363560530818130  0.45102049306654668  0.45923868256812000
  0.46670095613748325  0.47373540246573675  0.48117289216369746  0.49003247102484498
  0.49672744606408936  0.50452979602929471  0.51474183029750076  0.52603622268497330
  0.53830519120449172  0.55010008061879756  0.56217230579302213  0.57337434716784774
  0.58403381025161005  0.59483974457914912  0.60550531120335493  0.61612935487734743
  0.62716896625229956  0.63876773936866449  0.64892065140086508  0.65899092061897968
  0.66914171182278337  0.67983810327584249  0.69195768849999051  0.70455351111854059
  0.71638592017981417  0.72735464238968095  0.73764475313072453  0.74735172775275638
  0.75772783516165454  0.76974133923314181  0.78238680958199125  0.79486126899098619
  0.80692786429350616  0.81855478863926445  0.82968494773317214  0.84096793202088560
  0.85237834130055501  0.86154750977226002  0.87103212848450073  0.87965357650875631
  0.88823277822866475  0.89717478479710455  0.90598409904114896  0.91470325728189050
  0.92353273420569881  0.93329132638221290  0.94386704002176469  0.95506143608551086
  0.96645198066715354  0.97727248702279668  0.98812361230344525  1.00000000000000000
   2.5928020382888561E-007  -1.0000000000000000     
 T T T T T T T T T T T T T T T T T T T T T T T T T T T T T T T T T T T T F F F F F F F F F F F F F F F F F F F F F F F F F F F F F F F F F F F F F F F F F F F F F F F F F F F F F F F F F F F F F F F F F F F F F F F F T T T T T T T T T T T T T T T T T T T T T T T T T T T T T T T T T T T T F F F F F F F F F F F F F F F F F F F F F F F F F F F F F F F F F F F F F F F F F F F F F F F F F F F F F F F F F F F F F F F F F F F F F F F F F F F F F F F F F F F F F F F F F F F F F F F F F F F F F F F F F F F F F F F F F F F F F F F F F F F F F F F F F F F F F F F F F F F F F F F F
  <DiscreteSampler_grid>
  grouped_processes
  1 # 1 for a reference and 2 for a running grid.
  10 # Attribute 'min_bin_probing_points' of the grid.
  1 # Attribute 'grid_mode' of the grid. 1=='default',2=='initialization'
  0.0000000000000000 # Attribute 'small_contrib_threshold' of the grid.
  0.5000000000000000 # Attribute 'damping_power' of the grid.
 # binID   n_entries weight   weight_sqr   abs_weight
    10   10   3.113742089028658E+002   6.342312291801383E+005   3.113742089028658E+002
  </DiscreteSampler_grid>
