 -0.00622582025688628  0.01588458594208402  0.03357656705610913  0.04710122464812327
  0.06101672851304309  0.07504824161872119  0.08905278088332350  0.10309968255046018
  0.11721767549069075  0.13165224545751339  0.14618913166016681  0.16080914757809328
  0.17557393485131717  0.19015842530509849  0.20462549309970310  0.21894115880530673
  0.23299295565372030  0.24685944829277479  0.26077686699725466  0.27480530292936078
  0.28894101054837479  0.30298679202904027  0.31702120675283529  0.33104282123619255
  0.34513820662522821  0.35920463777378231  0.37321575415633917  0.38702225476116114
  0.40076632633807480  0.41445173647552785  0.42824214044010916  0.44213020209756770
  0.45622881659604103  0.47029779635104996  0.48438685900692874  0.49863302934442932
  0.51300026086937478  0.52746315308730385  0.54212675051722958  0.55662329107540720
  0.57100519654994364  0.58525071540415585  0.59959392753901997  0.61403444280099184
  0.62853738029782558  0.64311199051961876  0.65783559892141641  0.67277166166123492
  0.68777862261479306  0.70275049204471807  0.71762317426094802  0.73241128980058778
  0.74679526843451183  0.76106609260341784  0.77522476114161099  0.78951607625734788
  0.80371370276725151  0.81772572568746049  0.83187996973191980  0.84603475689658836
  0.86010428645350656  0.87422924306100813  0.88848527261213273  0.90321108717866438
  0.91793146192543740  0.93263675263992230  0.94699155087741060  0.95905428732414133
  0.96917182621779385  0.98073055148204147  0.98649026971274745  0.98743392850856604
  0.98751870845589373  0.98792903986460934  0.98846741836601992  0.98900921488781812
  0.98955747140675399  0.99010203171662181  0.99065145867627658  0.99120320905051706
  0.99174946244634088  0.99230092311274365  0.99284982864288851  0.99339677612836352
  0.99393865103845325  0.99449056147306858  0.99505223334842774  0.99560423515663743
  0.99614966250640380  0.99669474286836213  0.99724175116129088  0.99778875094854436
  0.99834539964340585  0.99889201951307793  0.99944493097970744  1.00000000000000000
 -0.00447997344165005  0.01419807705173639  0.02416784677215316  0.03194738799391512
  0.04041094314886307  0.04785654061249218  0.05473459909338006  0.06122925592702729
  0.06741524391185225  0.07401007367993896  0.08037304352246162  0.08661378757787634
  0.09325059495795274  0.10004127214769298  0.10681488173053455  0.11345659537569566
  0.12015491528833197  0.12757230022667304  0.13596763597752404  0.14465435941398042
  0.15334640871216959  0.16096602465924911  0.17008293496350932  0.18452905709244358
  0.19774620174910790  0.21166865366326712  0.22634454750606503  0.24201638455233723
  0.25489692612710596  0.26345635291483110  0.27182907582325688  0.28019549480326528
  0.28898160580013743  0.29638498948179742  0.30298530812732127  0.30964672203232618
  0.31684140876418992  0.32455508671474786  0.33230222467353260  0.34009490577894019
  0.34748473968941801  0.35757375885553899  0.37162159980779780  0.38750996300505280
  0.40317318926762263  0.41781376336294718  0.43191529203038903  0.44542958338864619
  0.45885733735506723  0.47230369936732791  0.48560975396608641  0.49931239860550397
  0.51352742528883455  0.52832466122557165  0.54345503814116491  0.55906834942449968
  0.57435676407875769  0.58585451429457069  0.59403958412998525  0.60254791343993874
  0.61093306823948557  0.61948424763592524  0.62751371104017906  0.63471810654643990
  0.64159932471931080  0.64898810659908157  0.65750877133707175  0.66552827678888027
  0.67306702757290304  0.68023296624342833  0.69008126808015757  0.70375756966710068
  0.71868418453860461  0.73316352884285896  0.74698451624479933  0.76067782533918038
  0.77513522742668883  0.78948949560785520  0.80501548975917048  0.82003802119099489
  0.83433977723997121  0.84828647347881447  0.86186022537098061  0.87513177881341919
  0.88750957288244958  0.89829040703861007  0.90561570401020164  0.91349040247461744
  0.92162050006367791  0.93014774022918778  0.93861603729340182  0.94739558618095532
  0.95714872803691853  0.97020194612112010  0.98518942629881412  1.00000000000000000
   3.9053429436951897E-006  -1.0000000000000000     
 T T T T F F F F F F F F T T T T F F F F F F F F F F F F F F F F
  <DiscreteSampler_grid>
  grouped_processes
  1 # 1 for a reference and 2 for a running grid.
  10 # Attribute 'min_bin_probing_points' of the grid.
  1 # Attribute 'grid_mode' of the grid. 1=='default',2=='initialization'
  0.0000000000000000 # Attribute 'small_contrib_threshold' of the grid.
  0.5000000000000000 # Attribute 'damping_power' of the grid.
 # binID   n_entries weight   weight_sqr   abs_weight
    10   10   2.569971037822656E+007   6.604751593653036E+014   2.569971037822656E+007
  </DiscreteSampler_grid>
