 -0.00482066715206133  0.00805105373463198  0.02167551788851996  0.03677329246573836
  0.05215323789229537  0.06751839643233166  0.08014658341924215  0.09258103870384798
  0.10481226805469510  0.11718672416268755  0.12944244216661943  0.14162441014228300
  0.15554190571125362  0.16949775814787604  0.18349552777359940  0.19753141254418202
  0.21154770620403435  0.22551036590900722  0.23936696660489667  0.25319127977329564
  0.26704128168162139  0.28091052850398018  0.29480214778005398  0.30911332699566446
  0.32340420655538771  0.33767186781688752  0.35191425603134124  0.36606069729076152
  0.38002858619644853  0.39404403324479492  0.40806833102075168  0.42206991478852968
  0.43626952222397519  0.45059231442482300  0.46499879837045122  0.47939912909159704
  0.49379268374971907  0.50827176419912867  0.52275259624587855  0.53721675411589609
  0.55169204350587786  0.56616502009432335  0.58061191646134314  0.59511713090586460
  0.60966125883414302  0.62424143213624006  0.63880951912537487  0.65336448010736192
  0.66759966114259051  0.68183844907974300  0.69613169580834577  0.71042224709460455
  0.72470133323413499  0.73895133935476232  0.75318810579679474  0.76742140819875893
  0.78166329279936297  0.79597283898370874  0.81032972305843931  0.82475698086545224
  0.83917261239212726  0.85357682875641960  0.86840727088481484  0.88353444397538561
  0.89908485130534954  0.91466458926498384  0.92998218667817545  0.94457491127822768
  0.95786861558878311  0.97123524815066808  0.98613954562265083  0.98735560098902142
  0.98746701563699191  0.98761186707959892  0.98814837530271959  0.98871312822953317
  0.98927476906124767  0.98983641125834521  0.99039675334021360  0.99096315373617927
  0.99153269446343695  0.99209899343019103  0.99266597001256718  0.99322886789352816
  0.99378951069030597  0.99435269385644520  0.99492163514284027  0.99548642968928924
  0.99604669310223903  0.99661086488525730  0.99717759214793134  0.99774511970557789
  0.99831186301845865  0.99887704968156432  0.99943902673318186  1.00000000000000000
 -0.00464822029764957  0.01388115926803976  0.02785687485357711  0.03900242856775015
  0.04961800559499973  0.06054621063833078  0.07083409404571823  0.08073934505759900
  0.09105583782767106  0.10200405351790202  0.11293795346035868  0.12757224258590183
  0.14424492625513990  0.15475752990437661  0.16415091051510400  0.17349626321606806
  0.18270936794695672  0.19219075424353002  0.20079427751635648  0.21240196064051972
  0.22690157717507040  0.23982424739944003  0.25016771315958258  0.26153417321349648
  0.27308526513872333  0.28405454703286148  0.29456938509539432  0.30462118126408810
  0.31526809548995960  0.32647172805884778  0.33731569667480915  0.34658144005182795
  0.35793440112797542  0.37230229725320813  0.38940911935170508  0.40501033917728507
  0.41749037249919480  0.42698905926856739  0.43531701474827306  0.44412134507395362
  0.45253704885035978  0.46080930901655476  0.46954939207093666  0.47822595434912690
  0.49075939221355536  0.50263599533999015  0.51431114484255891  0.52526096377355058
  0.53634072830054180  0.54623381438381657  0.55591319291168317  0.56539640063449881
  0.57472072311163658  0.58438573946638650  0.59343292026067096  0.60234731886717274
  0.61138220521826625  0.62108235576043302  0.63173123754550786  0.64289030269327263
  0.65338000521294703  0.66320746177910617  0.67298188019014071  0.68308661171576979
  0.69364125528709464  0.70451309373208459  0.71548170999008798  0.72639567932188320
  0.73697397210157467  0.74712790282114683  0.75726710019253696  0.76787214009772176
  0.77895198327096549  0.79004669797316951  0.80041811279358699  0.81093412529988285
  0.82137300588461959  0.83201279780560833  0.84124307394118403  0.84978986825850999
  0.85860111058522492  0.86777075177222662  0.87711566296538279  0.88672893393339158
  0.89655266494758923  0.90666342304273839  0.91656639343466306  0.92588275869162950
  0.93534254044117560  0.94470940491037614  0.95396604756651848  0.96324756205319495
  0.97235954460092722  0.98163191265971628  0.99079381398181909  1.00000000000000000
   2.4760657483922467E-006  -1.0000000000000000     
 T T T T F F F F F F F F T T T T F F F F F F F F F F F F F F F F
  <DiscreteSampler_grid>
  grouped_processes
  1 # 1 for a reference and 2 for a running grid.
  10 # Attribute 'min_bin_probing_points' of the grid.
  1 # Attribute 'grid_mode' of the grid. 1=='default',2=='initialization'
  0.0000000000000000 # Attribute 'small_contrib_threshold' of the grid.
  0.5000000000000000 # Attribute 'damping_power' of the grid.
 # binID   n_entries weight   weight_sqr   abs_weight
    10   10   1.977765904260137E+007   3.911560097552246E+014   1.977765904260137E+007
  </DiscreteSampler_grid>
