  0.04955023736062723  0.06900844092130524  0.08043102638400436  0.09104303229324863
  0.10052992401693683  0.10771940752361946  0.11379444950835828  0.11978835063122162
  0.12517770114403950  0.13013534121399198  0.13481146085050008  0.13915767322256298
  0.14320294510050877  0.14701653493749650  0.15063183242425313  0.15403878414848354
  0.15689324720697845  0.15945018724989940  0.16170943874555480  0.16384599647163126
  0.16591209820944258  0.16784092659035835  0.16967350115460747  0.17140068067513403
  0.17290334983391012  0.17422155114776988  0.17548453797720359  0.17664924618961980
  0.17767071975238627  0.17857353119190605  0.17940996955587812  0.18019883362145722
  0.18109594384373445  0.18193400988673727  0.18270831955688710  0.18347197857738237
  0.18424327238437274  0.18504274641521021  0.18589154772416072  0.18677549469979951
  0.18763899016090804  0.18842370862924651  0.18913781358531681  0.18977693489891986
  0.19035792804345997  0.19089609459516549  0.19141825816379254  0.19197634026819385
  0.19255640957226139  0.19314393791837856  0.19374106203723454  0.19438082058781297
  0.19511818646019186  0.20508010084796124  0.23068082773697651  0.23198263552392967
  0.23294071293751722  0.23380526669071167  0.23464870603768723  0.23546840890873763
  0.23625940286572125  0.23703843458743565  0.23783776137592011  0.23866903037690992
  0.23951273568683135  0.24031919428962717  0.24115238401245317  0.24193390039781679
  0.24275679874037007  0.24381003440926877  0.24495193925652875  0.24607775143551405
  0.24717937597958059  0.24837448521362634  0.24969737780888740  0.25107562414963991
  0.25249184031150590  0.25404074526709464  0.25585187032142026  0.25766923651459683
  0.25951292516123320  0.26161979454358791  0.26486710750920833  0.26868360186512302
  0.27328645340463392  0.27854033448776377  0.28330595630578320  0.28764068140475740
  0.29250916547211847  0.29849785394467787  0.30599624288055993  0.31771082298593517
  0.34394401342152708  0.39996976848958243  0.62523337842318560  1.00000000000000000
  0.04886087753929547  0.07345982211623488  0.08806472020038147  0.09849812253625773
  0.10751344096181163  0.11506177422701558  0.12147123659604538  0.12725873986597586
  0.13325756731375937  0.13883872891114168  0.14335847943453595  0.14717265484288886
  0.15036449346383557  0.15321620284984233  0.15582321744175481  0.15817596123592353
  0.16048725426715946  0.16271571440652075  0.16484207469589515  0.16695531876512315
  0.16891368099855694  0.17083144802736577  0.17257677943794633  0.17413226543972724
  0.17557688756324569  0.17703952113699306  0.17842331436474418  0.17968926788869682
  0.18084647192025272  0.18185329959880447  0.18279320450079420  0.18367721048620142
  0.18447662753751054  0.18524333057623532  0.18599095465891821  0.18671212525669401
  0.18750251520956424  0.18827541754953431  0.18906376957639431  0.18983037747288334
  0.19055840733505841  0.19122877194578450  0.19188338767965854  0.19251882073613355
  0.19312653490145171  0.19373511946931896  0.19438798002635613  0.19510090476179404
  0.19595378849488757  0.23066070422408141  0.23163821651958211  0.23238746546943914
  0.23297281555529906  0.23354102384615627  0.23408895872478483  0.23462043706769964
  0.23517550953354421  0.23573313023487555  0.23633234828594082  0.23696337890822458
  0.23765335318151895  0.23850910305322387  0.23936497062758300  0.24020722355144700
  0.24107623462759203  0.24192372588521130  0.24275129073988669  0.24362435197550839
  0.24457232800657594  0.24554210926218656  0.24652218123594702  0.24758164256566154
  0.24868086609826012  0.24990446606825875  0.25103045817992825  0.25262949010545643
  0.25471847180973439  0.25702403003055901  0.25945676293401437  0.26215907809018685
  0.26502354363875730  0.26834671601781929  0.27206428008972838  0.27643849620465588
  0.28091499220019495  0.28566685459836089  0.29117654424570255  0.29785760238851661
  0.30560258668392110  0.31476795982811340  0.32671890082745952  0.34437935996039182
  0.37384609774773558  0.42727775310273031  0.60794163134926849  1.00000000000000000
 -0.00595018335411020  0.01174476963332794  0.03132902013168293  0.05277730643757202
  0.07583551770745134  0.09732095982949782  0.11736116884030809  0.13559623930556683
  0.15440391052054053  0.16896876359273222  0.17578065497160053  0.17884015502084477
  0.18537792986200793  0.19147448352070873  0.19649958298170808  0.20214988722209637
  0.20976904950414660  0.21831431855522690  0.22583417823006960  0.23200917296099066
  0.23747673326826590  0.24246438234854251  0.24843487178380350  0.25694217108125467
  0.26467392631114767  0.27092379225233165  0.27750199809196335  0.28627532380045645
  0.29418733446120643  0.30289330468929143  0.31171757588872073  0.32071602694024703
  0.32824870470478273  0.33459339592141446  0.34076364142033694  0.34675887066670941
  0.35311181086180604  0.36330503711937789  0.37303226768638131  0.38043293986536841
  0.38752622377083057  0.39648086466661797  0.40693337999402890  0.41665162792454757
  0.42523943295653088  0.43366602613278710  0.44266371537775684  0.45107423858595475
  0.45980772223555660  0.46887714743268438  0.47991198352106407  0.49083025956085585
  0.50129461612270454  0.51142745168968173  0.52058344877108875  0.52942431498343534
  0.53867517057383818  0.54898237141391903  0.55895041287309299  0.57122290416894972
  0.58229178217477928  0.59273977021623003  0.60318486053214826  0.61441715982595935
  0.62640583916773063  0.63893139225979412  0.65208108580302482  0.66599593778072397
  0.68180277078987395  0.69758303659016152  0.71039576688319817  0.72310466094607595
  0.73553012054066613  0.74951031198566898  0.76285671433654301  0.77611879757900404
  0.78786287104557629  0.80020156243019003  0.81145568237660692  0.82318505393545049
  0.83499690276883975  0.84663522038199401  0.85927064519813756  0.87272199704074938
  0.88547391237260786  0.89762520399325130  0.91018612512236985  0.92141301762367500
  0.93201515844301719  0.94105480896312077  0.95034160940855017  0.95912935233238517
  0.96795844748096349  0.97682298640910525  0.98739400319305259  1.00000000000000000
 -0.00219600604649290  0.00918300746409346  0.01881282566768129  0.02742303475216276
  0.03546869120290214  0.04490849407679545  0.05676865314773231  0.06937006530974366
  0.08128245811801649  0.09329502462331700  0.10584529160255433  0.11827790377708705
  0.13205702370788960  0.14697525854910304  0.16162274973188781  0.17461507507398630
  0.18549017657505779  0.19649623161042742  0.20722199244521650  0.21700527313491305
  0.22653349748664078  0.23718999023048190  0.24923237386260211  0.25987734280940766
  0.26981177041926485  0.27991917856897552  0.28970448321062064  0.29903471787727753
  0.30823650930117080  0.31694097989324477  0.32522600344979286  0.33325956991202149
  0.34131303498198806  0.34942042088892666  0.35764492102067019  0.36700731322515712
  0.37619039313513075  0.38811466004894646  0.40043328896111013  0.41368015241028649
  0.42517498275192850  0.43758307141708652  0.44922010508107779  0.46050745593583758
  0.47314305436677828  0.48445853103245812  0.49484651094720272  0.50441071985413866
  0.51250415920346071  0.52159277709998220  0.53180608421363418  0.54124469404729747
  0.54896212726265614  0.55656513543428099  0.56381248496864111  0.57133328104336512
  0.57900079887909972  0.58624827786262290  0.59289998870164928  0.59894550740138752
  0.60675500418300021  0.61807460074581544  0.63315441960354524  0.64705995442329978
  0.65853683453936751  0.66885649548954906  0.67891672087826571  0.68915844912238622
  0.70010434654636844  0.71212592143744813  0.72510735354891864  0.73884825793294673
  0.75265922453735623  0.76597121993978312  0.77989277885084318  0.79251452712026105
  0.80271006307428738  0.81143449005681534  0.81977637877996667  0.82705281945566778
  0.83484070393194454  0.84319689034321310  0.85288889495622155  0.86655726918350329
  0.87912767263102143  0.88756754451433095  0.89649814955076101  0.90515350332835931
  0.91420929288747921  0.92296761796958704  0.93300813018350726  0.94651817548265516
  0.96198306109012810  0.97544203908105487  0.98767636028134798  1.00000000000000000
 -0.00248021572461608  0.00988309583697531  0.02312298438078586  0.03695966595753013
  0.05238558134751572  0.06986134841043708  0.08494152152431456  0.09817848327563866
  0.11180990022840752  0.12360128192140762  0.13390164041393951  0.14412866889030895
  0.15372181447084610  0.16829996313938511  0.18184486038282130  0.19459552031999056
  0.20804440564252025  0.22234848172971799  0.23646288466073404  0.25032618881388286
  0.26470423346541450  0.27948371963735241  0.29372655958441973  0.30796073835185184
  0.32227076299255236  0.33521790400283735  0.34535073114174991  0.35527584954311414
  0.36509748535676501  0.37453166907606622  0.38340701037124664  0.39240662966821666
  0.40220870887662236  0.41246313495979831  0.42262977472687324  0.43289539294805562
  0.44355661521614731  0.45478587378438412  0.46623042798047737  0.47910061501820067
  0.49461490901754346  0.51114230937715843  0.52532131135182891  0.53912861390136935
  0.55215094545226584  0.56356421594635797  0.57388795800969095  0.58375396740658514
  0.59298343472373827  0.60275165791591734  0.61228357450475701  0.62122977061183304
  0.63008983902674676  0.63845047958383760  0.64832143435992717  0.65905151545169904
  0.66945152944225050  0.67944297624821548  0.68890005467565862  0.69717503852814910
  0.70606867907953663  0.71460682602920644  0.72329610179684334  0.73185807357669597
  0.73978885006271755  0.74703968933764142  0.75440453865708534  0.76177123047240669
  0.76801584439315018  0.77352443912472713  0.77937864066877782  0.78582759575868089
  0.79256346419586665  0.80321942850092309  0.81257475809084345  0.82204682337652901
  0.83158088564755062  0.84113192775182433  0.85157575857853895  0.86310310717121685
  0.87409822167113893  0.88363236563039516  0.89279646543887659  0.90072563601315248
  0.90680542310510392  0.91253067104778107  0.91874112976211275  0.92615534355956985
  0.93400248653296547  0.94193062778602932  0.94917174203147237  0.95603231046575943
  0.96398936920754441  0.97362748464168969  0.98550284708927371  1.00000000000000000
 -0.00335497149961716  0.01173464074495311  0.02578281923709819  0.04021091368925893
  0.05310618908969554  0.06336541279899990  0.07308412362643872  0.08260030328008053
  0.09141531194327149  0.10132185908598403  0.11287157362544768  0.12467192606231112
  0.13648323474424368  0.14851388067466129  0.16068548551706954  0.17327425753834264
  0.18563740236196685  0.19699444172400712  0.20802228939234255  0.21944838298135186
  0.22909068191354787  0.23762868706462040  0.24546103852673334  0.25360980799776423
  0.26219686079852589  0.27183460807112103  0.28048503472881670  0.28828103377991693
  0.29636086730402306  0.30650968962582492  0.31655173084132388  0.32466022696672042
  0.33267559839773175  0.34071386245095603  0.34863678116569202  0.35635897964612273
  0.36382747911741919  0.37121195940761820  0.38161873936833351  0.39574310222073433
  0.40784413243420520  0.41881912884584910  0.43048094666213937  0.44218147013788567
  0.45252554777583948  0.46362588417475009  0.47616610628128631  0.48876277983425198
  0.50088515347109797  0.51268700196290995  0.52509017807740743  0.53829127697232360
  0.55124887789591615  0.56480938653297252  0.57889212556538039  0.59246984432494665
  0.60423774708022171  0.61513734574001888  0.62534808211618365  0.63580078755987701
  0.64703115341903972  0.65866197954341033  0.67065169333955044  0.68090692663904440
  0.69170564352445896  0.70297909934343572  0.71329128177614887  0.72474681635926463
  0.73565596124037558  0.74589385499903060  0.75475168754468613  0.76366780101495457
  0.77274817154182929  0.78345837003006102  0.79650460509692733  0.81052307979928451
  0.82144181383494574  0.83183394241795294  0.84241202023346751  0.85275205109082608
  0.86051573538768034  0.86743431908478041  0.87445634468184408  0.88336163879488827
  0.89294181542300044  0.90122514014443644  0.90922687635433741  0.91667593298799677
  0.92391484531719692  0.93159227317685855  0.93999919548603683  0.95058519217211768
  0.96103388729340911  0.97354722944324812  0.98637333898710344  1.00000000000000000
 -0.00215352018993509  0.00551934730430480  0.01329520158199590  0.02056743401223222
  0.02751533965883804  0.03496113775560008  0.04288620762873743  0.05065108694833854
  0.05857385565080118  0.06665050791153451  0.07529542519039494  0.08451503256141618
  0.09393097027553432  0.10355176784492352  0.11321015449277692  0.12313719031926509
  0.13338923651320131  0.14336622177263017  0.15075230748372656  0.15624409057489519
  0.16175839873659098  0.16736817595130546  0.17346869311082394  0.17955420838273414
  0.18552564280767950  0.19123894890533913  0.19676896939281599  0.20245589818765009
  0.20906654623139148  0.21725522390772514  0.22668429569217682  0.23603014182647106
  0.24521719505234582  0.25590600720114676  0.26663917247655511  0.27732182565416807
  0.28803106548640461  0.29869231985926181  0.30841342278349176  0.31678840679626735
  0.32485326053904734  0.33357877030176536  0.34210241289861537  0.35250355733642236
  0.36336028310641161  0.37369916766232031  0.38445173805368449  0.39383409387428542
  0.40328114883196425  0.41220217985633839  0.42149570675204756  0.43252067416076212
  0.44411714873261710  0.45746823234434880  0.46766931219754992  0.47785177158170078
  0.48758440085053878  0.49689632117855670  0.50606101321639496  0.51571830602866520
  0.52678772527509932  0.53971283087349387  0.55307669136862236  0.56686960406422260
  0.58107978880607325  0.59761716062295245  0.61484460150256204  0.63167846635988900
  0.64659077678486021  0.66150342832066367  0.67762953914786050  0.69338155769589049
  0.70737182556802292  0.72075985067243042  0.73439998334862644  0.74689831727023093
  0.75875789957054318  0.76987112719106998  0.77940783138144665  0.78928756948506940
  0.80032454759986293  0.81469088771057818  0.82938726759239934  0.84336133765914467
  0.85565666232514248  0.86925442169765188  0.88275262862620785  0.89576901612164994
  0.90875149384907994  0.92159390167388056  0.93505821852576421  0.94946410955627469
  0.96237679990531333  0.97405868708722709  0.98667677617410732  1.00000000000000000
 -0.00311423633699527  0.01395460918308255  0.02683896922464423  0.03833367459967539
  0.04929660900628840  0.05982396490671348  0.06962538825068204  0.07888601230829935
  0.08910304983905024  0.10053191794801676  0.11185134063341641  0.12277503933075899
  0.13278239214799825  0.14179890224134833  0.15118957142485928  0.16147900800817949
  0.17250343936890275  0.18482659361036222  0.19757886193133053  0.20997545818862029
  0.22344746992522918  0.23539170558437852  0.24605112732175749  0.25595372290224794
  0.26602091496619068  0.27641234618113308  0.28758394181021280  0.29888670401960177
  0.31034879754909578  0.32165030202704414  0.33210727523105621  0.34153140394851117
  0.35032366018589695  0.35965277394071732  0.36789333074723601  0.37428808651196410
  0.38105867550882183  0.38724228410257783  0.39595665385317730  0.40873111501378717
  0.42214169022005582  0.43592862923064463  0.45045764320301418  0.46281356715180499
  0.47295989728856735  0.48130615856636061  0.48786249266783521  0.49703708288769044
  0.50551188133951330  0.51285593131571683  0.52041323353339197  0.52824871075677493
  0.53570400518332273  0.54434372268198350  0.55600348660041943  0.56778839270584913
  0.57960437542474397  0.59229406249355743  0.60529768733674327  0.61573043762602941
  0.62505202511998992  0.63409522592101830  0.64419714944344741  0.65448073234743376
  0.66464451621856446  0.67559384847100556  0.68692651201414190  0.69756611550553771
  0.70695800011672594  0.71786597073621372  0.72821428491172613  0.73841686028637477
  0.74946955650218250  0.76111319975497049  0.77313484293458379  0.78545987816761809
  0.79877098761659637  0.81189445660290516  0.82598493245347282  0.83974461213335261
  0.85384438829692622  0.86762227166456440  0.88035922619440277  0.89240570776142547
  0.90311788796301040  0.91352550997499693  0.92284480811180059  0.93206121540187614
  0.94032476771496132  0.94739249152225258  0.95559859755420107  0.96388762064980893
  0.97331265773146325  0.98240637399998898  0.99145143063963481  1.00000000000000000
   2.4016964977821991E-009  -1.0000000000000000     
 T T T T T T T T T T T T T T T T T T T T T T T T T T T T T T T T T T T T F F F F F F F F F F F F F F F F F F F F F F F F F F F F F F F F F F F F F F F F F F F F F F F F F F F F F F F F F F F F F F F F F F F F F F F F T T T T T T T T T T T T T T T T T T T T T T T T T T T T T T T T T T T T F F F F F F F F F F F F F F F F F F F F F F F F F F F F F F F F F F F F F F F F F F F F F F F F F F F F F F F F F F F F F F F F F F F F F F F F F F F F F F F F F F F F F F F F F F F F F F F F F F F F F F F F F F F F F F F F F F F F F F F F F F F F F F F F F F F F F F F F F F F F F F F F
  <DiscreteSampler_grid>
  grouped_processes
  1 # 1 for a reference and 2 for a running grid.
  10 # Attribute 'min_bin_probing_points' of the grid.
  1 # Attribute 'grid_mode' of the grid. 1=='default',2=='initialization'
  0.0000000000000000 # Attribute 'small_contrib_threshold' of the grid.
  0.5000000000000000 # Attribute 'damping_power' of the grid.
 # binID   n_entries weight   weight_sqr   abs_weight
    10   10   3.642831270080647E-003   5.983476726223964E-005   3.642831270080647E-003
  </DiscreteSampler_grid>
