 -0.00713175785524430  0.00381733500218428  0.01709271887681096  0.03821853900038229
  0.05954692847173984  0.08110629997292446  0.10179421526624005  0.12211375954186969
  0.14149681088749885  0.16087815226544971  0.18025721496959132  0.19964388506965869
  0.21909917535495477  0.23900728338057178  0.25891533288825719  0.27882330633352365
  0.29886659049979752  0.31896732298310571  0.33921991012629454  0.35947209661253327
  0.37972367727890166  0.39979218341453815  0.41977427503999493  0.43939396251381224
  0.45895564505239023  0.47841620681041841  0.49795348998128702  0.51752964769505683
  0.53701092684155904  0.55649210946930316  0.57598013156731231  0.59551944336570684
  0.61509731362496289  0.63476819470857093  0.65445464214182258  0.67415369839004335
  0.69352209548444088  0.71251474948318738  0.73340099555424099  0.75510194582936874
  0.77785845158638023  0.80040047163014161  0.82075948025943335  0.82793140167915735
  0.82842490106942079  0.82933342444761504  0.83187266653001957  0.83520745094570237
  0.83849125790907930  0.84181157146895824  0.84518452063060001  0.84854720504418768
  0.85185434856129838  0.85514225026344326  0.85843861755148054  0.86176694202938076
  0.86507632341746998  0.86839767686679836  0.87177464049926490  0.87512604989703935
  0.87842820046766346  0.88173413640374243  0.88506546112172035  0.88841999759099555
  0.89180192310340645  0.89519182724621571  0.89856027844891473  0.90189224906106924
  0.90522893203079247  0.90861447503834525  0.91204190629156345  0.91546639341209757
  0.91887599624587113  0.92228383535667702  0.92573070400814450  0.92919980970330829
  0.93266720298487282  0.93611807369911915  0.93958038235137564  0.94308034379533401
  0.94660110896688154  0.95014332194889584  0.95368667672259499  0.95721526680118330
  0.96070080921073053  0.96414649400452002  0.96764618531396340  0.97119404489869310
  0.97478192829936172  0.97842055150819474  0.98208082931417451  0.98568995371777657
  0.98924586493317945  0.99285624566112951  0.99645194819585725  1.00000000000000000
 -0.00227455068913241  0.00833652130033051  0.01974229374788923  0.03050628185076066
  0.04391444357893191  0.05616369461866588  0.06815717255064235  0.08024549299371900
  0.09264795080477527  0.10426189703542164  0.11359700568211066  0.12187048823158206
  0.13081986007393689  0.13960998889292628  0.14834866915391484  0.15694829430034343
  0.16683452720752451  0.17925462893049976  0.19158066789048228  0.20395070669698281
  0.21601829290913607  0.22876290752488287  0.24281872751832406  0.25735285926532692
  0.27100031228105820  0.28320817411417420  0.29496604847872776  0.30696866086008956
  0.31872670531105640  0.33117618321960401  0.34344550698019705  0.35683126297701001
  0.37069883700233397  0.38151102642323176  0.38972931947904565  0.39793770591879696
  0.40641172691229210  0.41612178831041119  0.42586815507634151  0.43487876833994543
  0.44459287576603390  0.45609173739096276  0.46774869812960279  0.47974646503911705
  0.49222422507056307  0.50483130092885364  0.51705907073894419  0.52954564050785347
  0.54202988426413901  0.55449955416835395  0.56504685122782161  0.57330498553549869
  0.58116286842589859  0.58876909039987468  0.59723899936933467  0.60593307166288612
  0.61429642991665745  0.62243308446100687  0.63137508029858957  0.64083544368591672
  0.64964348815725126  0.65817793845444306  0.66738217542616673  0.67699913871683548
  0.68735380154124426  0.69975734467925610  0.71127388515123424  0.72099069288294781
  0.73070754969392826  0.74045404756221755  0.74950670802603581  0.75670446608142838
  0.76411736674901176  0.77287146920328043  0.78271523166974488  0.79217900566727240
  0.80091228719381580  0.80907779183201856  0.81882185748099368  0.83193898006918898
  0.84064058349558612  0.84900319986159301  0.85847465038352500  0.86876767180699377
  0.87987817526019019  0.89018326845540674  0.89922233315073341  0.91071238581854086
  0.92240988155020331  0.93470541152113273  0.94752334124960513  0.96001067340562940
  0.97065044012074764  0.98119377909264338  0.99078963836295175  1.00000000000000000
   6.8691739879398906E-003  -1.0000000000000000     
 T T T T F F F F F F F F T T T T F F F F F F F F F F F F F F F F
  <DiscreteSampler_grid>
  grouped_processes
  1 # 1 for a reference and 2 for a running grid.
  10 # Attribute 'min_bin_probing_points' of the grid.
  1 # Attribute 'grid_mode' of the grid. 1=='default',2=='initialization'
  0.0000000000000000 # Attribute 'small_contrib_threshold' of the grid.
  0.5000000000000000 # Attribute 'damping_power' of the grid.
 # binID   n_entries weight   weight_sqr   abs_weight
    10   10   4.751766691121140E+009   2.258159735477302E+019   4.751766691121140E+009
  </DiscreteSampler_grid>
