 -0.00505484246340751  0.01157934090490025  0.02761168876149300  0.04338512431961400
  0.05939722710266091  0.07533701114446757  0.09129799490822813  0.10675593201035387
  0.12100821174582849  0.13474435818618344  0.14881573780157234  0.16291470205540470
  0.17686559586167297  0.19062796419770434  0.20514716952860443  0.21977277938939266
  0.23449802149881407  0.24935754013432140  0.26419595948453706  0.27898738005807927
  0.29377586281436807  0.30858603966161829  0.32341066575467314  0.33814973244231905
  0.35288203251306022  0.36763544623200828  0.38241180564209565  0.39713256153132159
  0.41180109312631058  0.42643801698682127  0.44108817291795255  0.45572875778631872
  0.47035788654655286  0.48499376184286702  0.49965761581816681  0.51437724115134509
  0.52911408146024219  0.54387217945510846  0.55865497715382317  0.57347200393459286
  0.58831324604956980  0.60320922787337772  0.61814690205854483  0.63303347867921755
  0.64791709380104157  0.66277703874429716  0.67761655670763155  0.69244857984958375
  0.70797695674464234  0.72356931720362139  0.73940223594016030  0.75574948154864174
  0.77219144546515883  0.78999245553610919  0.80654924357883917  0.81732161821309568
  0.82382665707697322  0.82859380870777877  0.83044314682477716  0.83489962204608237
  0.83927239820252164  0.84364657101590768  0.84800309245170757  0.85238862550883054
  0.85675886630295328  0.86110036843689153  0.86550649541114610  0.86996306324991945
  0.87443890739787544  0.87891563088931857  0.88338391397230720  0.88790069698539986
  0.89242071061890216  0.89694680365894097  0.90148692092852956  0.90602616299868033
  0.91056295237236340  0.91510373840611003  0.91965864363971661  0.92424050796801160
  0.92888248343237512  0.93350431624893859  0.93810469820615661  0.94269977758783396
  0.94738851741606034  0.95212287702257004  0.95685256252474626  0.96160984051331078
  0.96635422435640739  0.97110898380678090  0.97587383682251172  0.98064131644364050
  0.98544596252354510  0.99028549342661443  0.99515116428952843  1.00000000000000000
 -0.00328503219654997  0.01193595220194216  0.02311696924222319  0.03344338213487454
  0.04390040142130184  0.05435818827790011  0.06458496149396288  0.07424436366543048
  0.08455137861218011  0.09657620550505432  0.10974621618157421  0.12205512724798118
  0.13252675387764776  0.14202006132355688  0.15115179419764907  0.16061524486869702
  0.17014332582753033  0.17906648990250970  0.18752622322627435  0.19708966540233114
  0.20780427433764626  0.21946945601090750  0.23274769676968485  0.24518562128563379
  0.25791433545509745  0.27124093353611567  0.28404870814598415  0.29575886708426591
  0.30654362410927211  0.31654810683393142  0.32604403016109718  0.33560868965479407
  0.34581593542406336  0.35634696819074246  0.36688698763842859  0.37830476344425207
  0.39045798699661760  0.40212286394874702  0.41271651499850265  0.42313477770560248
  0.43359901579111482  0.44394027821887433  0.45410992618526652  0.46525457889215782
  0.47720808516952995  0.48920245303855292  0.50121428156040448  0.51326295251214726
  0.52560543065618970  0.53752938905903691  0.54943870898410263  0.56137289893914433
  0.57307761158868453  0.58475062053547400  0.59620132966435524  0.60642886167226084
  0.61549888530934083  0.62442839346175261  0.63360138869317040  0.64303272011835233
  0.65182976538005155  0.66023367451967585  0.66867444624722039  0.67947867855331423
  0.68938628829875481  0.69916593363023172  0.70922034837824777  0.72196294034575315
  0.73364138896413622  0.74370269318696658  0.75372952653878578  0.76431325505482806
  0.77589226053658522  0.78476588987725837  0.79370106074215474  0.80281528820760473
  0.81253158597686648  0.82219070727153687  0.83196624644562689  0.84163909622350408
  0.85135068303564765  0.86110249513163750  0.87102732105707281  0.88108992865270008
  0.89109269348009823  0.90082195395694931  0.91006860717725191  0.91942627418274858
  0.92907821697718374  0.93902633389816492  0.94846233654263001  0.95776509394980403
  0.96755633323962142  0.97844206094130681  0.98926658969499515  1.00000000000000000
   1.9296883962048405E-004  -1.0000000000000000     
 T T T T F F F F F F F F T T T T F F F F F F F F F F F F F F F F
  <DiscreteSampler_grid>
  grouped_processes
  1 # 1 for a reference and 2 for a running grid.
  10 # Attribute 'min_bin_probing_points' of the grid.
  1 # Attribute 'grid_mode' of the grid. 1=='default',2=='initialization'
  0.0000000000000000 # Attribute 'small_contrib_threshold' of the grid.
  0.5000000000000000 # Attribute 'damping_power' of the grid.
 # binID   n_entries weight   weight_sqr   abs_weight
    10   10   7.844477674115746E+008   6.155358622193864E+017   7.844477674115746E+008
  </DiscreteSampler_grid>
