 -0.00457608328940024  0.01092270607040919  0.02676138392191328  0.04304839259552603
  0.05950620294985554  0.07555907039875484  0.09061089982560266  0.10456027613745386
  0.11829483782449246  0.13221255064219672  0.14589304433087577  0.16002212362425039
  0.17507039184333509  0.19126554436238480  0.20761533743932742  0.22373951407451503
  0.23976915447148600  0.25575527376800572  0.27180879544542974  0.28783335016967437
  0.30382073511274477  0.31983096296177599  0.33589722982116677  0.35217096624342487
  0.36836058947332023  0.38449317121616416  0.40061865600178354  0.41657336615590757
  0.43223113284492481  0.44786660206844686  0.46349263780712524  0.47912925467497958
  0.49485694835037469  0.51075097356998511  0.52676370269351602  0.54282642022772543
  0.55888444802574322  0.57490370886977582  0.59087104965945791  0.60679194374073842
  0.62269576814415439  0.63857168251168550  0.65456551956075937  0.67069853131708723
  0.68712958576948535  0.70360180071092593  0.71983317621204967  0.73597465337956880
  0.75200016556164984  0.76793064064121130  0.78382483634210864  0.79993817654709010
  0.81605135494072889  0.83216378550238923  0.84828576332312444  0.86441412244740956
  0.88058448750729801  0.89663392690821875  0.91222919366206245  0.92688950963510008
  0.94087912452510125  0.95661761017248148  0.96610410597959706  0.96897394860848951
  0.96909676196105554  0.96934659766800257  0.97032099674635908  0.97133338887918863
  0.97234324252920346  0.97336702881068748  0.97439964547425761  0.97542483655175183
  0.97643273690977062  0.97744237329528894  0.97844787576211101  0.97947247214059052
  0.98050770171254675  0.98152988884311576  0.98254085446027706  0.98355118930593288
  0.98456805717765572  0.98558383380520509  0.98661429365089526  0.98765378150015437
  0.98867519955449557  0.98970602909525085  0.99072459634719168  0.99175415079037221
  0.99278075683521283  0.99380065669736428  0.99482983108608458  0.99585161332363115
  0.99688073836097957  0.99793788534728245  0.99897708503464022  1.00000000000000000
 -0.00419366131909622  0.01458893516236345  0.02526210850595001  0.03364954753791908
  0.04256299577747604  0.05145476805224469  0.06001623124282918  0.06883504423004660
  0.07844526362705093  0.09004218542517042  0.10549719085225746  0.11983381362150299
  0.13382472581795948  0.14832163674960916  0.16167595908548127  0.17146220209891208
  0.18012726143369856  0.18919032482395223  0.19812024682144341  0.20652661804147351
  0.21418324561557250  0.22188499036978077  0.22988191604779648  0.23892378815093152
  0.24766257365373315  0.25492631013265754  0.26173245208416479  0.26974740477760450
  0.27988411753432263  0.28994987703364772  0.29903803172812687  0.30745760374804071
  0.31619633656655272  0.32636883587529658  0.33957238382926758  0.35080362824902583
  0.35989346886910289  0.36874807648868457  0.37759712241741306  0.38535573177976418
  0.39314898321476438  0.40132355139476034  0.40933416524802957  0.41753734877608617
  0.42685172706762337  0.43775063550507709  0.45093479098914563  0.46655864553395432
  0.48060850385585124  0.49451179081627461  0.50751460990114794  0.52107662143926681
  0.53523820753285978  0.54958656657945248  0.56397864325143388  0.58063504990639581
  0.59578732846847848  0.61058746918564766  0.62545628871300052  0.63971750458147159
  0.65047187164980158  0.65968948138006156  0.66962335313686983  0.67967513602433904
  0.68986930412139535  0.69929298122634054  0.71015824625979729  0.72498002584371934
  0.74394992106138136  0.75611172885627032  0.76723688271360890  0.77689589123641745
  0.78503928807230750  0.79257472326598144  0.80023476020046114  0.80826612326973490
  0.81636510783947491  0.82491322866142114  0.83406638486282192  0.84442064963454921
  0.85452123481325459  0.86327350942804149  0.87124622957203723  0.87863342245733400
  0.88625024924302431  0.89435809307357772  0.90303837985284763  0.91153908176498799
  0.92393223661043089  0.93934062429309095  0.95479141066727657  0.96480069113741973
  0.97342206018893129  0.98208014539378097  0.99094231461749038  1.00000000000000000
   1.6267357206075915E-005  -1.0000000000000000     
 T T T T F F F F F F F F T T T T F F F F F F F F F F F F F F F F
  <DiscreteSampler_grid>
  grouped_processes
  1 # 1 for a reference and 2 for a running grid.
  10 # Attribute 'min_bin_probing_points' of the grid.
  1 # Attribute 'grid_mode' of the grid. 1=='default',2=='initialization'
  0.0000000000000000 # Attribute 'small_contrib_threshold' of the grid.
  0.5000000000000000 # Attribute 'damping_power' of the grid.
 # binID   n_entries weight   weight_sqr   abs_weight
    10   10   2.545625497683804E+007   6.480213370539198E+014   2.545625497683804E+007
  </DiscreteSampler_grid>
