 -0.00347358927329479  0.00782664712556010  0.02176435903663955  0.03755200310919248
  0.05434854316988250  0.07103855928914768  0.08824383773258619  0.10391858350400884
  0.11827122968951667  0.13232274864452406  0.14659824835824686  0.16081366080818638
  0.17498944183591125  0.18910166518990293  0.20317117267700815  0.21776417148088692
  0.23326221615159670  0.24879197330876107  0.26413297686482945  0.27943146702145411
  0.29472084872124632  0.30999120606751229  0.32522899334240052  0.34041832439836850
  0.35558571040637094  0.37075326771406342  0.38594660514569629  0.40118998797839445
  0.41647559852131089  0.43178504256935119  0.44709024048607515  0.46236682930897732
  0.47756200935598159  0.49277447849144967  0.50800076238141578  0.52322367848753715
  0.53830832404998008  0.55338955092577857  0.56843043713057662  0.58342068698293015
  0.59838395993691740  0.61328913718762212  0.62820883118169280  0.64316872363160849
  0.65819178865489303  0.67328834380084956  0.68840625284474932  0.70355654636076392
  0.71877612280812442  0.73432142107603704  0.75042106698138500  0.76696698443077072
  0.78377783595430917  0.80199972349912640  0.81627052494453334  0.82495889301378866
  0.82845926206757692  0.83018058648326631  0.83456164640904962  0.83888409122288343
  0.84317521112258609  0.84749813429007914  0.85183924770712760  0.85617501672377161
  0.86050782548097282  0.86485461787667950  0.86923492959240989  0.87364113785021302
  0.87805189333207201  0.88244851384737133  0.88681587793159977  0.89117592724804107
  0.89557069986833959  0.89997666155341793  0.90438557314582857  0.90880224875061522
  0.91324065192415360  0.91769880214936694  0.92215592330745266  0.92664691421766932
  0.93114336793243313  0.93564637715657040  0.94016134179093547  0.94467828245791019
  0.94923859551924450  0.95381035302087547  0.95837859339634590  0.96294959793443358
  0.96755733368888241  0.97218444548901839  0.97679281049156941  0.98135920469916560
  0.98597016764358669  0.99062167944279178  0.99530093675386178  1.00000000000000000
 -0.00236659551222821  0.00923439695525285  0.01856956593093544  0.02835888797038699
  0.03738092141172933  0.04657683544745306  0.05540491350145465  0.06421683819943647
  0.07319186970548518  0.08246202547193997  0.09235482575557609  0.10268220261806230
  0.11303864260385954  0.12372559184635237  0.13536872799492364  0.14804983421428550
  0.16048757012265200  0.17277913330717676  0.18521080878279073  0.19512501036319063
  0.20493623164792618  0.21514555096487614  0.22492742904232799  0.23412718419093956
  0.24289829338061766  0.25244702344809256  0.26401845019867493  0.27528448485725060
  0.28425776902831013  0.29299378081745719  0.30137863639135637  0.31009149186050228
  0.31897902513645759  0.32771589684347840  0.33684369190264052  0.34613606964981747
  0.35556855855300151  0.36639256512936280  0.37861294719374161  0.39124819371834751
  0.40357353324309103  0.41553559405359014  0.42741904463356428  0.43906773333258348
  0.45051875650065248  0.46222204283682533  0.47465571847316085  0.48787150456087286
  0.49979539821846275  0.50961820720531092  0.51870083934462108  0.52806917850484447
  0.53798884976739691  0.54827339810011499  0.55827673256010935  0.56886048491015595
  0.58058269034752930  0.59312994479989489  0.60484366321306127  0.61544955020433245
  0.62582693113397059  0.63523098743052731  0.64488225185745451  0.65463600710345837
  0.66494300607896428  0.67653607907847935  0.68767686989885191  0.69947354908726722
  0.71118387246406034  0.72287283082517795  0.73455050218545115  0.74610221359837148
  0.75798251098362501  0.76940369619085336  0.77857312815935720  0.78775252205339530
  0.79748745493153861  0.80777812383484116  0.81801404800652044  0.82811415239460751
  0.83814170393115006  0.84915107704491566  0.85970975677342576  0.87013873835936872
  0.88035225598886324  0.89007278607713192  0.90032802324595451  0.91131457448006081
  0.92366544379258475  0.93677465588564990  0.94880263360735062  0.96004378341581997
  0.96974927574536174  0.98047468613513855  0.99057574346244814  1.00000000000000000
   1.1495364281019457E-003  -1.0000000000000000     
 T T T T F F F F F F F F T T T T F F F F F F F F F F F F F F F F
  <DiscreteSampler_grid>
  grouped_processes
  1 # 1 for a reference and 2 for a running grid.
  10 # Attribute 'min_bin_probing_points' of the grid.
  1 # Attribute 'grid_mode' of the grid. 1=='default',2=='initialization'
  0.0000000000000000 # Attribute 'small_contrib_threshold' of the grid.
  0.5000000000000000 # Attribute 'damping_power' of the grid.
 # binID   n_entries weight   weight_sqr   abs_weight
    10   10   4.740719456119429E+009   2.247738776190595E+019   4.740719456119429E+009
  </DiscreteSampler_grid>
