  0.02909530086583930  0.03424530308807782  0.03786115961719411  0.04218451771843600
  0.04823638588176921  0.05469103753722290  0.06115235342110871  0.06869468056309214
  0.07619454300079885  0.08327507458181689  0.09104870486660128  0.09988066794967711
  0.10990311214798851  0.11953979894139563  0.12825282353630038  0.13707970619156415
  0.14678505342247766  0.15812617421298530  0.16941903234541847  0.18010486383376745
  0.19125541542985944  0.20207008018960551  0.21184976193880045  0.22249988009164426
  0.23360899406873636  0.24586071131914589  0.26026209184418159  0.27571794627456392
  0.28912544011850616  0.30205855670167880  0.31366936246283028  0.32410835694451001
  0.33388719019379165  0.34152462222153857  0.34970607724322877  0.35654063002041897
  0.36434070130182089  0.37332250562449254  0.38455047997320507  0.39653576705908300
  0.41131218657020086  0.42615320036577981  0.43993301191359790  0.45294809321994495
  0.46377008645412460  0.47445704737482058  0.48395058350231934  0.49182878019401360
  0.49925538186398838  0.50738745444684341  0.51571998555580856  0.52445891983958637
  0.53292673198568119  0.53985974014205540  0.54923691736763980  0.55934204348441985
  0.56933646226868739  0.58062609414481103  0.59265931409594530  0.60451620749471302
  0.61717085867890575  0.63127491229099819  0.64574457552578246  0.65413143432100629
  0.66293912199275007  0.67234216685435388  0.68201388330998125  0.69074040723980112
  0.69813538605921210  0.70508123773152220  0.71310506757757042  0.72351224271605874
  0.73479550605942412  0.74294622027883717  0.75126805043259248  0.76141299866022638
  0.77323917957233612  0.78919562550367617  0.80477838321883310  0.81922853801628526
  0.83178873130316722  0.84153472705818322  0.85198825696200753  0.86202028936452646
  0.87094811476794587  0.87992938800204668  0.88987111392884510  0.90143815094344937
  0.91380855921359228  0.92369943264274745  0.93262386455563095  0.94095937008648345
  0.94915686615231909  0.95986299225695004  0.97189785385871186  1.00000000000000000
  0.02766112116572421  0.03780349163113243  0.05097212894674503  0.06518027533152390
  0.07893260293456127  0.09227117958555481  0.10590339302891982  0.11975561465690619
  0.13139443461155617  0.14155911447255065  0.14946166672196398  0.15750621595988723
  0.16624067797653219  0.17653358205749989  0.18600195082468607  0.19680622025274105
  0.21039515844009737  0.21753783977102328  0.22548016538501339  0.23244665001203360
  0.23989003338861739  0.24868009709453176  0.25732465845123453  0.26398746327483152
  0.27086958497967029  0.27988397753728989  0.29057645556610479  0.30223729408402722
  0.31307079266693322  0.32373468642895176  0.33560623795644395  0.34759369531104617
  0.36077887752176813  0.37569576798220977  0.39067036997174315  0.40320481138357500
  0.41468084790975146  0.42604903511302777  0.43686353070194650  0.44575455112135259
  0.45780826746969955  0.46767983274398861  0.47716539949176578  0.48495498686821792
  0.49206990780636234  0.49937218811989348  0.50999139910184110  0.52026058365063066
  0.52894001104371868  0.53611058505912479  0.54274839162758803  0.55028808841949983
  0.55907615055480664  0.56668479575284603  0.57284966822251449  0.57909024191422154
  0.58782206641682222  0.60144185043245046  0.61595312872747388  0.62642683500335439
  0.63403794699012783  0.64166633512426130  0.64921918867944739  0.65907393234287093
  0.67118937068075846  0.68186926239467016  0.69123041788427120  0.70069675414641608
  0.71002115990295478  0.72242293261876234  0.73468319576537255  0.74636684599034875
  0.75839362170560842  0.76998005823529447  0.78230976822286846  0.79360858564356751
  0.80363735222121724  0.81303743938754003  0.82210415984959895  0.83088279608439297
  0.83971506509674876  0.84842168088206638  0.85864106006482044  0.87112297686517426
  0.88064310027769566  0.88870565225414611  0.89804026523163472  0.90765866160784636
  0.91729085916902664  0.92660758008609156  0.93600142130534214  0.94549920839658796
  0.95506882585794217  0.96291973404816111  0.97067709008267200  1.00000000000000000
 -0.00570956153982811  0.01150551325864919  0.02950295232168061  0.04973690520773097
  0.06991224197876145  0.09002813123403229  0.10801182553317729  0.12518047667903781
  0.14274053029437869  0.16050103484516609  0.17909837527391859  0.19764104413084466
  0.21613072949651391  0.23409419557025554  0.25184059869305048  0.26899329410344486
  0.28650415130147561  0.30447644172486227  0.32225881677976009  0.33997684191011701
  0.35769812002918394  0.37532221771913199  0.39269227947867530  0.41035612167415386
  0.42831913537852589  0.44644198035999005  0.46462755280590412  0.48367897791861925
  0.50224378220388499  0.51999446201495991  0.53769391526172605  0.55535755986100721
  0.57289895746177477  0.59043917445774918  0.60797822755272068  0.62493469622196229
  0.64174811724448211  0.65820825134404215  0.67489705971793434  0.69266171499287088
  0.71132014710056513  0.73117320149094078  0.75081669014917529  0.77073073394411673
  0.79212729657679493  0.81444033520226988  0.83740202575141964  0.86001556655677247
  0.86911931712805657  0.86941326522542450  0.87012706450930177  0.87221047691099773
  0.87516079709556571  0.87819155465815846  0.88103473032920432  0.88377945609909836
  0.88659087194646946  0.88942403751218846  0.89232128738833216  0.89518130262909901
  0.89792315464665717  0.90072133969009816  0.90356443003634446  0.90644137927434310
  0.90945909607052011  0.91239143850747040  0.91522856104874861  0.91811344508704162
  0.92102032372423537  0.92380492862300612  0.92658323201392245  0.92940144952039516
  0.93225734497411683  0.93516074539690797  0.93798176001821199  0.94078226202251258
  0.94373875258297879  0.94676675982908542  0.94977548275553747  0.95263915897072626
  0.95551290586630477  0.95838648568257989  0.96135551240586203  0.96449854271041535
  0.96749065695838399  0.97042994395446736  0.97340425319544288  0.97632877755959269
  0.97934131449839901  0.98227538566596706  0.98518186066239455  0.98807929882399226
  0.99083125021851715  0.99379179646474936  0.99687564765093872  1.00000000000000000
 -0.00154163707810335  0.00686600568744931  0.01452387038991401  0.02212786590113783
  0.03103649768802379  0.04011038722307728  0.04982759957468487  0.05839399216858399
  0.06738350730205030  0.07876550788040251  0.09081300592573742  0.10341340798356199
  0.11650908004813049  0.12710637885210221  0.13324912525122398  0.13972744925041161
  0.14681157309176956  0.15428784716656641  0.16238679829183886  0.17175365755897065
  0.17944560576892679  0.18638577100463152  0.20031670675544275  0.21231446420041741
  0.22247072764933268  0.23211516458682296  0.24235502102918835  0.25294854342417566
  0.26279416316333132  0.27248973577187974  0.28368925914348569  0.29556399444912418
  0.30651032491422159  0.31620349731065522  0.32388396775641970  0.33259432825000268
  0.34072143427144191  0.34866585014914031  0.35648146442802403  0.36459977133878602
  0.37199749285857647  0.38011983028573126  0.38975991991744258  0.40270059851738854
  0.41338000346603354  0.42435673097330595  0.43632863016706197  0.45096108445215916
  0.46533378856665386  0.47961734300915010  0.49419941898386283  0.50849727968066616
  0.52241137459320475  0.53541140776785290  0.54767426220455007  0.56027345459661249
  0.57380871726837324  0.58868525141510109  0.60494531373196991  0.62173739470338685
  0.63612200458955970  0.64913287898311633  0.66133385881396278  0.67338184923652156
  0.68655369740273831  0.70005567629511289  0.71218090617554652  0.72334413078992887
  0.73518244933194266  0.74745223754128176  0.75778457359554308  0.76662376421470579
  0.77877591716915417  0.79179256618806948  0.79866878153916943  0.80564355089194295
  0.81384332298495010  0.82069053331308162  0.82770183955407817  0.83551382498187365
  0.84384250275905892  0.85137031230681870  0.86327329677481479  0.87662290750427074
  0.89079629175741593  0.90562176213827295  0.91917709496565347  0.93238181773516693
  0.94234366065771491  0.95020875534682903  0.95932739952113855  0.96825134249422862
  0.97700411472846738  0.98464804582746090  0.99205382478620685  1.00000000000000000
 -0.00179036888501656  0.01017195723267661  0.01956915326895282  0.02694766714252995
  0.03379055794948026  0.04105398341649474  0.05234604992640203  0.06533016254296334
  0.07712093575068053  0.08911130184068342  0.10132433531670869  0.11384202586148658
  0.12472143829174856  0.13524687851955042  0.14566863764422119  0.15572997319033557
  0.16593457242355261  0.17565917563587186  0.18527944269311405  0.19715609875379289
  0.20915103753481118  0.21806658396280745  0.22565564725053555  0.23200580260263071
  0.23712815530347456  0.24240553218215266  0.24979762636869052  0.25695542943600813
  0.26409853322519761  0.27098418746507857  0.27771942390918430  0.28449252092300248
  0.29078113926077775  0.29913706256832623  0.30838044977446616  0.31795273126598700
  0.32764876181941349  0.33902802248233366  0.35274370571207181  0.36676820321684928
  0.38240226640628860  0.39709165238477340  0.40783402816028980  0.41683262190683090
  0.42560320803904805  0.43421357312842168  0.44317527834300691  0.45329090342497802
  0.46604516468161539  0.48170847304161196  0.49546735833311772  0.50947125720807640
  0.52424213201716940  0.54018599838523262  0.55714466125615125  0.57320730160363997
  0.58644452379192558  0.59520230906262317  0.60442840336143433  0.61413572008216155
  0.62377528287230066  0.63273135404066139  0.64184004816059315  0.65354276890015761
  0.66925081986997670  0.68616630768952458  0.70267159056635675  0.71593834808889023
  0.72719944328465924  0.73777588907112268  0.74789398440262211  0.75787555691913544
  0.76813970527046138  0.77943357873649655  0.78830493984480188  0.79832273475721749
  0.80751173337933480  0.81712353278660166  0.82778076048107974  0.83927621170114519
  0.85309283643682887  0.86503618155252848  0.87691784493462333  0.88763033691023829
  0.89800197027021544  0.90857948969269764  0.91931512257092662  0.93142196740167427
  0.94211459782025420  0.95054187211774310  0.95953623192870086  0.96800184602214956
  0.97668289649577122  0.98447421846810212  0.99206802910690861  1.00000000000000000
 -0.00126031491542882  0.00563920341722873  0.01297430921070402  0.02136667592535107
  0.02996948268638871  0.03822067937726273  0.04686109879392145  0.05468742778818071
  0.06250019021871660  0.06870060949999296  0.07753425360404308  0.08563584640134324
  0.09342793551191197  0.10218412377282698  0.11074295751656930  0.11837006019116253
  0.12574450148643762  0.13310691862285820  0.14028627357947293  0.14791003183103690
  0.15680262189268576  0.16629112783041680  0.17622311806895558  0.18833633340213302
  0.20431621204593545  0.22076497779286364  0.23508042503208457  0.24794972541145377
  0.25968974900874298  0.27034647090735753  0.28052635325352882  0.29060260911957619
  0.30101074702809416  0.31228163172565349  0.32163636329327072  0.33209382714798569
  0.34233964529034272  0.35330963496009093  0.36558225998555732  0.38306907593254969
  0.39784808176599518  0.40766633459340207  0.41629128750308464  0.42467931022802680
  0.43263899655270682  0.43988599639353276  0.44756343498857093  0.45493511877824883
  0.46406810659155839  0.47583249922217841  0.48824381898477981  0.50142046911247473
  0.51572473672023300  0.53142212975889835  0.54744719645078654  0.56263135105069639
  0.57716360221329754  0.59133019039511681  0.60461306602374698  0.61690665208450490
  0.62811342100566603  0.63959343442467897  0.65012842129943105  0.65916303219213113
  0.66996648557428440  0.68377432761234602  0.69387214066759040  0.70167830336089532
  0.71109210035719783  0.72034368433399265  0.72841438009648596  0.73549194771474036
  0.74233429208071067  0.74958222402961749  0.75987156846402504  0.77153338475202238
  0.78259620550268416  0.79269573776711166  0.80148841384949243  0.80992459645877102
  0.81896059075117711  0.82837572969162421  0.83833901603483041  0.84767341564249843
  0.85871673905209778  0.86946389587219175  0.88005728684913365  0.89436808716225324
  0.90627802810516855  0.91861602651455698  0.93149853715463427  0.94508053519667090
  0.95978180376986544  0.97513604819264244  0.98810783346811315  1.00000000000000000
 -0.00249197031590315  0.00835426479881913  0.01968237736863365  0.03026699927728668
  0.04018657013616378  0.04969862607729481  0.05883598146956030  0.06811636462970369
  0.07880044059478956  0.08639006316008636  0.09335949510617812  0.09978076862635055
  0.10651828946051474  0.11339323816999242  0.12004042681865029  0.12688149457999329
  0.13373482470889164  0.14043494728679556  0.14749413747904147  0.15747015848904919
  0.16474312302168675  0.17400466651237875  0.18351765450065458  0.19319639810406594
  0.20346273113974667  0.21257421473922089  0.21902309061131789  0.22574403439168170
  0.23295671309415134  0.24034296760239984  0.24730263257661891  0.25508870739377487
  0.26393660094362903  0.27546489487999365  0.28726883396597219  0.29677409446296310
  0.30548105359043792  0.31463432255429430  0.32419931463463614  0.33348510823722988
  0.34682141102253422  0.36088554911519882  0.37536965110137444  0.39074633276525012
  0.40618794238749595  0.42061340729422469  0.43411047500146327  0.44690905066930120
  0.45951578028963430  0.47348486409161794  0.48841654115751720  0.50352842278336607
  0.51843692526845597  0.53332086503463982  0.54859644510354388  0.56544685294582131
  0.58084049092166956  0.59271603640626325  0.60202349172584901  0.61119224206684286
  0.61903345583583747  0.62664560048030116  0.63441315269400755  0.64338569385069067
  0.65547953423098282  0.66903178324197543  0.68087701473196649  0.69117568592897960
  0.69950771994764471  0.70700759140238667  0.71673914520408000  0.72761080269645317
  0.73951704712578181  0.75140728427474734  0.76399181744768874  0.77728126608035153
  0.79150426725399836  0.80382391471033598  0.81612257440110603  0.82744239207946124
  0.83866367332857372  0.84766662438127616  0.85680709658336374  0.86657798516502826
  0.87640121337866450  0.88657826052111988  0.89717906576958073  0.90741215033411238
  0.91707085928217869  0.92660791868222903  0.93644793728062770  0.94609867113819668
  0.95535197080141476  0.96838846601054662  0.98414788944411857  1.00000000000000000
 -0.00402527286862419  0.01505898779634553  0.02609816140684275  0.03481159191813919
  0.04323405110820614  0.05103645278631778  0.05926106798774998  0.06854429928045695
  0.07953593542536866  0.09170789162289324  0.10408797447614362  0.11633874651612111
  0.12822805826500380  0.14011532738826976  0.15354554124288150  0.16547095798399442
  0.17610735706175015  0.18569446249579460  0.19466535906296883  0.20345975723085660
  0.21307674554747752  0.22179065980562374  0.23003239376665888  0.23802220009363345
  0.24695380631735281  0.25589557796819362  0.26446214870493823  0.27256878455489791
  0.28020060016883308  0.28842903760306304  0.29819235740039363  0.31214132207057066
  0.32558416897013165  0.33992822352888918  0.35327628773274578  0.36383587877133983
  0.37252104367084193  0.38158986197643563  0.39059161957606714  0.39913744961330949
  0.40743891255227616  0.41395449533567308  0.42541201686097763  0.43752945695670520
  0.44716879252340680  0.45781756990771361  0.46944610377852791  0.48099959452922808
  0.49215011022170374  0.50487136877582739  0.52069223977951973  0.53641217398283636
  0.55198319915802130  0.56732856837366796  0.58181136148204471  0.59708510560537775
  0.60845630096924919  0.61599363122145367  0.62438690938731012  0.63184617664334530
  0.63978338875610608  0.64822883733605474  0.65669188263179101  0.66699281720867887
  0.67981246833806097  0.69522036164837631  0.70945352039367648  0.72207169986771602
  0.73266374457623251  0.74188633512431434  0.75220746663831306  0.76510665639314712
  0.77681910364976747  0.78666733785552978  0.79656058335629010  0.80600361280887944
  0.81433974901455630  0.82191797402942757  0.83051327546394949  0.84227987793099401
  0.85427533308162507  0.86318689337661403  0.87016892320832884  0.87747281603126615
  0.88565225781933510  0.89502368065865068  0.90401950457899727  0.91201525379562887
  0.92090391014118222  0.93184911785008395  0.94289674776276466  0.95399468664751474
  0.96473751634389848  0.97510987653682979  0.98625565991196218  1.00000000000000000
   7.4614595989876496E-006  -1.0000000000000000     
 T T T T T T T T T T T T T T T T T T T T T T T T T T T T T T T T T T T T F F F F F F F F F F F F F F F F F F F F F F F F F F F F F F F F F F F F F F F F F F F F F F F F F F F F F F F F F F F F F F F F F F F F F F F F T T T T T T T T T T T T T T T T T T T T T T T T T T T T T T T T T T T T F F F F F F F F F F F F F F F F F F F F F F F F F F F F F F F F F F F F F F F F F F F F F F F F F F F F F F F F F F F F F F F F F F F F F F F F F F F F F F F F F F F F F F F F F F F F F F F F F F F F F F F F F F F F F F F F F F F F F F F F F F F F F F F F F F F F F F F F F F F F F F F F
  <DiscreteSampler_grid>
  grouped_processes
  1 # 1 for a reference and 2 for a running grid.
  10 # Attribute 'min_bin_probing_points' of the grid.
  1 # Attribute 'grid_mode' of the grid. 1=='default',2=='initialization'
  0.0000000000000000 # Attribute 'small_contrib_threshold' of the grid.
  0.5000000000000000 # Attribute 'damping_power' of the grid.
 # binID   n_entries weight   weight_sqr   abs_weight
    10   10   2.144446583050982E+005   9.395667958139775E+010   2.144446583050982E+005
  </DiscreteSampler_grid>
