 -0.00275494499425068  0.00520205229154414  0.01554065048889728  0.02716283894094348
  0.03885703983694268  0.05059355591301973  0.06233887328742874  0.07403598001711231
  0.08559257220444080  0.09701870893335716  0.10843796863302502  0.11977007008634434
  0.13080468167973092  0.14430948704174143  0.15849414883841562  0.17299407012071333
  0.18743218454981134  0.20185859733107217  0.21628591212531526  0.23083542258790543
  0.24543565492103261  0.26008012190740964  0.27538956322685737  0.29086832357321191
  0.30641334822753602  0.32174040393889525  0.33686990408018785  0.35168485361647994
  0.36610276112274565  0.38040919812732166  0.39466364636613799  0.40873537536377719
  0.42272755033560810  0.43691243888693226  0.45123599392260577  0.46566982976964316
  0.47970694291705990  0.49359765161502744  0.50735070077094691  0.52100479898758190
  0.53480717522536447  0.54875637849034686  0.56302877398388040  0.57708164896775171
  0.59096019045284909  0.60449560740080099  0.61799908320106922  0.63146687810419677
  0.64530146159366464  0.65907423631039463  0.67265833764556948  0.68637536170994984
  0.70012161404898665  0.71384509282659603  0.72768665867780336  0.74161587997961786
  0.75548512248872379  0.76937377841512455  0.78328986198304651  0.79728914591423605
  0.81130268937110495  0.82532425544952626  0.83881436033258028  0.85220503823410887
  0.86556904332388074  0.87902333289513945  0.89255077072557476  0.90684987894733982
  0.92129636567719730  0.93592432786760826  0.94956664512557276  0.96240011163719796
  0.97415809053863223  0.98735893777184269  0.99296988901709271  0.99368550211360684
  0.99373279979621543  0.99397749082991538  0.99431225506895482  0.99464962259998158
  0.99498398973810298  0.99531282350356898  0.99564831072482729  0.99598717446052409
  0.99631712662877414  0.99664588322050718  0.99698343964230596  0.99731701978704757
  0.99765723657261896  0.99799072400759536  0.99832703961007296  0.99866556792260797
  0.99900101298769439  0.99933389775357950  0.99966796990251805  1.00000000000000000
 -0.00517036780200876  0.01486345204726062  0.03192700351318397  0.04730709586013500
  0.06235406227116930  0.07794899120849055  0.09208662974861583  0.10627314932762692
  0.12037784122877815  0.13016863981480084  0.13713376225029794  0.14494970456760708
  0.15239605531211101  0.15961037135654538  0.16684511290285703  0.17441080860140443
  0.18232904081341572  0.19085177270894699  0.19960856066917276  0.20843284708288701
  0.21741196265333779  0.22628086177467782  0.23493368472095727  0.24321422363471051
  0.25402025982928672  0.27228733475461175  0.28868686811237759  0.29870181322931050
  0.30624477916578441  0.31436489253226763  0.32308695767412937  0.33197451845180259
  0.33994025263656036  0.34718012889647371  0.35399360006974878  0.36199583895931298
  0.37046703358058575  0.37848148409813942  0.38646816765159359  0.39439630499525363
  0.40190232463266484  0.40944827900181802  0.41719408140000097  0.42408233278064311
  0.43037524592963294  0.43655346856923993  0.44287363839384247  0.44913514892340084
  0.45514456155920330  0.46168795150092007  0.46955225556421060  0.48042895765709609
  0.49793136069084232  0.51771949987065935  0.53373596497562115  0.54833846944039810
  0.56240185233904261  0.57631470426060805  0.58990091395438815  0.60425249310504880
  0.62034887875061795  0.63687587334280404  0.64967888647950345  0.65766884563723194
  0.66588618431876956  0.67426822171027978  0.68241619395939224  0.68981988344494971
  0.69657453297384486  0.70333528884957464  0.71015900660768050  0.71771765302588875
  0.72544756534514643  0.73334118639916324  0.74100518904966517  0.74987660946091594
  0.76417609750841409  0.78436882968995603  0.80600821613547413  0.81625920983311917
  0.82392747709121583  0.83177068610669624  0.84030661884406133  0.84843776805414750
  0.85644716837854695  0.86454411502930051  0.87330397027352757  0.88522950523207977
  0.90026944430099487  0.91721856084817233  0.93203735380894259  0.94664113703225061
  0.96079297072705816  0.97428709759863097  0.98720694574430767  1.00000000000000000
   1.4339545934599236E-007  -1.0000000000000000     
 T T T T F F F F F F F F T T T T F F F F F F F F F F F F F F F F
  <DiscreteSampler_grid>
  grouped_processes
  1 # 1 for a reference and 2 for a running grid.
  10 # Attribute 'min_bin_probing_points' of the grid.
  1 # Attribute 'grid_mode' of the grid. 1=='default',2=='initialization'
  0.0000000000000000 # Attribute 'small_contrib_threshold' of the grid.
  0.5000000000000000 # Attribute 'damping_power' of the grid.
 # binID   n_entries weight   weight_sqr   abs_weight
    10   10   5.090928519557707E+005   2.591755748445038E+011   5.090928519557707E+005
  </DiscreteSampler_grid>
