 -0.01001561565348802  0.00661359179065425  0.02835591497579591  0.05909801987000120
  0.08991215575841516  0.12028884807707506  0.14588341544238875  0.17161665450219152
  0.19749412784768150  0.22294633079073609  0.24833489332626632  0.27366868944392791
  0.29853925127669517  0.32318137092044719  0.34748195041706381  0.37146934451951735
  0.39469402874456222  0.41789211301995471  0.44107148635906573  0.46411483552569449
  0.48692253375015471  0.50876283742447848  0.53050142018863500  0.55211959726706372
  0.57355790484123237  0.59492430193702583  0.61534892394247886  0.63569172139066266
  0.65588057732117777  0.67585459252652968  0.69550706943411222  0.71603968152054487
  0.73724285584197891  0.75852665886758541  0.77984939809391574  0.80357858387453951
  0.82756141571399899  0.82807048630492153  0.82853452161622010  0.82950704683167842
  0.83181229475110030  0.83490382962404208  0.83796221848004382  0.84105420466248892
  0.84415710344239581  0.84722598096061885  0.85028846448900075  0.85335038833484222
  0.85640577342260349  0.85944459192275557  0.86248768619865757  0.86556941300319645
  0.86867370925078125  0.87175608008300354  0.87481137407201159  0.87785822176473149
  0.88091124546457855  0.88395945335008630  0.88702738948280668  0.89010896044061005
  0.89319021968103096  0.89628190070166747  0.89934137074192733  0.90239221777589007
  0.90543692847985313  0.90847543531282338  0.91154645996209649  0.91462832342797040
  0.91769003652380543  0.92072373239274286  0.92377794079592224  0.92682121639738069
  0.92984630353398667  0.93287066256485485  0.93590256781478509  0.93892789170354063
  0.94196692121945003  0.94503784207317010  0.94809517154717460  0.95112597996273607
  0.95417779466778985  0.95723467042676846  0.96028927869874170  0.96333570142962222
  0.96637073613999913  0.96939285610724846  0.97240913155278719  0.97545336642431657
  0.97852398337758262  0.98159598174270080  0.98466915258593879  0.98772535838852615
  0.99078549618755662  0.99385911699603768  0.99693063068113008  1.00000000000000000
 -0.00229953553832195  0.00863156628977560  0.01878962396531680  0.02897036689020716
  0.03997260974979134  0.05172000397968416  0.06439659934983971  0.07736105371135230
  0.08893645462964368  0.10007556146020190  0.11096464188476564  0.12220172727070744
  0.13296400619599166  0.14341847239819344  0.15342638813404511  0.16342366147565546
  0.17592961563180590  0.18898799418545473  0.20147690886221362  0.21294998254640379
  0.22440018786178995  0.23578143566169607  0.24672444020971818  0.25696707469796326
  0.26728442606481256  0.27816634808258184  0.29021043267722929  0.30327289464049634
  0.31589773840093405  0.32781199252766036  0.33881833593972860  0.34948177656154550
  0.35854484634209638  0.36725227494727802  0.37692083438732632  0.38672702508234869
  0.39650532627495993  0.40674244183062241  0.41723800063854288  0.42825576180382008
  0.43950011820199392  0.45084253668022506  0.46305089786294951  0.47528228681889501
  0.48527054788768154  0.49359205944491669  0.50177397657408529  0.50949917983518112
  0.51710250207417607  0.52522708492610370  0.53361635375984229  0.54316725360570550
  0.55522314137864004  0.56770319915773348  0.57910707664490035  0.59019194633243532
  0.60143640017381039  0.61305768337598543  0.62580997814259254  0.63872652029845955
  0.64962178756785505  0.65759414774905611  0.66539707785045388  0.67269334334930342
  0.68005206759261427  0.68756389834006104  0.69507729079596969  0.70222753447160446
  0.70972645730743367  0.71779775610600260  0.72699678365507403  0.73653133471405652
  0.74541488646011855  0.75388823306769259  0.76301564275266553  0.77146136181126757
  0.78301213790221191  0.79326940719755845  0.80335278192724702  0.81289143597937608
  0.82307052082704801  0.83398134814381752  0.84493689517335402  0.85762024285920258
  0.86883448723029877  0.88034933861218945  0.89147222131180970  0.90330759863549659
  0.91541973087834949  0.92761107242782415  0.94035461882491478  0.95310398406722185
  0.96412632068130877  0.97512868250823392  0.98605134191092747  1.00000000000000000
   1.4253547871042005E-005  -1.0000000000000000     
 T T T T F F F F F F F F T T T T F F F F F F F F F F F F F F F F
  <DiscreteSampler_grid>
  grouped_processes
  1 # 1 for a reference and 2 for a running grid.
  10 # Attribute 'min_bin_probing_points' of the grid.
  1 # Attribute 'grid_mode' of the grid. 1=='default',2=='initialization'
  0.0000000000000000 # Attribute 'small_contrib_threshold' of the grid.
  0.5000000000000000 # Attribute 'damping_power' of the grid.
 # binID   n_entries weight   weight_sqr   abs_weight
    10   10   1.347518981407052E+007   1.818845430937540E+014   1.347518981407052E+007
  </DiscreteSampler_grid>
