 -0.00566429894696752  0.00536571983451911  0.01852734244744804  0.03644540156489570
  0.05469003124149682  0.07312765139270752  0.08838236365121603  0.10307711252770019
  0.11706172876042022  0.13127510346602805  0.14530630979403128  0.15911003263059628
  0.17516152897869189  0.19147106323526844  0.20799656672143552  0.22442327418959648
  0.24080453332546656  0.25708661471072014  0.27333479134667116  0.28954861953222116
  0.30586030086400839  0.32222818444278406  0.33872661502359364  0.35535130754067989
  0.37205635365398620  0.38861436521405857  0.40509680061315056  0.42144596914778659
  0.43776993909593420  0.45408360497856015  0.47041552466478515  0.48682063387316332
  0.50335386322100584  0.51986342375763672  0.53636589349442532  0.55289147269119010
  0.56935553625286417  0.58574238557878944  0.60179918712793457  0.61776687296729471
  0.63367341462260829  0.64945415220504232  0.66511387995462889  0.68053676527259488
  0.69592987960009778  0.71138673314715573  0.72679228827121989  0.74215270866086513
  0.75751725605943954  0.77285217276615137  0.78807806267686364  0.80331657591350203
  0.81856547172021188  0.83411989656784791  0.84973231896914914  0.86540699512641384
  0.88105924892586984  0.89669340752077942  0.91145244585016005  0.92602894173750272
  0.94035813989232386  0.95573989255247505  0.96895367376271901  0.96897514397999351
  0.96913467365527439  0.96950919215985798  0.97050141304787596  0.97150414773656668
  0.97252082282391195  0.97353969778846716  0.97455973459280543  0.97556563976960353
  0.97656804717179380  0.97757883809254598  0.97859206462325787  0.97960130493574959
  0.98061206933368961  0.98163100211803511  0.98264859465383714  0.98366040177073988
  0.98466699942768765  0.98566922652038336  0.98668456064357069  0.98771431756233308
  0.98874835295087737  0.98978284798160510  0.99080900145680273  0.99182537738357968
  0.99284544208129188  0.99386800127291786  0.99489577093897974  0.99591785137119770
  0.99693109282316983  0.99795471898004551  0.99897921250383592  1.00000000000000000
 -0.00521835557568777  0.01499736973377483  0.03185824895516771  0.04523088668121968
  0.05571161299121720  0.06527390898056042  0.07426301579196132  0.08323486045122973
  0.09244779459963580  0.10176362432192095  0.11066672845609507  0.11955211822642940
  0.12842267989864917  0.13737332919663753  0.14628502964974346  0.15604972232694736
  0.16596695920920931  0.17635612104162349  0.18800742306484544  0.20160590342704585
  0.21897678148256022  0.23152415027261000  0.24187071304551058  0.25265051958829954
  0.26280279256668243  0.27268730017510640  0.28130038059714485  0.28930221927348398
  0.29802439526185182  0.30757230384364315  0.32021890453119467  0.33404078179167829
  0.34505401404875757  0.35645945394528034  0.36783272384981963  0.37823452331787960
  0.38789068679935856  0.39754527038251986  0.40649603770550896  0.41463840295418380
  0.42219556602621755  0.42989030989787153  0.43829247147807515  0.44662568226770483
  0.45524156109262981  0.46452538714773833  0.47438931743092677  0.48390618330816071
  0.49301675124529026  0.50351510818700629  0.51655516815451197  0.53034238740471573
  0.54462002666333276  0.56045292210516917  0.57559437891228105  0.58761438818087186
  0.59719463634356318  0.60624069691538696  0.61567289295102245  0.62463174724684645
  0.63242928212393745  0.63966369742575924  0.64788173131972226  0.65799832213083909
  0.66876288631089476  0.67841727583805889  0.68825677481753933  0.69881922108284977
  0.70954622960043046  0.71966372407715717  0.72975657045880293  0.73955252175144237
  0.74991239015595657  0.76089438210099292  0.77356602636040062  0.78840908388415898
  0.80401021805280537  0.81580358223808047  0.82555298769074681  0.83528826947953894
  0.84486357513973098  0.85409316052411166  0.86333701574480692  0.87209666883793091
  0.88279232013752773  0.89351759491055249  0.91176953882959988  0.92504242738759723
  0.93596039100040507  0.94480124192279880  0.95426486443942693  0.96449141798179439
  0.97414763266674298  0.98299281429612329  0.99158129155152486  1.00000000000000000
   5.6070155136678233E-006  -1.0000000000000000     
 T T T T F F F F F F F F T T T T F F F F F F F F F F F F F F F F
  <DiscreteSampler_grid>
  grouped_processes
  1 # 1 for a reference and 2 for a running grid.
  10 # Attribute 'min_bin_probing_points' of the grid.
  1 # Attribute 'grid_mode' of the grid. 1=='default',2=='initialization'
  0.0000000000000000 # Attribute 'small_contrib_threshold' of the grid.
  0.5000000000000000 # Attribute 'damping_power' of the grid.
 # binID   n_entries weight   weight_sqr   abs_weight
    10   10   2.547282176058536E+007   6.488653502926661E+014   2.547282176058536E+007
  </DiscreteSampler_grid>
