 -0.00772728463501729 -0.00056663660936661  0.00911111960773200  0.03055834199880627
  0.05225322955038447  0.07436696588104544  0.09623746246816581  0.11795974163789341
  0.13753852726906160  0.15708798738870924  0.17693040373080895  0.19658407348345958
  0.21630736425707442  0.23813639382933613  0.25998162165214900  0.28185110859511903
  0.30367927224531838  0.32548933552423315  0.34720473911659355  0.36894833505784674
  0.39076077511869156  0.41268153007389474  0.43466683812434259  0.45717333045139547
  0.47967783733608910  0.50214009096891499  0.52458475401456328  0.54701417391850471
  0.56919780271814868  0.59133412210861769  0.61338651771055219  0.63505901245317109
  0.65655613784171041  0.67942381527279050  0.70236237428582693  0.72537530716109322
  0.74811133110592520  0.77052819409155426  0.78799390770680688  0.80483279795639961
  0.82420424030118722  0.82791914633367036  0.82875708559780503  0.82998514211127483
  0.83326910806650756  0.83663008916203518  0.83993293800318725  0.84321061085728943
  0.84646489118616530  0.84969972447735220  0.85292869346619238  0.85621435913832178
  0.85951352874562570  0.86275651534823083  0.86602031452870487  0.86930620390151525
  0.87256520524583414  0.87583702651597495  0.87910228822099434  0.88239754331293374
  0.88571540918560510  0.88900472267174313  0.89225590508562946  0.89549907222522229
  0.89877751709282594  0.90205496923767425  0.90532798670008774  0.90859747215865849
  0.91187595600648630  0.91512508741809262  0.91837009303188666  0.92164258676874167
  0.92493210597104514  0.92820302930046172  0.93148545221552170  0.93478207828779769
  0.93809235820438774  0.94137775738759777  0.94464303980885700  0.94796215220147606
  0.95132817976049056  0.95465051082479191  0.95791572066422825  0.96115305998766265
  0.96436842501166165  0.96759092514243727  0.97082152891500884  0.97403346208669039
  0.97725648814572597  0.98049415124721173  0.98375992705334470  0.98702868588347126
  0.99031382362784781  0.99355965112863431  0.99677383808107134  1.00000000000000000
 -0.00412229500954018  0.01634689577698500  0.03188781306404779  0.04513542276007722
  0.05657262303434633  0.06729213388761847  0.07755429314622597  0.08814424004509620
  0.09862063739606956  0.10902288698248069  0.11819367527695533  0.12759177926457310
  0.13755340542365560  0.14772566326155104  0.15675266909025942  0.16533398910056729
  0.17728895169992140  0.19010970469040619  0.20324339970138799  0.21676984038866393
  0.23022340409004874  0.24269944219859477  0.25464663348468186  0.26590914158385359
  0.27613652933235211  0.28527396881728950  0.29397260106724626  0.30117883793636030
  0.30865091388298588  0.31627618110988343  0.32401101861488685  0.33234369371108302
  0.34065543598362474  0.34857294967188551  0.35776693255219572  0.36705923779891708
  0.37645978312587458  0.38828544533741338  0.40089745597268817  0.41345508891972982
  0.42513297927988625  0.43733830018151476  0.45000106844361470  0.46295252982293467
  0.47547259662587421  0.48747855055678130  0.49955113187805045  0.51190532762056251
  0.52335826724451373  0.53313029796776634  0.54238681505778708  0.55150820117280508
  0.56059138095066008  0.56960882042315164  0.57880851423326896  0.58910199886597014
  0.60082203754449803  0.61314570739830598  0.62400523233017902  0.63283324653211981
  0.64134985505885811  0.64980434230260442  0.65826875565979226  0.66663594039455476
  0.67537799984797431  0.68518040595266660  0.69678137317391742  0.71049798015066734
  0.72305893468301641  0.73389229846550863  0.74335550524279359  0.75192211781057317
  0.75973481172748603  0.76740828900260727  0.77551497123069491  0.78394490602728106
  0.79221947128541481  0.80056412562634527  0.80915834790114216  0.82003213651360607
  0.83507878442784766  0.84792871292157890  0.85966229594946009  0.87085753341549366
  0.88225768302240237  0.89504919217924017  0.90924215904704686  0.92328641311763948
  0.93670847768854038  0.94748540796488112  0.95710340669093208  0.96635348205356930
  0.97509092410615139  0.98327034147608361  0.99133907079127481  1.00000000000000000
   8.4610797875125392E-007  -1.0000000000000000     
 T T T T F F F F F F F F T T T T F F F F F F F F F F F F F F F F
  <DiscreteSampler_grid>
  grouped_processes
  1 # 1 for a reference and 2 for a running grid.
  10 # Attribute 'min_bin_probing_points' of the grid.
  1 # Attribute 'grid_mode' of the grid. 1=='default',2=='initialization'
  0.0000000000000000 # Attribute 'small_contrib_threshold' of the grid.
  0.5000000000000000 # Attribute 'damping_power' of the grid.
 # binID   n_entries weight   weight_sqr   abs_weight
    10   10   6.747688786201337E+005   4.576675673014762E+011   6.747688786201337E+005
  </DiscreteSampler_grid>
