 -0.00229052798711107  0.00556800088225489  0.01654435383293035  0.02948303993777721
  0.04295268085360418  0.05635925252074832  0.06986958177920120  0.08247836557202171
  0.09487255730040768  0.10679131300541603  0.11856043867741416  0.13044539798932175
  0.14223239690175346  0.15379742780264954  0.16603767595221300  0.17852441060266544
  0.19149054515070552  0.20480039636698344  0.21797623202022504  0.23111515352671760
  0.24425540116945627  0.25736763986528421  0.27042405128395741  0.28340391850624513
  0.29634696540035388  0.30930059283439565  0.32229466719775457  0.33529296767263922
  0.34825316781977422  0.36117888946880944  0.37416410710020731  0.38717544019164768
  0.40021925509893602  0.41327647940931200  0.42630193168813013  0.43935484468299008
  0.45238669457018987  0.46544706340806180  0.47852173752686811  0.49159061457744824
  0.50476459096398829  0.51794089296443868  0.53113724746165070  0.54431401397103230
  0.55745635760333068  0.57060688344409360  0.58377112750767923  0.59692532659123765
  0.61005997271195134  0.62317847476154931  0.63629866161696391  0.64948159783306370
  0.66257540269433057  0.67563129524646204  0.68872515689152480  0.70190554908724290
  0.71510848423264994  0.72831903594534486  0.74159162404439416  0.75489742730004950
  0.76820790460191779  0.78151028188392702  0.79477521655235139  0.80800383443543278
  0.82124365558477574  0.83455267773912511  0.84801062403214389  0.86207623710430747
  0.87609232214130006  0.89016371744872680  0.90400461534594612  0.91713068483703764
  0.92975471737368409  0.94068576279939031  0.95298712176556533  0.96141326731341903
  0.96309984310045982  0.96439752434277981  0.96635600009045097  0.96831072410321350
  0.97028137105647305  0.97227130477166535  0.97424465920926884  0.97621016414861961
  0.97818087309449642  0.98016151274043173  0.98212549169530394  0.98409720269041678
  0.98606773625626720  0.98804484945640292  0.99003227377175995  0.99201592376119463
  0.99399457113987577  0.99599099056336104  0.99798727052936054  1.00000000000000000
 -0.00216095463562073  0.00874035753979465  0.01885532269419039  0.02946802750247981
  0.04037205444922250  0.04999461685296708  0.05926270754311077  0.06855125959011209
  0.07795663625811583  0.08743044734008014  0.09711880307159977  0.10729988458781074
  0.11783431511110601  0.12930662742572230  0.14360053083758129  0.15354603017606983
  0.16384426402140992  0.17438404257502049  0.18521909480855445  0.19557939661138829
  0.20560720329299667  0.21573659407497298  0.22553291218145471  0.23525621781905220
  0.24500847560389744  0.25483546511315996  0.26472392972995523  0.27509899267170218
  0.28726060622277727  0.30139932560883015  0.31449275443366681  0.32732252331566164
  0.33861628140122280  0.34818279168815186  0.35793952770769011  0.36780416111589420
  0.37804279601294721  0.38826582841213414  0.39999734669304160  0.41345891836788440
  0.42521971720876200  0.43509884132990101  0.44450804775218344  0.45405300684173006
  0.46338072646145761  0.47241939103827302  0.48119742416002270  0.49005124264817618
  0.49860118682517029  0.50744594281582311  0.51664688572633410  0.52625857132061460
  0.53548698151298180  0.54595586029097742  0.55887284385727087  0.57202163457568789
  0.58405164147571842  0.59473775108072691  0.60448063394155060  0.61438681867587741
  0.62391875005024222  0.63297506871275888  0.64213824462336822  0.65222172872417605
  0.66264970290027991  0.67236766841393614  0.68218632281951230  0.69376664213836481
  0.70605445574973991  0.71759535208826031  0.72796057102301626  0.73708602720168748
  0.74616969997781080  0.75557788933808223  0.76489337567383020  0.77381826872894521
  0.78225294988241867  0.79087233155628933  0.80373850465487184  0.81555721252047109
  0.82581233497600259  0.83652500204320890  0.84755782144847536  0.85852536770567855
  0.86899386994896133  0.87883562795923009  0.88848305972542319  0.89853436968960343
  0.90957518546643601  0.92097106841259124  0.93264507799359808  0.94551911676812694
  0.95932229827996440  0.97306059549126322  0.98657330055821246  1.00000000000000000
   5.8234559451292626E-004  -1.0000000000000000     
 T T T T F F F F F F F F T T T T F F F F F F F F F F F F F F F F
  <DiscreteSampler_grid>
  grouped_processes
  1 # 1 for a reference and 2 for a running grid.
  10 # Attribute 'min_bin_probing_points' of the grid.
  1 # Attribute 'grid_mode' of the grid. 1=='default',2=='initialization'
  0.0000000000000000 # Attribute 'small_contrib_threshold' of the grid.
  0.5000000000000000 # Attribute 'damping_power' of the grid.
 # binID   n_entries weight   weight_sqr   abs_weight
    10   10   5.125390607803003E+009   2.626965916825213E+019   5.125390607803003E+009
  </DiscreteSampler_grid>
