  0.04947229699646944  0.06892789292395565  0.08229091596522682  0.09216089414367104
  0.10020619514693646  0.10673314735550651  0.11247272566469887  0.11849302123348757
  0.12390901497403617  0.12889041007283725  0.13347779198115348  0.13718358373600048
  0.14023207919508060  0.14319300730499143  0.14618886769933825  0.14908615414657542
  0.15202425369844497  0.15492452150382108  0.15747863505077084  0.15960805833046721
  0.16173238428374984  0.16379149600469256  0.16578774009330846  0.16777698797259491
  0.16953835917926188  0.17118605622455571  0.17285955192138680  0.17442886246949790
  0.17602355132462869  0.17737433974441524  0.17861336209075121  0.17980245654949736
  0.18086109190491495  0.18201840341690406  0.18311955868509072  0.18415992582281054
  0.18509559941987513  0.18579836182957077  0.18650438514201481  0.18719781217644318
  0.18789340080635838  0.18859552822258707  0.18929583389861451  0.18997987955676374
  0.19060162290085958  0.19116836209980428  0.19173006901528761  0.19228284146841501
  0.19275362512451211  0.19320184961627310  0.19363647743127860  0.19406483734731408
  0.19450695606504403  0.19496427709130937  0.19539470369467657  0.19586872254683357
  0.19641790999416670  0.22974956491550683  0.23071568577455695  0.23149694957703018
  0.23218375412878947  0.23275513699891837  0.23337803302882193  0.23404607500721139
  0.23476006504658417  0.23547505325753543  0.23621323896096791  0.23697205407384625
  0.23775713704098475  0.23857689925708872  0.23946111722207611  0.24043099509142637
  0.24152045443266493  0.24275405782347825  0.24410418604244397  0.24555968548769871
  0.24705778181288721  0.24865615429173105  0.25019300816791773  0.25217897930445488
  0.25473497536152129  0.25747696617449112  0.26030682333117289  0.26334293973861322
  0.26670742128787278  0.27034255114676220  0.27478618261762217  0.28011529217973158
  0.28640718607549143  0.29414858147830492  0.30374173092890466  0.31661711216183208
  0.33579444253304919  0.38465555894522008  0.62529715081029780  1.00000000000000000
  0.04895437479352182  0.07306348541683294  0.08744132181452099  0.09818626672731835
  0.10805082072844135  0.11676381076833293  0.12325360783713496  0.12895281975753797
  0.13431256284731913  0.13899057732375500  0.14336569233805443  0.14756878722798064
  0.15161183646748466  0.15517452571352175  0.15854013921543569  0.16140665704275081
  0.16384988667388772  0.16608942219268913  0.16816873582830902  0.17002464770280692
  0.17177059350862289  0.17338953909325613  0.17495568021249377  0.17649113920383025
  0.17800150741819346  0.17940324920217976  0.18058555540036500  0.18158034779834595
  0.18251488836464425  0.18345274839030656  0.18440548795373840  0.18533679956854496
  0.18620433372553116  0.18710987882717653  0.18803765099929604  0.18887497462448791
  0.18965546733467997  0.19040542630785545  0.19113744251208142  0.19185802682106864
  0.19257267748058060  0.19328272181460346  0.19394907515683343  0.19460757755268704
  0.19525702014888785  0.19600561876599759  0.19686815422714921  0.19841896001810921
  0.22912411885862480  0.23089097008237533  0.23164148303718080  0.23222481228179384
  0.23280307496674585  0.23337014017053767  0.23396508374197886  0.23458919864350924
  0.23527594234119975  0.23596618469051517  0.23665669193987274  0.23735326563362166
  0.23805940954244612  0.23874661625281071  0.23948134941934812  0.24023206271100436
  0.24102599906025915  0.24190146764740339  0.24285498641566786  0.24392342810659784
  0.24511973314986515  0.24620654595631711  0.24731304445314820  0.24849470537509388
  0.24975488458616563  0.25113444123667611  0.25290599858068613  0.25495790070428231
  0.25708741335545432  0.25926067284719179  0.26135217897261559  0.26372763386059239
  0.26607391532280861  0.26856807054819315  0.27135910576856420  0.27519363839914379
  0.27923797732004535  0.28354476854808680  0.28880614533407906  0.29553456605646161
  0.30326482491605711  0.31151122427919020  0.32139803960849189  0.33699522279996774
  0.36519167730499985  0.41878338113851910  0.57474311136498712  1.00000000000000000
 -0.01134953344567618  0.00973532757785795  0.03082018860139207  0.05345454552326827
  0.07662915745699690  0.10008567165569798  0.12367391916192373  0.14959394178079133
  0.17390065474842442  0.17511792984611463  0.17848978008564592  0.18620310206784693
  0.19476391915635455  0.20158460124768074  0.20808796417919667  0.21618443754059688
  0.22174777732217077  0.22644617914960161  0.23288666297826399  0.24028835916572155
  0.24559325487190523  0.25036522298755731  0.25539758633788484  0.26383947279500491
  0.27214720566043799  0.27919542114120866  0.28649796942629946  0.29436884138098868
  0.30298032246677059  0.31086540490108416  0.31838851552637332  0.32695808043530539
  0.33571287529234956  0.34259456471560190  0.34868611153747731  0.35526526105338735
  0.36297772485418262  0.37169542592203964  0.38038713942554364  0.38872447669720689
  0.39728596961937174  0.40452152702792460  0.41155535544199151  0.41829776407056318
  0.42527383403078467  0.43246739478089657  0.43883340605226756  0.44439999372548689
  0.45179646688550240  0.46137402690554280  0.47134060779515197  0.48143109254066163
  0.49092950986994677  0.49994600852070853  0.50932201951557354  0.51795032648295625
  0.52493490579785640  0.53184734626360985  0.53901847032728845  0.54675292396809583
  0.55945708920263226  0.56963023836107340  0.57840516007578946  0.58885396733018858
  0.60058539965710711  0.61306953194214198  0.62617551303188523  0.63901626620073315
  0.65171461216280779  0.66519098141735711  0.67943811600773618  0.69397372560904858
  0.70829274504010553  0.72188297783057898  0.73485667659735587  0.74757799005232139
  0.75960465666055621  0.77139143463130266  0.78324887617881178  0.79544407505632253
  0.80990842491461790  0.82384600459169455  0.83703888501753154  0.84975125895504999
  0.86079680277032089  0.87104786953276248  0.88117032757115310  0.89147092204457479
  0.90500399625582173  0.92086012745196621  0.93629068324606091  0.95010104714392163
  0.96117124046338587  0.97402792845066533  0.98665008960287437  1.00000000000000000
 -0.00358722253357310  0.01220753184476534  0.02632305014011789  0.04024750798918299
  0.05511267733751847  0.06891821845189154  0.08005095907201373  0.09208360132295949
  0.10308516735354313  0.11214887789018883  0.12149900057919337  0.13245542669120805
  0.14461551084957835  0.15436315996878885  0.16340980563102592  0.17259399553602012
  0.18221036298477983  0.19071880106521991  0.19934774459395649  0.20851917360131922
  0.22086663482320987  0.23469753352945566  0.24763355934896869  0.25936097358062615
  0.26995143123339144  0.27889988378383790  0.28670429597982500  0.29441361842406966
  0.30223169818092066  0.31234607057577601  0.32177138115341619  0.33053443467643018
  0.34014812398079369  0.35093382330962369  0.36206805263296732  0.37317756894884463
  0.38309402426949113  0.39204941416835515  0.40015911688408362  0.40772877320708184
  0.41473678905928707  0.42201314688677694  0.43083811663337973  0.44140650761579020
  0.45452520138168212  0.46545499732556544  0.47590488948465226  0.48555990760732004
  0.49503654566864319  0.50300243568102787  0.51044747002632851  0.51800697463351153
  0.52577794084955720  0.53444584563981123  0.54272327743499027  0.55138740595977709
  0.55965119150224374  0.56796005799819516  0.57610400030353870  0.58636092699386266
  0.60019272297860504  0.61556138458760612  0.63159297324912811  0.64624891720983291
  0.65986245061400772  0.67145538057041820  0.68250261394099621  0.69304757619400925
  0.70327744204954379  0.71446956583336685  0.72550874946559618  0.73721065218272885
  0.74916280556697268  0.76103858444403327  0.77367894941750182  0.78515374043991992
  0.79709369630801041  0.80872124788085931  0.82093203595635722  0.83269365678618545
  0.84329218382765692  0.85336313656947216  0.86436938902688232  0.87676022762097316
  0.88742380532276854  0.89608130936380581  0.90494446121170269  0.91425949197513434
  0.92613575302640916  0.94034292204372771  0.95281864417982953  0.96387022509941656
  0.97357875969962204  0.98319246378220593  0.99157725915452155  1.00000000000000000
 -0.00271680474902766  0.01462518130183438  0.02544990682077307  0.03466225331453271
  0.04345980415394504  0.05436620152924122  0.06551074501157479  0.07540291032063004
  0.08537074492334082  0.09727247430426435  0.10977574562144210  0.12193835915215664
  0.13416156488123221  0.14732684322964348  0.16263374448440221  0.17959253843890166
  0.19673746246209703  0.21155525831090011  0.22299776230774604  0.23324566785003256
  0.24323471130837404  0.25455268624026162  0.26744176517678525  0.27969548354492013
  0.29155504807988530  0.30227322940228668  0.31268986508612695  0.32191401269270403
  0.32974723759648578  0.33682895629030535  0.34411540296302195  0.35286316774235843
  0.36501775776700152  0.37948366820979607  0.39229271114852471  0.40564246281647920
  0.41900705081306888  0.43048143084653712  0.44122825400351573  0.45161653036023325
  0.46100600841542494  0.46867921160570686  0.47748524141157295  0.48775788755560673
  0.49860922321339690  0.50911708243196641  0.51916699697184299  0.53045743859557748
  0.54277253972913697  0.55483281205725909  0.56642110961580860  0.57764358478776923
  0.59004923947741672  0.60369777405663805  0.61635976114980151  0.62727893540025348
  0.63821013215407774  0.64912903652600284  0.66048657315719628  0.67171848961243041
  0.68142946878404054  0.69143367624268648  0.70237268990709456  0.71415282097724520
  0.72415298143455431  0.73464620613174936  0.74565742230103993  0.75600272210825947
  0.76681807381108091  0.77660673962415694  0.78557102386120159  0.79399222271985814
  0.80086193891130208  0.80700305852111953  0.81387826549814801  0.82150889003653815
  0.83011809387161895  0.83945694620559164  0.84876137233984905  0.85804309498519593
  0.86765607532245126  0.87657499783508996  0.88541538846813894  0.89324233429485334
  0.90394092440989970  0.91427755112872688  0.92468323551533527  0.93453636722154831
  0.94319926530569875  0.95136993809030157  0.95903645999972786  0.96689731386539501
  0.97544700514663318  0.98370060679690186  0.99180407160361017  1.00000000000000000
 -0.00188566839650105  0.00911540130230734  0.01969653132427525  0.02871775304885144
  0.03939087642848454  0.05026528155427644  0.06195730596652910  0.07386413441757340
  0.08664526668102249  0.10095855060890105  0.11509221632648217  0.12783230428581871
  0.14074772043867195  0.15409990818913621  0.16710882444507272  0.17747642703522681
  0.18737787061692374  0.19761206109735802  0.20803055488430164  0.21751116951637228
  0.22571519559138883  0.23401040131783327  0.24541771118570968  0.25686504799496696
  0.27008215559508825  0.28260980104791644  0.29557876735614502  0.30851862188058182
  0.32039424967554153  0.33200829152416861  0.34305733316644582  0.35357921239882822
  0.36330237231139606  0.37233710877420428  0.38065873669067646  0.38919282645742337
  0.39870571684381223  0.40992257853480041  0.42036090286178590  0.42757722898070971
  0.43463972211400487  0.44175789931614251  0.45103114384541826  0.46080469564441440
  0.47187071023386401  0.48460078607287377  0.50151710464956889  0.51729848538635836
  0.53248783347509432  0.54643733061924726  0.55927997576869715  0.57235077360325015
  0.58522965586248943  0.59712634343269311  0.60904719734302593  0.62079410249756228
  0.63179523551743888  0.64249147610792323  0.65314662958672409  0.66343285844155431
  0.67354980601470282  0.68383847628550620  0.69469823279406662  0.70681954570464356
  0.71943687557961256  0.73150495311509767  0.74360622552049882  0.75386195707061099
  0.76142769530690857  0.76876930682790146  0.77638856971956904  0.78472191825548177
  0.79321504896388961  0.80143119974328170  0.80987169977433382  0.81852340500466092
  0.82644231933585599  0.83362452858358893  0.84120783371396068  0.84907467817724214
  0.85799447763206882  0.86806759895799646  0.87805304819019037  0.88783899990096216
  0.89735670856722671  0.90661376806612004  0.91624418504102068  0.92542653170631706
  0.93467382745960681  0.94374378659310709  0.95277251566924015  0.96219342145292441
  0.97186634360558122  0.98166095525667640  0.99082436567041610  1.00000000000000000
 -0.00207062815379003  0.00520882780186476  0.01283786639474030  0.02055197141860484
  0.02819545557058191  0.03596096807232865  0.04264602731358617  0.04866486603859172
  0.05481680312144914  0.06048930068189819  0.06557604657442061  0.07067739857685242
  0.07598677109694861  0.08265372810927975  0.09045046436224326  0.09801611759680798
  0.10537122208814077  0.11474427402155128  0.12382183925414157  0.13262952406617159
  0.14165955658266763  0.15146566250603311  0.16207714678361484  0.17260487022396784
  0.18266394867578647  0.19258659631742309  0.20254332755872559  0.21306919887363865
  0.22336750698349353  0.23447386582876012  0.24626976405643325  0.25810674670448058
  0.27001858157685066  0.28317304758010248  0.29313118843222202  0.29947826535204880
  0.30537702091707336  0.31093488705514710  0.31730541140160307  0.32463380886014304
  0.33204352858605829  0.33903115855761068  0.34624222690847517  0.35484265906333107
  0.36540018855968592  0.37583533786547163  0.38447452816423294  0.39177693470783581
  0.39929040470569716  0.40762921718280515  0.41748390328122981  0.42660829247450016
  0.43523271021277371  0.44444811418412972  0.45487446839985035  0.46645849156974306
  0.47823448072063313  0.48921166950221034  0.49888943827187621  0.50760444308626540
  0.51628500423527390  0.52514193230011319  0.53368368743805639  0.54193810582572377
  0.55180030572558225  0.56319019197160158  0.57560677100485402  0.58739553470377137
  0.59877648737789535  0.61003252169188737  0.62376315422255924  0.64310760932501787
  0.66117499339999741  0.67684592691736245  0.69130618800049859  0.70260186872222885
  0.71495554425286323  0.72641971031788644  0.73802296766184983  0.75073787742731279
  0.76522039481056614  0.77985925697390390  0.79589995372491795  0.81384000649740973
  0.82988574861408804  0.84702347283123147  0.86352756479296600  0.87997310244696225
  0.89790370776338135  0.91351283773900327  0.92807675389476196  0.94209745072070461
  0.95630637269771279  0.97113547330860894  0.98618928163200059  1.00000000000000000
 -0.00295712486782304  0.00930169075374570  0.02022597356669987  0.02992683184435863
  0.03945576457823937  0.04949566168040199  0.06027285536927377  0.07172690070537299
  0.08285752231302838  0.09288728295669547  0.10180064275283111  0.11040476448609896
  0.11898901069240238  0.13030281233203447  0.14063598354487236  0.15210282853551105
  0.16387145412810539  0.17636932358223417  0.18919333179999914  0.20177206373451101
  0.21407406406825499  0.22561540102667349  0.23669602155225272  0.24790783379873418
  0.25962724080140342  0.27169679694166043  0.28078392187696682  0.29025109394654269
  0.29890614938025900  0.30809693023331197  0.31744188586621963  0.32700069222138006
  0.33629733802166722  0.34495381476060250  0.35336602237373926  0.36391885655433526
  0.37535332679551431  0.38707236355926855  0.39691593562457006  0.40606160291551258
  0.41495471056408412  0.42425197881370014  0.43403307199289226  0.44516218929067042
  0.45561625475761830  0.46573913033113357  0.47446136898655394  0.48369973853888537
  0.49314790188771640  0.50326846625838384  0.51462717271623959  0.52578106635946897
  0.53725851721376849  0.54819901847558894  0.55959778711981278  0.57098659614210312
  0.58250908997923678  0.59192450698162147  0.60049201010989162  0.60952681358408489
  0.61867053062386823  0.62564875981681156  0.63320805825950000  0.64167770198698248
  0.65358555729146606  0.66819113689032195  0.68300625576147744  0.69762847320842858
  0.71184538080438986  0.72624487807883698  0.74050184398986041  0.75354639572003979
  0.76510909784824543  0.77522616491609353  0.78490018795166561  0.79476904453927300
  0.80557445572656972  0.81633146796169431  0.82523687673160051  0.83445558743889914
  0.84425534213563824  0.85434948979069869  0.86425213009359858  0.87345458212933491
  0.88322114461631318  0.89376157210713947  0.90497284710932535  0.91580333371264555
  0.92586932464091731  0.93469183310829607  0.94485564446344861  0.95567230438491746
  0.96602884312042825  0.97629733312858435  0.98733656794906288  1.00000000000000000
   2.7382085748530553E-009  -1.0000000000000000     
 T T T T T T T T T T T T T T T T T T T T T T T T T T T T T T T T T T T T F F F F F F F F F F F F F F F F F F F F F F F F F F F F F F F F F F F F F F F F F F F F F F F F F F F F F F F F F F F F F F F F F F F F F F F F T T T T T T T T T T T T T T T T T T T T T T T T T T T T T T T T T T T T F F F F F F F F F F F F F F F F F F F F F F F F F F F F F F F F F F F F F F F F F F F F F F F F F F F F F F F F F F F F F F F F F F F F F F F F F F F F F F F F F F F F F F F F F F F F F F F F F F F F F F F F F F F F F F F F F F F F F F F F F F F F F F F F F F F F F F F F F F F F F F F F
  <DiscreteSampler_grid>
  grouped_processes
  1 # 1 for a reference and 2 for a running grid.
  10 # Attribute 'min_bin_probing_points' of the grid.
  1 # Attribute 'grid_mode' of the grid. 1=='default',2=='initialization'
  0.0000000000000000 # Attribute 'small_contrib_threshold' of the grid.
  0.5000000000000000 # Attribute 'damping_power' of the grid.
 # binID   n_entries weight   weight_sqr   abs_weight
    10   10   2.841092505403309E-001   6.896721389860265E-001   2.841092505403309E-001
  </DiscreteSampler_grid>
