 -0.00398928959182850  0.00524708761120032  0.01657561843858925  0.03004539519021004
  0.04341178063402586  0.05664535536191893  0.06970397880965445  0.08068101607220896
  0.09170450744752118  0.10290475501977318  0.11408159627365155  0.12510591159509832
  0.13692136514692968  0.15050552492113156  0.16397410853988964  0.17737653569954301
  0.19069147108411347  0.20436249001180865  0.21813489129759667  0.23196747413873986
  0.24572100690298196  0.25949869904310896  0.27343053879669560  0.28750359958053462
  0.30165472699286228  0.31589738329119443  0.32997774274481650  0.34392509413794053
  0.35789716568172525  0.37182227492701247  0.38569141091675840  0.39964808115510453
  0.41356913131730094  0.42742340958647462  0.44142898985158502  0.45542549227960261
  0.46935444810960064  0.48276974335633327  0.49604794232319421  0.50926626169437406
  0.52244997798063819  0.53572538312250118  0.54943946799020571  0.56319612719067791
  0.57699934302469624  0.59095803949154846  0.60458321956016470  0.61800908300713209
  0.63139286405824047  0.64465515404353824  0.65785687610120980  0.67114049206128545
  0.68435194867120586  0.69752096292094146  0.71078148462865243  0.72403279621924754
  0.73727547043614328  0.75107061276527975  0.76486656357346527  0.77864519838719382
  0.79234664382206543  0.80616758235110120  0.82019295057144581  0.83422185202451082
  0.84826537417381664  0.86234878395969761  0.87650209207261454  0.89068403415549313
  0.90485578229564945  0.91912129371201723  0.93345863559613640  0.94779437480736772
  0.96242226956877630  0.97730538887676999  0.99056576563801635  0.99367823179093795
  0.99370862154697526  0.99381044756701797  0.99415761544310766  0.99450370725830917
  0.99485150653175969  0.99519511227466084  0.99554003691780646  0.99588310547341541
  0.99622609262649875  0.99656917950076829  0.99691085993073614  0.99725112853160680
  0.99758773588718319  0.99793260504603687  0.99827737673206407  0.99862026267862247
  0.99896508239617110  0.99931276342047759  0.99965419585088144  1.00000000000000000
 -0.00523031115827274  0.01445919688524914  0.03292031089501725  0.05071012558917943
  0.06820660831024480  0.08517409978912205  0.09398239555945613  0.10335818653559566
  0.11263527907360459  0.12205007302038898  0.13093491234907276  0.13923004763369146
  0.14820874241709919  0.15925400594734240  0.16974253404695810  0.17829692323788970
  0.18684584199921295  0.19587799953090049  0.20535737400343090  0.21448862713674025
  0.22288751422278569  0.23177052293684106  0.24155148632895276  0.25175943943399998
  0.26145411995881668  0.27096245788418777  0.27988563316553328  0.28975511560120948
  0.30191737696392229  0.31715434189451669  0.33143202237179142  0.34135511560845527
  0.34930523421865034  0.35834700340750891  0.36735345925396806  0.37713434518616457
  0.38751116062586977  0.39771780863427930  0.40711593767449472  0.41620277778851172
  0.42503265967741949  0.43372129025116402  0.44245511444216823  0.45106037014054556
  0.46023125109328700  0.47081810438133098  0.48163305638029358  0.49029675872324341
  0.49867127457668770  0.50712676618554686  0.51543985290126038  0.52393551984507580
  0.53217647910152510  0.54172840748177098  0.55615773012246150  0.57012456143825141
  0.57892547390434046  0.58833658262285848  0.59801743589189726  0.60740444008725136
  0.61648972973311089  0.62579769088757808  0.63398046107583006  0.64180106008304327
  0.64963214430677285  0.65754183283640555  0.66602775779314138  0.67482365836122415
  0.68357624407691409  0.69260968000512424  0.71096062466948085  0.72995478187372598
  0.74649372074395604  0.75922124290372817  0.76884318484660163  0.77779361239799116
  0.78663575780562711  0.79484508311653479  0.80216537235919916  0.80961339365067175
  0.81742047542866558  0.82583115296321197  0.83439736071098591  0.84284454056179170
  0.85103108669217120  0.86126024504211707  0.87321417715941752  0.88395117624226860
  0.89451392790400353  0.90566567515449869  0.92170877238503657  0.93780901348449219
  0.95330576145725865  0.96871079340037614  0.98442881539676863  1.00000000000000000
   8.6665620458086211E-007  -1.0000000000000000     
 T T T T F F F F F F F F T T T T F F F F F F F F F F F F F F F F
  <DiscreteSampler_grid>
  grouped_processes
  1 # 1 for a reference and 2 for a running grid.
  10 # Attribute 'min_bin_probing_points' of the grid.
  1 # Attribute 'grid_mode' of the grid. 1=='default',2=='initialization'
  0.0000000000000000 # Attribute 'small_contrib_threshold' of the grid.
  0.5000000000000000 # Attribute 'damping_power' of the grid.
 # binID   n_entries weight   weight_sqr   abs_weight
    10   10   7.566234579746361E+006   5.724790649290366E+013   7.566234579746361E+006
  </DiscreteSampler_grid>
