 -0.00780329941333775  0.01045114705436587  0.03276642849510760  0.06075168080198799
  0.08724379755506684  0.11262499851683820  0.13468616370031647  0.15673791451191080
  0.17878219577855964  0.20045589833471647  0.22199980904562849  0.24326832890778682
  0.26424555342083667  0.28501166659188421  0.30638401814763411  0.32788028941974817
  0.34956424551172077  0.37097362749081486  0.39178382823339586  0.40866329686441916
  0.42343426092402969  0.43852614605663626  0.44091244225410298  0.44355985369948703
  0.44845714660741565  0.45429533156909541  0.45995131597739614  0.46559524646619327
  0.47118919029971240  0.47676342650209980  0.48235499238277890  0.48799772028301036
  0.49368214129734644  0.49940557686985010  0.50514612370000156  0.51089600120256529
  0.51668432486998672  0.52252060352164065  0.52839588082445477  0.53429773042940254
  0.54024263859392330  0.54622608719029431  0.55224430598794860  0.55830445623335612
  0.56440074924747041  0.57052854074601178  0.57669949177756918  0.58291742283464243
  0.58918638200800511  0.59550219217153877  0.60187597841242746  0.60829851239004917
  0.61476479206303103  0.62127251442554765  0.62781930889493698  0.63441792656515861
  0.64109127874150940  0.64783451473727116  0.65462054017765847  0.66147208290689896
  0.66839686748782801  0.67538521290381615  0.68244356560358399  0.68956427234922180
  0.69673268289434043  0.70397269274008178  0.71131036010354731  0.71874310513472239
  0.72626787886096222  0.73389808796271139  0.74162980730562778  0.74945623775209991
  0.75736061153761347  0.76539252131981883  0.77357028623088209  0.78187709557330398
  0.79030879955341538  0.79886508883161633  0.80755318416565292  0.81637894054396021
  0.82536551106910538  0.83453200761451207  0.84392626276054150  0.85355245222335818
  0.86344611870228150  0.87363614864413441  0.88410375676212760  0.89487069312193057
  0.90597506648511839  0.91746603485656431  0.92944559672642113  0.94197866203709169
  0.95515271396762946  0.96913540781398233  0.98412239776175381  1.00000000000000000
 -0.00322041113395297  0.01147160267933533  0.02354679184281117  0.03593038238815340
  0.04821084292681839  0.06025758010607862  0.07196045723182617  0.08324140928841063
  0.09374224869935499  0.10404167789444482  0.11435890170741927  0.12456042442195266
  0.13471525686140945  0.14507841216462342  0.15609099917866312  0.16741258835944600
  0.17864262741808520  0.19014035749106376  0.20172341377043720  0.21329214088513732
  0.22504562433164560  0.23571500899236525  0.24583921077875531  0.25607603187493150
  0.26612603603341756  0.27581263615860219  0.28514469671351872  0.29445604249219592
  0.30401840596675866  0.31369375073771727  0.32329563050148641  0.33249581758804420
  0.34109977355092463  0.34957278967525618  0.35859932586866305  0.36896055644083620
  0.37942507656838037  0.38960872576506977  0.39962455160108901  0.41052066433022516
  0.42081634146712349  0.43088489057413965  0.44130888820102127  0.45227663586298439
  0.46333801546454728  0.47417153692820152  0.48486337724146988  0.49554302362064845
  0.50608132613323964  0.51679413453560641  0.52800143631351226  0.53945628590604233
  0.54946958926275680  0.55912154069317022  0.56844989239846389  0.57794852349279779
  0.58803046591257391  0.59815752069244210  0.60844700750210801  0.61911735056609629
  0.63042032179785923  0.64197682164332126  0.65268688776347683  0.66315589019486454
  0.67398151128586148  0.68471389374351688  0.69544189200745754  0.70633710617840706
  0.71838199490671595  0.73044237101280718  0.74215394451613981  0.75351372608016542
  0.76460337684927882  0.77557889184998086  0.78684393982270906  0.79819238357703537
  0.80962180653708549  0.82018536925504970  0.83041584711744154  0.84007680657355122
  0.84977767623647149  0.85921169346631510  0.86851689724836745  0.87814933319719801
  0.88797263249568692  0.89752473163791324  0.90686915059819451  0.91621014002824874
  0.92595781500137975  0.93617146314383171  0.94653926159643686  0.95705491113341146
  0.96737674019982833  0.97835195210296277  0.98881009567898825  1.00000000000000000
   1.2871626171193283E-005  -1.0000000000000000     
 T T T T F F F F F F F F T T T T F F F F F F F F F F F F F F F F
  <DiscreteSampler_grid>
  grouped_processes
  1 # 1 for a reference and 2 for a running grid.
  10 # Attribute 'min_bin_probing_points' of the grid.
  1 # Attribute 'grid_mode' of the grid. 1=='default',2=='initialization'
  0.0000000000000000 # Attribute 'small_contrib_threshold' of the grid.
  0.5000000000000000 # Attribute 'damping_power' of the grid.
 # binID   n_entries weight   weight_sqr   abs_weight
    10   10   3.550899306676427E+007   1.451312923036108E+015   3.550899306676427E+007
  </DiscreteSampler_grid>
