 -0.01036551909687055  0.02923288310698534  0.06028428473467170  0.09183195933986670
  0.11963147355423749  0.14525888605329196  0.16925096399829628  0.19309977238639528
  0.21676866033140665  0.24139446162090247  0.26626647225801525  0.29142182269533357
  0.31642119373869804  0.34128496344132642  0.36504643022029731  0.38855284368941662
  0.41176693632657779  0.43494106133960864  0.45805489686463713  0.48039518755506488
  0.50234651026857091  0.52407521090688203  0.54574830698788623  0.56723723165569206
  0.58830910581548235  0.60874243789691296  0.62901179267058005  0.64917867896937809
  0.66893778316492636  0.68860992018846778  0.70956126796931474  0.73056420921232057
  0.75195073960122305  0.77363435147938331  0.79744727293667494  0.81511954889802130
  0.82183270758564331  0.82655231028100262  0.82853479125980622  0.82942419489084107
  0.83190418394794641  0.83504601491388042  0.83810705271890518  0.84116037258479959
  0.84421171699207775  0.84726245285806956  0.85031155273239778  0.85336602556262287
  0.85641868233455432  0.85947383523320309  0.86253076674877815  0.86559103147535588
  0.86865483643662778  0.87171335210000567  0.87476956571256170  0.87782230638597702
  0.88087554863350193  0.88393336148228152  0.88699120727513192  0.89004535382600880
  0.89310050753643289  0.89615977751936493  0.89922558125953422  0.90229107864616476
  0.90535373099553962  0.90841000682591488  0.91146588279612351  0.91452092301966736
  0.91757650161790683  0.92063406010457338  0.92368645328623722  0.92673542811795961
  0.92978409191767053  0.93283506171796282  0.93588867913115936  0.93894615956711414
  0.94200413086797452  0.94505453848197774  0.94810464401031780  0.95116039850945888
  0.95421461248268036  0.95726188529440781  0.96031372108484692  0.96337405994803982
  0.96643168690396808  0.96949519688818930  0.97255721449456811  0.97561811831924905
  0.97867366383169052  0.98172693107927800  0.98477333428804514  0.98781600298181604
  0.99086214637514447  0.99391232047134426  0.99695725439212313  1.00000000000000000
 -0.00275935918162508  0.01076425103114553  0.02140461293061386  0.03187489009170742
  0.04241322177154672  0.05207721290749332  0.06159149207643330  0.07234987989742708
  0.08312711391575912  0.09438831362414457  0.10586179965025330  0.11919815066220471
  0.13141516164323896  0.14269314061783361  0.15294700422478341  0.16260085420244338
  0.17215536328551007  0.18169342300546582  0.19160134180651139  0.20150098492766494
  0.21121757890889589  0.22097076233061197  0.23050513040537077  0.23983187833811440
  0.24934183482613403  0.25913272847321073  0.26941618973723347  0.27997580496357460
  0.29042676832905556  0.30132856818094333  0.31182631674606248  0.32192111423791836
  0.33175345046496030  0.34173165907703867  0.35132663244588541  0.36073667745202614
  0.36989516752072971  0.37992248156111236  0.39027476556407387  0.40132090555258243
  0.41234226370780652  0.42378332718197054  0.43590067640727753  0.44807163743220096
  0.45981925467733203  0.47097208624867076  0.48159526901171923  0.49204722592499761
  0.50248928777300050  0.51290692607146571  0.52295135259627201  0.53232495589156448
  0.54141916111321808  0.55066987526311806  0.56006284124017114  0.56975038769934394
  0.57940592529971879  0.58908133206393754  0.59912804380276097  0.60964644666366585
  0.62023217810998355  0.63035891745403494  0.64052661583552895  0.65037245886252426
  0.66032713105681007  0.67009603741592938  0.67986124105048606  0.68957057198761318
  0.69923964857886622  0.70907809952671785  0.71985690507520084  0.73123960907408103
  0.74289264659288512  0.75448677816706988  0.76567617261080800  0.77720967530957341
  0.78891080575911643  0.79901608969892535  0.80904701347426899  0.81905344080931430
  0.82938875574967319  0.83957192232052469  0.84968776824296799  0.86045927801082678
  0.87213404769989178  0.88455490736635967  0.89672528087094527  0.91009355573928286
  0.92345848993891388  0.93652524277677018  0.94900329466201105  0.96049048151195771
  0.97014135773857790  0.98042557158122157  0.99017375667349183  1.00000000000000000
   1.5424845845490233E-006  -1.0000000000000000     
 T T T T F F F F F F F F T T T T F F F F F F F F F F F F F F F F
  <DiscreteSampler_grid>
  grouped_processes
  1 # 1 for a reference and 2 for a running grid.
  10 # Attribute 'min_bin_probing_points' of the grid.
  1 # Attribute 'grid_mode' of the grid. 1=='default',2=='initialization'
  0.0000000000000000 # Attribute 'small_contrib_threshold' of the grid.
  0.5000000000000000 # Attribute 'damping_power' of the grid.
 # binID   n_entries weight   weight_sqr   abs_weight
    10   10   1.347654740004125E+007   1.817621860238846E+014   1.347654740004125E+007
  </DiscreteSampler_grid>
