 -0.00664326121542152  0.00289610494056355  0.01500895462501690  0.03486353840565892
  0.05489262708610178  0.07509361932934716  0.09467963041532548  0.11393067526927386
  0.13199966543189035  0.15008554949359751  0.16818765125807600  0.18605837353546079
  0.20413125543583213  0.22286328391143659  0.24162195593829153  0.26039995516905057
  0.27940783495633942  0.29850387719897875  0.31778820469376234  0.33709601687885915
  0.35641844112701165  0.37539507812758716  0.39429897901639244  0.41305914485633927
  0.43166584846243727  0.45018859270373318  0.46886184983012330  0.48752075084766366
  0.50613080994362614  0.52472850751972777  0.54331836913116671  0.56193606437373955
  0.58054952632829337  0.59914285642477072  0.61780149575689602  0.63651277362350045
  0.65496388110292469  0.67339702471774177  0.69193869027223731  0.71071140823355550
  0.72977245151566106  0.74908954483223500  0.76850410299027605  0.78800050090883766
  0.80780949582548389  0.82820038010505637  0.84982317330451629  0.87130836230215880
  0.87730524252179565  0.87861165640252170  0.87931620748873585  0.88085126369803524
  0.88348085563740253  0.88615716961697422  0.88884351495131353  0.89149444135569622
  0.89411336370993744  0.89673930253418410  0.89938153906677631  0.90205431250496315
  0.90471070221296279  0.90737653897822101  0.91003196498932604  0.91265649147071615
  0.91527957085317779  0.91791497924412824  0.92059018299914852  0.92329612803435290
  0.92596387636103006  0.92859336144180915  0.93123515054536110  0.93389768568960296
  0.93659053170415096  0.93931401090794742  0.94203150189371432  0.94471710724491675
  0.94742765915125982  0.95016517149304924  0.95289729902447484  0.95560900489299161
  0.95834922862614957  0.96112756601753313  0.96389410827696420  0.96665885068294000
  0.96941206456856366  0.97214109473322263  0.97484034236839967  0.97756934474829627
  0.98034877661539510  0.98316330544732433  0.98602195754633659  0.98888674737516724
  0.99167826600340236  0.99447799090214428  0.99726040541375993  1.00000000000000000
 -0.00242747778774170  0.00890340420670643  0.02113749575453027  0.03274399172831393
  0.04753748417083592  0.06028008643087547  0.07245299425292685  0.08473892964348213
  0.09720312831306660  0.10754244855428519  0.11594289078539256  0.12380992489536996
  0.13238360353635192  0.14096611286307231  0.14961649460004409  0.15817491877040069
  0.16799802443284592  0.18253402212225947  0.19553571081101076  0.20770944557332296
  0.21960354299920790  0.23184578441898346  0.24534549997309529  0.26051162826708557
  0.27587247828702893  0.28937165373886969  0.30182590050043501  0.31436424125039952
  0.32629813732672602  0.33875057296822347  0.35172973753564435  0.36508369338250318
  0.37793834439614987  0.38782869606746512  0.39619310122806517  0.40419998670612206
  0.41249519327992962  0.42202046845719660  0.43135049502222383  0.44074636794495625
  0.45252509695021775  0.46410998318757907  0.47582131389761384  0.48799566354213997
  0.50083656158535805  0.51436597649533322  0.52754053744064899  0.54069497537535216
  0.55373938685755464  0.56423134312237200  0.57194656661655430  0.57969341381008643
  0.58744531553531787  0.59485108934945030  0.60310982608575714  0.61191755901742828
  0.61996907459245598  0.62838770031523272  0.63760312773556715  0.64700793250090971
  0.65566601435437488  0.66422590620372768  0.67370740432099463  0.68252778579894680
  0.69449539849893716  0.70628017008686594  0.71655977735001286  0.72613304225851505
  0.73579395638825151  0.74506248675221398  0.75269443053272456  0.75952138248941137
  0.76687835441390473  0.77584495640251760  0.78586717431029740  0.79509133018749711
  0.80327888025628957  0.81171880840601796  0.82280071001181843  0.83548382869781035
  0.84334272431726298  0.85171997043889258  0.86092285545208580  0.87110954371047011
  0.88166725715523764  0.89080891645632920  0.89922086999549466  0.90995761749521931
  0.92177036756602893  0.93446144796335595  0.94799600837161269  0.96119082045159576
  0.97172604961403553  0.98227206083477991  0.99141125498804150  1.00000000000000000
   6.0152731364257845E-003  -1.0000000000000000     
 T T T T F F F F F F F F T T T T F F F F F F F F F F F F F F F F
  <DiscreteSampler_grid>
  grouped_processes
  1 # 1 for a reference and 2 for a running grid.
  10 # Attribute 'min_bin_probing_points' of the grid.
  1 # Attribute 'grid_mode' of the grid. 1=='default',2=='initialization'
  0.0000000000000000 # Attribute 'small_contrib_threshold' of the grid.
  0.5000000000000000 # Attribute 'damping_power' of the grid.
 # binID   n_entries weight   weight_sqr   abs_weight
    10   10   4.684978117494850E+009   2.194954849294845E+019   4.684978117494850E+009
  </DiscreteSampler_grid>
