 -0.00454878635208840  0.00689457244231038  0.01980107501608583  0.03498121325918983
  0.05020276533790106  0.06503657423510949  0.07671339657524913  0.08846852956846549
  0.10032971563278280  0.11251151438609540  0.12432095924077863  0.13659003338165446
  0.15047400573023514  0.16430620463319695  0.17819650710635970  0.19228804812063768
  0.20582231830801964  0.21913011425419177  0.23226710505132661  0.24535187866607330
  0.25841618850426284  0.27146724427727720  0.28468802624376127  0.29800896567457713
  0.31145362564076046  0.32466767936649432  0.33784673264151960  0.35110868150422514
  0.36435112844588780  0.37765016101405180  0.39117531336904587  0.40504638551060518
  0.41909983432038916  0.43331557185494896  0.44752342852649485  0.46176499690297873
  0.47612831574157094  0.49054597975619202  0.50498743051266171  0.51944084628538811
  0.53361835685379422  0.54761972117641144  0.56140777050642554  0.57518284839675127
  0.58894698297831594  0.60268748799483107  0.61613084689195308  0.62932322658742434
  0.64251181448261119  0.65572242222768007  0.66895559002398230  0.68237863952891176
  0.69594569234748438  0.70968387473775407  0.72340632742504107  0.73710345885159545
  0.75077090229046461  0.76407383491255287  0.77739763179358312  0.79076846983165816
  0.80423137536217459  0.81779840235123835  0.83151018432669055  0.84509589997935319
  0.85857558828993297  0.87186674053663415  0.88535430599333820  0.89893019780576000
  0.91259086885534557  0.92634733640969613  0.94015432559841561  0.95365983822413602
  0.96741569083010259  0.98138891672433914  0.99119473777133771  0.99367942265116227
  0.99371367208763595  0.99384710364775652  0.99419486436436733  0.99453760534036817
  0.99487657044808342  0.99521389356820966  0.99555541672074122  0.99589675054403370
  0.99623893847771650  0.99658887424980835  0.99693669856411826  0.99728205402647485
  0.99761987321898493  0.99795603704098101  0.99830172306850540  0.99864456480529473
  0.99898800489452222  0.99932858235958111  0.99966952342575377  1.00000000000000000
 -0.00458971211698844  0.01159490596654378  0.02698412571593613  0.04189837443019797
  0.05662654746514321  0.07107840440543237  0.08601119104596387  0.10164554525823616
  0.11777291349082405  0.13398584678744041  0.15016538456204528  0.16725346762413532
  0.18610235020824842  0.20459458460787636  0.21404194537116306  0.22176398771416042
  0.22954573539132100  0.23717490594784155  0.24497692690131087  0.25407159940821650
  0.26296541983305760  0.27143221817323343  0.28012811868523074  0.28965900108299147
  0.29828888012111282  0.30647649282797185  0.31488653042813020  0.32322425226700374
  0.33295920294990067  0.34605066875671547  0.36188896625383044  0.37892222158769978
  0.39364490671895486  0.40248156888149661  0.40972360580249223  0.41770420118988305
  0.42574071651697931  0.43364887162557614  0.44167060064990482  0.45013340465956908
  0.45837320787200531  0.46658057557797827  0.47511104965574708  0.48479252381269489
  0.49422033734784931  0.50281231460482734  0.51027260094661020  0.51786399594682619
  0.52634727898817824  0.53572324205348965  0.54475435532155825  0.55329913651435625
  0.56374289947325662  0.57842017315137939  0.59953445168808417  0.61920221357314154
  0.63117004060124171  0.64029197043749908  0.65099588199997049  0.66136034050037917
  0.67051112227711207  0.67817722879962705  0.68850227952354948  0.70084473352182397
  0.71204167867063251  0.72095528794732522  0.72905869043017923  0.73782713248576925
  0.74748186301249364  0.75709940187149583  0.76607264337705461  0.77434214852463390
  0.78236103326790363  0.79125967958138765  0.80080301984005697  0.81088023426116307
  0.82034032582154248  0.82857134422453427  0.83836756052094219  0.85368526211413653
  0.87026167379498109  0.88511332738914406  0.89713122070661244  0.90617272605612487
  0.91419532672957182  0.92163234037952979  0.92870599026875733  0.93664333965797852
  0.94416101466596103  0.95199876303905862  0.96057269086900410  0.96884830613586737
  0.97618402955505557  0.98373667902772177  0.99172020798003735  1.00000000000000000
   1.5182126703154518E-007  -1.0000000000000000     
 T T T T F F F F F F F F T T T T F F F F F F F F F F F F F F F F
  <DiscreteSampler_grid>
  grouped_processes
  1 # 1 for a reference and 2 for a running grid.
  10 # Attribute 'min_bin_probing_points' of the grid.
  1 # Attribute 'grid_mode' of the grid. 1=='default',2=='initialization'
  0.0000000000000000 # Attribute 'small_contrib_threshold' of the grid.
  0.5000000000000000 # Attribute 'damping_power' of the grid.
 # binID   n_entries weight   weight_sqr   abs_weight
    10   10   4.549872072825056E+005   2.070133599142859E+011   4.549872072825056E+005
  </DiscreteSampler_grid>
