 -0.00555354770479908  0.01296654590397301  0.02892933831107232  0.04541260536562839
  0.06093799590307580  0.07507833881300104  0.08813481717830475  0.10095458446185634
  0.11409765549362692  0.12708294088862368  0.13993813188015425  0.15254407654798774
  0.16513603050562908  0.17770361479190525  0.19017092906250355  0.20282094182993410
  0.21558857313833299  0.22829225858435032  0.24102037506455068  0.25377056966594758
  0.26687188261167738  0.28014225854754038  0.29360238140538980  0.30723176954534465
  0.32074261646360980  0.33408627141755581  0.34727975818044149  0.36039846737377984
  0.37341128577675819  0.38662792144005848  0.39983424319606220  0.41285052913388248
  0.42616091147723495  0.43962644362027176  0.45322752846955860  0.46650829203873317
  0.47957537560797453  0.49238442247315378  0.50510956339149160  0.51784249187817988
  0.53060845253136057  0.54390691064729846  0.55718069021250172  0.57030716163160278
  0.58340334279854067  0.59660935782645463  0.61001045949449006  0.62357817962148510
  0.63721527588404858  0.65093570974627557  0.66454048123063203  0.67810655722578417
  0.69165045633135647  0.70536345128973066  0.71902723241619082  0.73249703400494248
  0.74587337949853760  0.75916445021241541  0.77232033034781833  0.78570140438936853
  0.79905894918895615  0.81224435043438836  0.82554041311346460  0.83880101467755686
  0.85194638267699485  0.86555022885786115  0.87929156959094357  0.89311751365557657
  0.90703769303086446  0.92089189784476011  0.93467003021063066  0.94924417649844961
  0.96403819070402696  0.97910476172096850  0.98991541620607160  0.99367744817564063
  0.99370254171087735  0.99376754334679152  0.99411045928930908  0.99446272656304635
  0.99480559390417167  0.99515064521672036  0.99549489450640083  0.99585472324266466
  0.99620167207616761  0.99654301648561128  0.99688890117326967  0.99723356093084259
  0.99757621955725895  0.99792299121404604  0.99827047392354662  0.99861553400063818
  0.99896011611450497  0.99931123634541164  0.99966040958488178  1.00000000000000000
 -0.00109000981374986  0.00603395893656663  0.01179111019705643  0.01784191007170548
  0.02372257963587566  0.02938657468494711  0.03529524843074629  0.04099065365506657
  0.04825668490788410  0.05642980256238252  0.06519961878476870  0.07315730976218071
  0.08064414136716901  0.08836301722795017  0.10430369359207968  0.11789535691869393
  0.13091028941086680  0.14380238201350515  0.15702148081615375  0.17080493976310934
  0.18501174258415704  0.20028700199754365  0.21601380135389997  0.23157233964762222
  0.24663071777562037  0.26133334031685418  0.27619929542783844  0.29061515487344852
  0.30443127049976321  0.31761971821272816  0.33048949130277616  0.34363440153497010
  0.35753116673196417  0.37043473891903694  0.37793114236595488  0.38371072525474686
  0.38946261733602772  0.39514412882221345  0.40058016321423384  0.40626029739507963
  0.41178329291872257  0.41700188306842267  0.42243780067626863  0.42862182418638300
  0.43443886095602313  0.44098672996533006  0.44847328114218538  0.45577049096456485
  0.46607568026584628  0.48460774041640803  0.49992286318724732  0.51389595279208655
  0.52732960180588351  0.54047529648275205  0.55403320812189050  0.56308468737593831
  0.56976555035090626  0.57656863189853658  0.58379378660578474  0.59032320291350748
  0.59672926002772697  0.60410480230164365  0.61145669493231825  0.61793120116640110
  0.62308147971740591  0.63506654920623606  0.65031451436989107  0.66497080069783943
  0.67932814212428583  0.69384443832082954  0.70879557814425997  0.72395344209970980
  0.73990749826038893  0.75626672593537037  0.76946898884292037  0.77747176139982410
  0.78380190909725012  0.79060445197568952  0.79760264846288875  0.80494423297045636
  0.81226475798797426  0.82017986125644116  0.82831336664306421  0.83645429744136623
  0.85093776818841116  0.86552332871867621  0.87931357330354654  0.89232562252876002
  0.90489559875053016  0.91764280619519134  0.93085432772981913  0.94411984902674839
  0.95790214718991185  0.97200660088325264  0.98597168693317472  1.00000000000000000
   5.8311956718198290E-006  -1.0000000000000000     
 T T T T F F F F F F F F T T T T F F F F F F F F F F F F F F F F
  <DiscreteSampler_grid>
  grouped_processes
  1 # 1 for a reference and 2 for a running grid.
  10 # Attribute 'min_bin_probing_points' of the grid.
  1 # Attribute 'grid_mode' of the grid. 1=='default',2=='initialization'
  0.0000000000000000 # Attribute 'small_contrib_threshold' of the grid.
  0.5000000000000000 # Attribute 'damping_power' of the grid.
 # binID   n_entries weight   weight_sqr   abs_weight
    10   10   1.734427139816855E+007   3.008237754333639E+014   1.734427139816855E+007
  </DiscreteSampler_grid>
