 -0.00262993768548952  0.00332017860479105  0.02014866185261178  0.04328738191900019
  0.06739417306986234  0.09101921635612456  0.11460962325147880  0.13466397092285617
  0.15460116261565821  0.17457749362045533  0.19440157839345193  0.21381606120347940
  0.23327869303511731  0.25287431125521409  0.27247826705251199  0.29186842287788517
  0.31109233765417538  0.33011946742990783  0.34890925680384516  0.36741629451321595
  0.38533757569311861  0.40311602926273488  0.42077836912343819  0.43833320271469828
  0.45568227512326392  0.47284184707952392  0.48967257945411558  0.50611073352903546
  0.52242193441069851  0.53859495107909128  0.55465758982308166  0.57062047146272998
  0.58646871598991679  0.60197551120338821  0.61730037299969687  0.63255009236972271
  0.64767754083531437  0.66265307775677729  0.67748141670225648  0.69214930603836033
  0.70704846614810035  0.72191495347194268  0.73677136003833421  0.75181455645240003
  0.76662113351987526  0.78185326803050303  0.79829789297607712  0.81316577130029977
  0.82359750006356214  0.82793299255861474  0.82935860501258174  0.83250088453026938
  0.83646105051662867  0.84032709804675110  0.84418184299358789  0.84802928171096614
  0.85188103597757725  0.85575357135189267  0.85961326941232374  0.86348322588800708
  0.86734630624194464  0.87119453735457797  0.87503141581798560  0.87887303818189233
  0.88272771094535618  0.88658871047450305  0.89043292266939955  0.89424287725351626
  0.89804391592720378  0.90184738028349976  0.90566648348487855  0.90949413542667268
  0.91330979241269217  0.91711306940812209  0.92088918410916676  0.92468742353312050
  0.92850668109505907  0.93232800224912793  0.93612398756560389  0.93988583037594753
  0.94365646839389850  0.94745403789105231  0.95124055620760073  0.95500764870937782
  0.95877413590608784  0.96253807129179481  0.96628914713768466  0.97002571874986088
  0.97378133071528317  0.97756173702227456  0.98133715067454863  0.98508418491531191
  0.98882426633208331  0.99256366162816811  0.99628680047697793  1.00000000000000000
 -0.00268413166959282  0.01127692981736557  0.02336167964980080  0.03513466585514783
  0.04711346557045755  0.05883129962733662  0.06909881059310473  0.07882036149246427
  0.08862778058795889  0.09862482928828754  0.10889717160137810  0.11864459559694343
  0.12876344172744697  0.13959026802670599  0.14972889678099249  0.15954589344525588
  0.16959517184715961  0.17995444413814962  0.19041426476281592  0.20000162113119099
  0.20997052770253413  0.22204557782635875  0.23302122320108462  0.24352984399850414
  0.25418822419372467  0.26472160570104192  0.27494497250105615  0.28507410478165979
  0.29626312835134899  0.30892312204800676  0.32148525039382286  0.33349689196352217
  0.34526952234065433  0.35708097905909869  0.36901003711010955  0.38104359522771436
  0.39293791286612773  0.40429898943990861  0.41495504475503447  0.42487921705804926
  0.43398451629592411  0.44360342639969680  0.45344629869625597  0.46298651221869647
  0.47222816767571779  0.48188064601395814  0.49214788426364164  0.50268196044434332
  0.51319658386545064  0.52413159797938680  0.53604890718128417  0.54830685224883280
  0.56020273953307709  0.57161038098466621  0.58234702382246706  0.59228090099150343
  0.60176532670978733  0.61129630107099753  0.62107435959313417  0.63094048961366289
  0.64059361752011890  0.65071322875029136  0.66149165977399338  0.67255384323733791
  0.68343246352196818  0.69391171397820051  0.70396035490885045  0.71340152973435722
  0.72284650290928265  0.73252599255386608  0.74220214462282630  0.75225340603595126
  0.76266905490645065  0.77237570375909403  0.78215284777483329  0.79159775257859022
  0.80070555929598997  0.81093031315490760  0.82056834309398574  0.83014735543284390
  0.83945838487985536  0.84869204261961384  0.85776025577663384  0.86659978080307343
  0.87587708405690468  0.88625490615288638  0.89796365818510970  0.91060715716522733
  0.92309442877794712  0.93352143170745483  0.94444454781269016  0.95473264651236611
  0.96479836797973950  0.97489645413003168  0.98636651794968178  1.00000000000000000
   1.9527034826719962E-006  -1.0000000000000000     
 T T T T F F F F F F F F T T T T F F F F F F F F F F F F F F F F
  <DiscreteSampler_grid>
  grouped_processes
  1 # 1 for a reference and 2 for a running grid.
  10 # Attribute 'min_bin_probing_points' of the grid.
  1 # Attribute 'grid_mode' of the grid. 1=='default',2=='initialization'
  0.0000000000000000 # Attribute 'small_contrib_threshold' of the grid.
  0.5000000000000000 # Attribute 'damping_power' of the grid.
 # binID   n_entries weight   weight_sqr   abs_weight
    10   10   1.327892105696660E+007   1.766433562390101E+014   1.327892105696660E+007
  </DiscreteSampler_grid>
