 -0.01026529719306962 -0.00196533814990500  0.01489305084367696  0.04648925068692183
  0.07829699651415176  0.10967786298599214  0.13496218224460205  0.15990801813707495
  0.18448029653881928  0.20890155196573917  0.23379903910839853  0.25954023188170688
  0.28515383313670772  0.31071197055082078  0.33615326047712024  0.36081694763187738
  0.38465823634240132  0.40820187357131232  0.43164295868532088  0.45484796565727481
  0.47747764136196980  0.49939945975151301  0.52140245413065034  0.54342621172944050
  0.56521309690312072  0.58664382134835569  0.60728697295579814  0.62775248682124363
  0.64808948006905298  0.66810753865946848  0.68811935117134393  0.70925225249340595
  0.73046575187528950  0.75200608610760011  0.77411911655509547  0.79768300469412168
  0.81323192326370730  0.82153348837567641  0.82654846758632761  0.82872674305853689
  0.82955122109812707  0.83214222707930596  0.83535380432046080  0.83848959563455905
  0.84161102702673463  0.84472819884880179  0.84784903419101076  0.85093820357916972
  0.85401799281345570  0.85710635423161696  0.86020412857373407  0.86332898097423039
  0.86643484491098210  0.86952995699416691  0.87263911228183066  0.87575300767480646
  0.87887248238743265  0.88200488547930822  0.88513998767795410  0.88829036570979658
  0.89143283803210049  0.89456017343484751  0.89766998652726593  0.90077084523334383
  0.90386593627179845  0.90697592588107201  0.91010400839017924  0.91322156647918096
  0.91632339535906560  0.91941337546979229  0.92249462653888381  0.92558035955796736
  0.92868310525557973  0.93179184420404204  0.93489612901268604  0.93801216345424099
  0.94109465289187644  0.94416930340265903  0.94727773778861324  0.95039801236111721
  0.95351429959695910  0.95661758790195961  0.95971228297981870  0.96281105956275947
  0.96592421485581870  0.96904516992289846  0.97214644003398254  0.97524029185014693
  0.97833575354196534  0.98143969073823523  0.98454057736828438  0.98762111394350915
  0.99069699968891756  0.99377793681131166  0.99687454727479696  1.00000000000000000
 -0.00340887996777874  0.01113066001965829  0.02256606489648003  0.03289352634275359
  0.04283671894813405  0.05313185263512580  0.06371735869658401  0.07435814527019673
  0.08444291874728760  0.09426062065893701  0.10405293157637682  0.11413553618858749
  0.12461667644781817  0.13578484768187427  0.14743306762564409  0.15912452954113884
  0.16977517183202551  0.17913392774110332  0.18811005871011671  0.19761869199617130
  0.20733359715907346  0.21616796096580687  0.22431340574161759  0.23399127582282428
  0.24592345277250838  0.25948302699585035  0.27273846269844859  0.28584211064492010
  0.29685856005412264  0.30724699103010195  0.31689569711239951  0.32604888884418365
  0.33522689869951838  0.34362485510145940  0.35207396369314298  0.36070692281756656
  0.36961891353109955  0.37891942044434346  0.38939444847400917  0.40072653686093440
  0.41391717327562000  0.42680128392041539  0.43927090724052392  0.45152270685881013
  0.46348317891435520  0.47545339173847267  0.48819097517849380  0.50058774037485343
  0.51246466338039198  0.52433669700314833  0.53626309114975057  0.54687040773185702
  0.55697588219079741  0.56663052380532697  0.57668739737298391  0.58723859364611675
  0.59757482120706629  0.60874455166700092  0.62117719641302094  0.63415102906489840
  0.64844944271912841  0.66285425621878125  0.67699627632822412  0.69034766227013411
  0.70244600554787173  0.71336491653937473  0.72358406561166455  0.73274135100684712
  0.74144817375910999  0.75019966125222537  0.75931440541289730  0.76832021974987119
  0.77713794427233285  0.78573279606780921  0.79436646924837273  0.80349562561768562
  0.81297475735463265  0.82269222455938595  0.83232479520144054  0.84190334425423252
  0.85102556206047208  0.86083467790868351  0.87140858025669288  0.88326019001104450
  0.89492049144319297  0.90562216586606148  0.91556602593781844  0.92540874377380944
  0.93568904233830441  0.94563747770037043  0.95659415394296576  0.96579329872621977
  0.97507523498716819  0.98367215752495563  0.99194226976445088  1.00000000000000000
   3.8815151725705449E-006  -1.0000000000000000     
 T T T T F F F F F F F F T T T T F F F F F F F F F F F F F F F F
  <DiscreteSampler_grid>
  grouped_processes
  1 # 1 for a reference and 2 for a running grid.
  10 # Attribute 'min_bin_probing_points' of the grid.
  1 # Attribute 'grid_mode' of the grid. 1=='default',2=='initialization'
  0.0000000000000000 # Attribute 'small_contrib_threshold' of the grid.
  0.5000000000000000 # Attribute 'damping_power' of the grid.
 # binID   n_entries weight   weight_sqr   abs_weight
    10   10   1.334718199118598E+007   1.784840451199882E+014   1.334718199118598E+007
  </DiscreteSampler_grid>
