 -0.00388412755107959  0.00985691295751210  0.02412570851660907  0.03908675380252238
  0.05426990305865420  0.06864186108177174  0.08113593619436807  0.09364525509532644
  0.10624704955387490  0.11898225274460830  0.13136638446793938  0.14501160794537477
  0.15980540247441061  0.17414364149536635  0.18861499255082495  0.20325989392178295
  0.21770787489311635  0.23217966878705226  0.24672086429192408  0.26114946158883934
  0.27546345589761362  0.28961635458530555  0.30370764361276281  0.31778726356086001
  0.33186222114027303  0.34582019054521451  0.35975819386920321  0.37370910498730203
  0.38773382200926898  0.40172834558723025  0.41559293665713348  0.42932745309366133
  0.44299615155426203  0.45658382754338800  0.47008349753991219  0.48353179807441693
  0.49690508678377709  0.51036755929619093  0.52386792896577639  0.53730398503986143
  0.55074676830367886  0.56418250193947361  0.57750086738484097  0.59088706619878073
  0.60433082488182022  0.61784547455897498  0.63136303007458328  0.64488338077666085
  0.65831400091894743  0.67162564934612656  0.68480717314501216  0.69796367585661101
  0.71112749900308903  0.72430511548800836  0.73755178881556249  0.75080969306042988
  0.76406782592947597  0.77725702207441505  0.79039619711050491  0.80344885319815895
  0.81643930357870032  0.82941733736694834  0.84243675512559979  0.85546935151624137
  0.86854536252496306  0.88195821864177193  0.89551649272484213  0.90919320131650894
  0.92288160632230232  0.93640180801445705  0.94967650893820144  0.96191102534880890
  0.97445249056339855  0.98788527611531318  0.99292891936113026  0.99368495912723454
  0.99372981210579436  0.99396846950133888  0.99430420323385815  0.99463467330477684
  0.99496680479111388  0.99530063429350890  0.99563476177993271  0.99596852926693746
  0.99630787282233069  0.99664642661910119  0.99698054557662674  0.99731446784960964
  0.99765166829343044  0.99798643296093004  0.99832058448405270  0.99865988348857671
  0.99899667901355249  0.99932888474022807  0.99966239453815897  1.00000000000000000
 -0.00489645789796351  0.01382975066066154  0.03041870682348569  0.04593894659621049
  0.06194828898115216  0.07895783252739769  0.08892264498851370  0.09751477147334803
  0.10711214338571148  0.11676427566263249  0.12673992349918412  0.13614738019600481
  0.14488293039646902  0.15970230823951512  0.17556755187454601  0.19179688887179761
  0.20897418190265085  0.22413881695717019  0.23413019339499208  0.24238702024311692
  0.25073594058649917  0.25895635112030191  0.26700609907944939  0.27470370843819308
  0.28201722960413184  0.28886976716748003  0.29539909979831619  0.30261953125074426
  0.31042767362398827  0.31779208694912925  0.32493323728236706  0.33207817581538468
  0.33897800370598796  0.34589461658465775  0.35275615634074475  0.36008202274230927
  0.36759450392679205  0.37538594574408152  0.38358335224274803  0.39108570736372289
  0.39994379463174579  0.41537793121873356  0.43138319188405355  0.44635671258927651
  0.45924490035173504  0.46957616616725273  0.47854081304093005  0.48815810185204761
  0.49806714112748729  0.50749167052823085  0.51654934264333341  0.52816008773037482
  0.54001307464457782  0.55004063595219976  0.55797457770767300  0.56655894584074973
  0.57542635616602600  0.58436615163909322  0.59307229462435018  0.60234448161176779
  0.61542969217069199  0.63273589074993331  0.64717642159057098  0.65719429706110100
  0.66713095401863631  0.67675882929717757  0.68633221523350996  0.69651543125103599
  0.70516700439341551  0.72141588484830199  0.73788322971919884  0.75370954822249692
  0.76902895175541208  0.78388364044669512  0.79916316875861249  0.81248247601401136
  0.82151816645415421  0.83033341329744248  0.83908847398982556  0.84777560895896853
  0.85562705314169518  0.86259155162608470  0.86933477277744697  0.87655225381566004
  0.88466380268900069  0.89298304817889218  0.90079747578032132  0.90851569314172664
  0.91569549083153778  0.92427483219512041  0.93323623054771576  0.94213578358058414
  0.95070851346339780  0.96183286019151681  0.97803723133330345  1.00000000000000000
   1.8038953355402460E-006  -1.0000000000000000     
 T T T T F F F F F F F F T T T T F F F F F F F F F F F F F F F F
  <DiscreteSampler_grid>
  grouped_processes
  1 # 1 for a reference and 2 for a running grid.
  10 # Attribute 'min_bin_probing_points' of the grid.
  1 # Attribute 'grid_mode' of the grid. 1=='default',2=='initialization'
  0.0000000000000000 # Attribute 'small_contrib_threshold' of the grid.
  0.5000000000000000 # Attribute 'damping_power' of the grid.
 # binID   n_entries weight   weight_sqr   abs_weight
    10   10   2.341713199922378E+007   5.483621028764004E+014   2.341713199922378E+007
  </DiscreteSampler_grid>
