 -0.00390317922401984  0.00911502261762612  0.02268895013791876  0.03718806184060907
  0.05181970014044225  0.06626436065681174  0.07916077949218027  0.09165155643471078
  0.10387006986628228  0.11638902268171029  0.12860847433541492  0.14084442061315897
  0.15488122969740675  0.16915020728702440  0.18361960058347102  0.19826011764489276
  0.21290374101127774  0.22752090476969847  0.24208829675614701  0.25663159581865996
  0.27114316923791904  0.28558279702780692  0.29997327476680768  0.31427012740556959
  0.32855305283260816  0.34281951370773872  0.35712929321513937  0.37145601176870574
  0.38580793957023285  0.40023057910951748  0.41466720080060693  0.42904592451960566
  0.44328724102409856  0.45743695160203895  0.47151028562535391  0.48557647445351332
  0.49963385781504460  0.51368545109906871  0.52777834982696781  0.54197741216864537
  0.55613520946894324  0.57028293246302497  0.58445965865535399  0.59856511307498572
  0.61262552319432528  0.62684973308844438  0.64112137768132160  0.65544901869083894
  0.66985041767431297  0.68423107522033677  0.69856248227125572  0.71276978322294537
  0.72696123765453013  0.74119438342395894  0.75543489374125006  0.76968862407074268
  0.78401833339878513  0.79842525527754726  0.81289245015011891  0.82732158600765571
  0.84169135445610244  0.85599172372954391  0.87056008809747909  0.88527942321991393
  0.90026555753256077  0.91541771028359742  0.93047438239143931  0.94465302601406964
  0.95802443284483596  0.97122568738358750  0.98589892252075817  0.98741689821788592
  0.98747714584524882  0.98764802067815483  0.98820022904318405  0.98875960821814524
  0.98932042192889758  0.98987580615452331  0.99043158628611450  0.99098640960489526
  0.99154305882117455  0.99210383419387260  0.99267129387063147  0.99324089137836680
  0.99380619280951765  0.99436717507454919  0.99492825227952508  0.99549126462003412
  0.99605483884379509  0.99661480526375301  0.99718302931448199  0.99775050533321663
  0.99831298499604260  0.99887143631949293  0.99943358589557574  1.00000000000000000
 -0.00459763461603714  0.01335549994214050  0.02916096181230274  0.04414535918752842
  0.05967017631119317  0.07526930069553023  0.08675285753146701  0.09666854607353112
  0.10626802356666970  0.11604331369943043  0.12597057502125830  0.13534333785051769
  0.14438737865065940  0.15794580728074506  0.17326250943189841  0.18879594674422864
  0.20496490233093134  0.21976322411361049  0.23144497011607371  0.24028187539011858
  0.24850513026924723  0.25669897468391395  0.26482516091333563  0.27291756491668234
  0.28056147548486166  0.28757977108653338  0.29420011283737146  0.30147763804639049
  0.30938758078238848  0.31689803095286928  0.32406784890899715  0.33126494983614696
  0.33820335701798027  0.34501670255660571  0.35175623738769130  0.35907668464425113
  0.36662625993853126  0.37449432752672174  0.38256296512585897  0.39065780525945065
  0.39751538407927089  0.41446608323684625  0.42981685625851951  0.44449816191937985
  0.45766651689959692  0.46837224614587453  0.47739013634645905  0.48710831010583638
  0.49709717214739157  0.50684353449154240  0.51625272851733717  0.52754041562996457
  0.53939032446124024  0.54966963972674587  0.55754205930156508  0.56620836402841646
  0.57524223699610888  0.58440114194351533  0.59326864991720318  0.60272749258932146
  0.61616077731784125  0.63233908965387808  0.64761855676863445  0.65706325095724816
  0.66753538960785208  0.67770896599761310  0.68776530204109987  0.69768797530797078
  0.70873559341633341  0.72410410839356065  0.74057071910962002  0.75659007328095951
  0.77173367253903169  0.78631499331306498  0.80069982239153259  0.81332723177790689
  0.82215592549292316  0.83102024434712274  0.83966656196128908  0.84833190696676142
  0.85619781631193170  0.86318901943866910  0.87012857777623498  0.87759214554249765
  0.88578834618630498  0.89410086137611733  0.90193873158525673  0.90974605802974429
  0.91720858867912791  0.92606738226723806  0.93526861811771345  0.94418583381211796
  0.95304006852660905  0.96470604539555405  0.98070469630730728  1.00000000000000000
   2.4073654888385853E-006  -1.0000000000000000     
 T T T T F F F F F F F F T T T T F F F F F F F F F F F F F F F F
  <DiscreteSampler_grid>
  grouped_processes
  1 # 1 for a reference and 2 for a running grid.
  10 # Attribute 'min_bin_probing_points' of the grid.
  1 # Attribute 'grid_mode' of the grid. 1=='default',2=='initialization'
  0.0000000000000000 # Attribute 'small_contrib_threshold' of the grid.
  0.5000000000000000 # Attribute 'damping_power' of the grid.
 # binID   n_entries weight   weight_sqr   abs_weight
    10   10   1.977660445496722E+007   3.911143214975939E+014   1.977660445496722E+007
  </DiscreteSampler_grid>
