  0.05556892455213729  0.07412876886105314  0.08391997022787370  0.09248050962885603
  0.10024489434246839  0.10690858407807199  0.11325317400393053  0.11902433639561952
  0.12350993008940092  0.12734393660481835  0.13107569685022941  0.13508349080018886
  0.13897961982632417  0.14240153206744324  0.14570454093926655  0.14890187338238986
  0.15180597827373071  0.15462879887691844  0.15760671940059678  0.16061872642357450
  0.16348788909307252  0.16615189005599337  0.16816357811388638  0.16967956051725050
  0.17123046858280039  0.17269602344267410  0.17389128345658450  0.17531022263618429
  0.17690617784088744  0.17849242314392774  0.18008844144132186  0.18160677486210872
  0.18312439558344695  0.18458303009428084  0.18577634588770792  0.18695177892224690
  0.18810682485337579  0.18924844285201675  0.19041010080846280  0.19154514668500203
  0.19259085652786792  0.19365446383580845  0.19470044391132318  0.19574729555679671
  0.19678914004089054  0.19779740520659436  0.19876601086709239  0.19974357761834155
  0.20069035039506686  0.20157903791222567  0.20238994571871910  0.20304674255976554
  0.20355500439433272  0.20407016042522530  0.20457392116801310  0.20508096028566486
  0.20558887544056087  0.20605979586448081  0.20653761173446158  0.20703664169741176
  0.20755983527591143  0.20807788673631411  0.20858780754489664  0.20911055658374753
  0.20964032318409587  0.21020744111706829  0.21077919453297347  0.21133822870303073
  0.21187406368185976  0.21238937174506345  0.21290189406023236  0.21339812820783596
  0.21385477507805165  0.21431816458318334  0.21478522035571351  0.21525650672031035
  0.21569252595214664  0.21611250319499786  0.21651840198395322  0.21689026522356908
  0.21725296395294066  0.21761911612164808  0.21798241413094227  0.21834047030748779
  0.21869064233915361  0.21903638883389281  0.21941263933961841  0.21985799970774328
  0.22042883301654373  0.25707181269452162  0.25991679061720352  0.26260397530914903
  0.26585962070263708  0.27247904251415939  0.28214776936700403  1.00000000000000000
  0.02778886833984097  0.03912160031019796  0.05164020565678885  0.06254463126394055
  0.07276709468939077  0.08162315736571406  0.08969017463597406  0.09781555967385418
  0.10612093061621290  0.11442685837222967  0.12297487680520600  0.13124103207273072
  0.13903727255275850  0.14733835155062805  0.15690981850999070  0.16521471463814494
  0.17357106874253686  0.18213047494056334  0.19201570853433922  0.20254533010990233
  0.21248674948953755  0.22298348228629680  0.23359217412599109  0.24439935211904792
  0.25542510028175291  0.26649890944632465  0.27818657853865414  0.28985776203774793
  0.30037714232825063  0.31056430285754044  0.32075849211363050  0.33052122852891402
  0.34009810098000176  0.34988698658853701  0.35980231477265218  0.36954418495635599
  0.37934178932269386  0.38903415976875166  0.39908963347902338  0.40923433367220835
  0.41931133098318663  0.42915216843289822  0.43969744017949819  0.45027724177218609
  0.46076122425560850  0.47100327134088354  0.48071296392949092  0.49063057664230209
  0.50165471532037731  0.51387162367867245  0.52609359291102475  0.53788245364939946
  0.55042899781869592  0.56339722355144817  0.57513633232723393  0.58623117501099065
  0.59779376031387488  0.60855686722734204  0.61862097961278795  0.62852015530199368
  0.63889835631372682  0.64968781575337320  0.66066896931952879  0.67165145634621115
  0.68249060428557540  0.69344839046987350  0.70499252095765652  0.71779691400673684
  0.73027015858960842  0.73966378836808633  0.74804733960255987  0.75631769804205018
  0.76517629166653056  0.77461034650316740  0.78387779224414744  0.79341472969821714
  0.80413817286828548  0.81561212559640661  0.82652134724917481  0.83609914483864267
  0.84475141767148243  0.85400083828037765  0.86482195881787538  0.87627516711454334
  0.88699037726546470  0.89679232900054007  0.90642421496681247  0.91604891497002494
  0.92385591398996680  0.93073992515845705  0.93777128090848028  0.94524938639140677
  0.95258760476122151  0.96260759164526954  0.97116272873237353  1.00000000000000000
 -0.00354314173451170  0.01405089788536843  0.02857496674771062  0.04318047290064445
  0.05782736197947588  0.07225363823603852  0.08647682828384927  0.10116122956521151
  0.11641062259477594  0.13195974214527326  0.14730141516616280  0.16265619553385061
  0.17832272789939382  0.19292203361973728  0.20994112114547778  0.23224929019691967
  0.25768030134468600  0.28425623226215646  0.31099581149599187  0.33813349153237804
  0.36619813545751989  0.39496963831378751  0.42469014913126885  0.44375593745675457
  0.45736096803401771  0.47153841139441072  0.47391836727398029  0.47967041228128421
  0.48649926107294739  0.49310142610657826  0.49935917302850180  0.50674625504432258
  0.51329381289927489  0.51941132824275804  0.52553899252942693  0.53187939400644046
  0.53816374199943606  0.54488773530328238  0.55173445021722733  0.55850894258227257
  0.56493248808889118  0.57111340760169138  0.57781821188612592  0.58514024811718091
  0.59251834889284660  0.60008318116320791  0.60776520528641609  0.61524875652586997
  0.62230674387047280  0.62959131492556197  0.63717402757866048  0.64412926986465247
  0.65096435886556114  0.65779287445446333  0.66510345630452439  0.67295505681023993
  0.68054877071751529  0.68810810099548514  0.69582470892386283  0.70354838819835142
  0.71171084213518310  0.71943504673704062  0.72719690853702657  0.73473586401688562
  0.74188153545927737  0.74890703853071472  0.75633180189075144  0.76367947631618360
  0.77051852619420602  0.77814599540174001  0.78577218487922329  0.79285387072964553
  0.79985902734251146  0.80790738323332256  0.81701132625255179  0.82646361354858044
  0.83527876126931511  0.84330147458716187  0.85121873058070374  0.85923123461521489
  0.86653349489233877  0.87405410469692923  0.88245379669564528  0.89060906543763008
  0.89879515437529578  0.90801111272107859  0.91825715172832878  0.92876653319961278
  0.93870399669967575  0.94748158951927253  0.95544726790388579  0.96354702995785046
  0.97318707213589994  0.98286871460669756  0.99180174756152173  1.00000000000000000
 -0.00189966189262423  0.01039638650441036  0.02126586892683278  0.03258502531689539
  0.04292529446596999  0.05257459149835598  0.06220198181940143  0.07094520259451720
  0.07900116025199221  0.08651671746310277  0.09464448899660710  0.10487270752818134
  0.11644973198465725  0.12798804673528100  0.13831236021581647  0.14889419582907279
  0.16040459290579984  0.17430173369082877  0.18711579423473773  0.19872306887524449
  0.21005473938294800  0.22096455739141410  0.23213971913773154  0.24360921517065587
  0.25518007924891195  0.26641850852346860  0.27781054367049046  0.28994931519352146
  0.30234631871982354  0.31422576831592597  0.32569012689725030  0.33734034970507365
  0.34942273558744497  0.36128299441857187  0.37240433305368265  0.38335759511316292
  0.39436019903152097  0.40637643929669948  0.41800308287444987  0.42962459936827352
  0.44027167140085233  0.45097438439365295  0.46215028911248501  0.47427729474355235
  0.48695526804519468  0.49984640365009753  0.51313022887868942  0.52658411278835038
  0.53990190134181593  0.55290760895340463  0.56529387264625541  0.57682450830652754
  0.58769225652652013  0.59836408571080835  0.60853277131497219  0.61860452482714812
  0.62913224753504438  0.63992365755085789  0.64896931626304144  0.65598091890860888
  0.66342400444083383  0.67161186716389309  0.68036832243098710  0.69000558776154608
  0.70012532078596401  0.71003913011853081  0.71995156232033919  0.73144013149336329
  0.74359784955969133  0.75511794839891322  0.76575537462317933  0.77537764555187849
  0.78459147609309687  0.79357146547802915  0.80222788958497193  0.80836941697530895
  0.81390271790441160  0.81926642073015865  0.82520676270969917  0.83415764328262987
  0.84343176460871117  0.85224807671756309  0.86338378904333413  0.87632430721160359
  0.88978365562530615  0.90254260408538256  0.91408955476455012  0.92450675678292282
  0.93480503686419103  0.94606909452415022  0.95607870666126205  0.96503827263145114
  0.97268817064817492  0.98098497165341036  0.99053569025045707  1.00000000000000000
 -0.00283112823215831  0.01238895291692157  0.02502033038425267  0.03633400314039165
  0.04675065264239529  0.05741601927739474  0.06874220595185102  0.08254048648617081
  0.09509431496075260  0.10848838078023507  0.12265725907615746  0.13401335356982261
  0.14446636162103052  0.15336638929853247  0.16344435700438650  0.17418253321893157
  0.18484902956494767  0.19400738791822678  0.20251381959209777  0.21107131625144224
  0.22145760052811575  0.23330396962845301  0.24415000994948327  0.25488967044627603
  0.26641468323144851  0.28007892098611942  0.29411909737509140  0.30677664099913760
  0.31935430162804895  0.33093097502274754  0.33887084606447015  0.34566258387141874
  0.35271593386243588  0.35953497695905301  0.36802298835059327  0.37870064096059197
  0.39041558795159215  0.40286426460475583  0.41481024491867236  0.42641839029740519
  0.43841188045679591  0.45106940737226181  0.46426824442730719  0.47779345438247434
  0.49009017867831983  0.50037529274571113  0.51025922063804441  0.52025448289634102
  0.53183808839205304  0.54494019227457169  0.55693321449344035  0.56776374052848033
  0.57864351441325779  0.58939875334241554  0.60065460937304349  0.61119863699908095
  0.62182503621668050  0.63255602353016271  0.64433444274774454  0.65767125743053689
  0.67087925322563102  0.68228013975825508  0.69113581454407014  0.69887062056337901
  0.70595554849925068  0.71248237833884664  0.71977498174623433  0.72766751841108079
  0.73559070927220460  0.74458733054133341  0.75483995230178724  0.76563574115302147
  0.77682760674196571  0.78875161071204103  0.80076097079235253  0.81235431467824626
  0.82392891415806069  0.83473798260316867  0.84587249982179047  0.85514101646176022
  0.86327291491049984  0.87057529353719210  0.87757974968776020  0.88384132812812721
  0.89064504426161861  0.89781469799343994  0.90612190209698418  0.91439480103354964
  0.92195644747885552  0.93079490221722017  0.94069638771967379  0.95239975526845200
  0.96439611964637162  0.97591363565983225  0.98744129499096878  1.00000000000000000
 -0.00119518854527419  0.00567293625023037  0.01306421437771891  0.01971684440068017
  0.02642840837803696  0.03566276231549387  0.04686909507665132  0.05751874210344431
  0.06774208203233560  0.07833886747195154  0.08912244995447494  0.09945177986045303
  0.10879051288894280  0.11753948837782485  0.12629754682601124  0.13516608365331154
  0.14592526710545814  0.16013571028874601  0.17129878686607092  0.17984155347448028
  0.18885224718672880  0.19890719725924982  0.20891285471810525  0.21788590485459944
  0.22651242193022397  0.23640334355307835  0.24587048795325353  0.25412699917842735
  0.26294820717583112  0.27271109924984577  0.28550292484361151  0.29820069720215459
  0.31022965862509694  0.32071257434689188  0.33211226680448785  0.34242510035481311
  0.35378219963565710  0.36580472730473157  0.37826007066567974  0.39119751925438101
  0.40412800327791215  0.41550936744748496  0.42760855527855046  0.43877358180539899
  0.44907190874386643  0.45923420641480572  0.46984838091725784  0.48162668320313451
  0.49334623695670182  0.50404773865315455  0.51407614983798067  0.52386311222612214
  0.53339759658665009  0.54342007046067586  0.55412783264996590  0.56503581200173059
  0.57644104471323909  0.58788587253108027  0.59998929888237718  0.61300259896349896
  0.62609990385563352  0.63760163158009298  0.64824105152900624  0.65886253110676174
  0.67028163855040068  0.68103774731888300  0.69222994726031351  0.70422790283711922
  0.71681706557571201  0.72898736088483973  0.73974262305334615  0.75039626929845293
  0.75990953559464280  0.77023463568270634  0.78102088318320151  0.79209237096161667
  0.80215361408609331  0.81054736657604420  0.81821904416329894  0.82585075025170385
  0.83430936407944178  0.84597869032938455  0.85740899443071772  0.86925036147628632
  0.88181594781297346  0.89508518732026321  0.90745369906776807  0.91948578184312757
  0.93142615075965574  0.94284709858157045  0.95345688344419721  0.96340284803708665
  0.97326221188136663  0.98222255242520384  0.99138674948495686  1.00000000000000000
 -0.00245138575957275  0.01202100564984834  0.02420834518011098  0.03533172202998529
  0.04281902259543503  0.04990300417871780  0.05745993866415888  0.06436293926864438
  0.07087503849328783  0.08126447909270040  0.08953929178893397  0.09766053399786737
  0.10550000390035477  0.11246576796032000  0.12048988359678880  0.12873018041726875
  0.13707685565259320  0.14529234131855465  0.15339606068335715  0.16148665402753812
  0.16974926305412530  0.17855634002116688  0.18788200495721899  0.19749690353609237
  0.20762365737801894  0.21845693037485800  0.22965495889220830  0.24058409711960030
  0.25140630392269336  0.26251516105041151  0.27336461139697682  0.28376731977626674
  0.29397544284347749  0.30435178543469638  0.31522520731643078  0.32536197526164373
  0.33469440644012399  0.34434223063140273  0.35387224340941348  0.36330367457377999
  0.37290126142886715  0.38207600131249136  0.39038121901173345  0.39804630722862228
  0.40570026650984314  0.41353950019474522  0.42406835778932928  0.43557894027870270
  0.44663599052842506  0.45675931432508698  0.46785123478475510  0.47937793848469618
  0.49102386533629883  0.50342365485575236  0.51629095753527288  0.52931771731672872
  0.54115340570118287  0.55280556516885426  0.56526760824371414  0.57798232730257371
  0.59141982938974513  0.60522267950007258  0.61836924184655895  0.63110112988463185
  0.64312859014245005  0.65419250401422524  0.66558314219519965  0.67761231891892826
  0.69044799485196595  0.70160040241077526  0.71254268712281443  0.72324707548447742
  0.73432432033056849  0.74596331081299916  0.75848324175850645  0.77138147518924527
  0.78469403623511103  0.79885977608833492  0.81268056168590075  0.82557593584511968
  0.83796321449584743  0.84970065122034888  0.86059072257451441  0.87154559056184311
  0.88040749105408123  0.88955353695170114  0.89868661805080707  0.90805339638121352
  0.91784858206922526  0.92826672584409953  0.93958528080946424  0.95064201456714825
  0.96144627829067075  0.97292539171544834  0.98626235589785494  1.00000000000000000
 -0.00307198008018488  0.01122328877931312  0.02333621407540670  0.03554241527262401
  0.04605084827916435  0.05471118016922141  0.06307029382171470  0.07203344512402360
  0.08307441720043406  0.09613578240744927  0.10525860412547668  0.11363919175381740
  0.12187810171678197  0.13017134283925125  0.14063169602301939  0.15141194268333330
  0.16256912414831812  0.17343305243606016  0.18387923627095593  0.19487925258430575
  0.20652991790232042  0.21916572503569642  0.23185105062386999  0.24482382949409814
  0.25698477013895898  0.26831516159852420  0.27905026548238360  0.28844681940025335
  0.29718451264654694  0.30587589832229434  0.31535343979553021  0.32627725988297235
  0.33867069078982137  0.34945482438293324  0.36037924540632832  0.37082926696402890
  0.38229225333447076  0.39406593121031902  0.40792603887088391  0.42054290084561019
  0.43270034724010698  0.44381349029691386  0.45501829037559566  0.46733387813618427
  0.48038818965299940  0.49324793689140367  0.50525921753183234  0.51639720604228312
  0.52692220966411707  0.53660591677672165  0.54668272162186149  0.55691419156181077
  0.56585352393857713  0.57444715799044777  0.58248757376969085  0.59057882904008052
  0.59940259086200887  0.60828349698482675  0.61899389424241047  0.62906574363494172
  0.63797705583823738  0.64698617358497046  0.65569080168241212  0.66443896652858725
  0.67355974236422766  0.68289825008329619  0.69463088880829127  0.70762308776743998
  0.71953096432066577  0.73068980086506530  0.74162458991550073  0.75394862315824385
  0.76669065009181492  0.77900350308708366  0.78997280574779349  0.80092164509565689
  0.81198870026135950  0.82312469965466362  0.83323008572351875  0.84070046439631585
  0.84853720419022693  0.85637714408604682  0.86448491790445092  0.87559703391034094
  0.88826159743921385  0.90090360593577268  0.91353520767867968  0.92526009871811599
  0.93547148386248724  0.94468637012867929  0.95364379613664130  0.96327658445746500
  0.97289057850308336  0.98116306466055248  0.99104250939939176  1.00000000000000000
   2.6245226796617765E-007  -1.0000000000000000     
 T T T T T T T T T T T T T T T T T T T T T T T T T T T T T T T T T T T T F F F F F F F F F F F F F F F F F F F F F F F F F F F F F F F F F F F F F F F F F F F F F F F F F F F F F F F F F F F F F F F F F F F F F F F F T T T T T T T T T T T T T T T T T T T T T T T T T T T T T T T T T T T T F F F F F F F F F F F F F F F F F F F F F F F F F F F F F F F F F F F F F F F F F F F F F F F F F F F F F F F F F F F F F F F F F F F F F F F F F F F F F F F F F F F F F F F F F F F F F F F F F F F F F F F F F F F F F F F F F F F F F F F F F F F F F F F F F F F F F F F F F F F F F F F F
  <DiscreteSampler_grid>
  grouped_processes
  1 # 1 for a reference and 2 for a running grid.
  10 # Attribute 'min_bin_probing_points' of the grid.
  1 # Attribute 'grid_mode' of the grid. 1=='default',2=='initialization'
  0.0000000000000000 # Attribute 'small_contrib_threshold' of the grid.
  0.5000000000000000 # Attribute 'damping_power' of the grid.
 # binID   n_entries weight   weight_sqr   abs_weight
    10   10   1.520906571730218E+002   1.041277828335536E+005   1.520906571730218E+002
  </DiscreteSampler_grid>
