 -0.00581568008670210 -0.00005205821239128  0.00874332838935066  0.02565830920790957
  0.04257295334053586  0.05948731055738875  0.07638126033979607  0.09303991104362855
  0.10784641548118416  0.12289694494453182  0.13823559388339940  0.15350987122748777
  0.16897447864504073  0.18500600370244261  0.20141234876405700  0.21801508316483476
  0.23445157950687787  0.25090213245588905  0.26737562397395609  0.28378727267727433
  0.30017198683020996  0.31650285367122527  0.33280834384210395  0.34907967664160311
  0.36503585092216922  0.38092194615674840  0.39704004541881355  0.41318348407180072
  0.42935381529336097  0.44592566801039391  0.46261680138444633  0.47947364054234715
  0.49629743608442245  0.51310354931863267  0.52991929253763426  0.54682889738513396
  0.56387922345655517  0.58079408296341550  0.59768292505422205  0.61474328266724843
  0.63209446998699137  0.64983372685919849  0.66766036732923717  0.68553206176819226
  0.70355923733452963  0.72160255771222814  0.73966499423832410  0.75789969836263593
  0.77622978785245911  0.79478697732575265  0.81370173302954774  0.83286434659771835
  0.85221962513214344  0.87087179971305617  0.88840499248205373  0.90351661305918440
  0.91905865735594094  0.93351729249827609  0.93359088743859420  0.93394348757904067
  0.93481640600955851  0.93662619938314484  0.93843646940951064  0.94025830395945165
  0.94208431851539776  0.94392694811205613  0.94578954804925619  0.94762589104795236
  0.94946167337368303  0.95131825244337387  0.95313049702311414  0.95495091287557432
  0.95680571603459819  0.95868206784330534  0.96056199721854518  0.96244003264569200
  0.96427772366970876  0.96611927288803778  0.96797166306730964  0.96981859486491595
  0.97167963337216201  0.97354137969150789  0.97541099179241808  0.97728246358991178
  0.97915542778194797  0.98103663926428841  0.98290700187092983  0.98478696330583637
  0.98667295179491721  0.98856836489310851  0.99044513354288122  0.99235685102032489
  0.99429750076785173  0.99621201437594054  0.99810126815253364  1.00000000000000000
 -0.00219219637166993  0.00893946065484181  0.01808982714148484  0.02748485580826287
  0.03627877555072630  0.04462390080768191  0.05330852333764774  0.06328328027484015
  0.08074630779294702  0.09161518325463588  0.10034431515839425  0.10880233592300062
  0.11717543701569304  0.12600310177866145  0.13476536583920648  0.14326328473400463
  0.15444867421719588  0.17073357809768316  0.18830331669885209  0.20421555849764597
  0.21771971141242352  0.22833796820339672  0.23680560803845993  0.24485682124696348
  0.25263517444855244  0.26053219340685002  0.26892591412343442  0.27681937450707689
  0.28422990282376559  0.29163434729697379  0.29946126119166955  0.30709860816757728
  0.31521554236748794  0.32483700920803898  0.33558046472225167  0.34678607006854123
  0.35741538027884362  0.36703151602279405  0.37664564224021546  0.38634685794355245
  0.39846831529046434  0.41262204249803208  0.42712406117075452  0.44177752170576029
  0.45589061744383974  0.46571401584494004  0.47526928152287434  0.48557341839242379
  0.49558808413957356  0.50459815773062999  0.51328240012355186  0.52324596799595890
  0.53627228958539563  0.54746054600900640  0.55670782471790370  0.56734677537731792
  0.58188348530383605  0.59677054258562523  0.60917905964019003  0.61926389410962068
  0.62868331524532228  0.63822481891653660  0.64739854316699030  0.65624206270878405
  0.66560476693056148  0.67616198388633331  0.68664419427303536  0.69612268438491187
  0.70575504163134406  0.71677518156269160  0.72881098837186387  0.74074645091615321
  0.75352534244207403  0.76743590106271276  0.78169355490880621  0.79595899662896152
  0.81121445814939308  0.83005308185500382  0.83971285496707027  0.84791174137360392
  0.85637093913730378  0.86551790763513425  0.87484135307463395  0.88322044688218171
  0.89056683884646148  0.89874833160023193  0.90801704136501793  0.91798923614902939
  0.92691028179866652  0.93724479502824765  0.94971000560340169  0.96280104947726364
  0.97311325959863781  0.98312906693569091  0.99187062423024208  1.00000000000000000
   2.1039557140480370E-005  -1.0000000000000000     
 T T T T F F F F F F F F T T T T F F F F F F F F F F F F F F F F
  <DiscreteSampler_grid>
  grouped_processes
  1 # 1 for a reference and 2 for a running grid.
  10 # Attribute 'min_bin_probing_points' of the grid.
  1 # Attribute 'grid_mode' of the grid. 1=='default',2=='initialization'
  0.0000000000000000 # Attribute 'small_contrib_threshold' of the grid.
  0.5000000000000000 # Attribute 'damping_power' of the grid.
 # binID   n_entries weight   weight_sqr   abs_weight
    10   10   1.869371553685576E+007   3.494979506635015E+014   1.869371553685576E+007
  </DiscreteSampler_grid>
