 -0.00464822612753323  0.00137066348244659  0.01135026859564939  0.02661670179596820
  0.04192811441180153  0.05685506581684600  0.07068794908158019  0.08281016871280786
  0.09453154445139786  0.10657904321672174  0.11841211049944610  0.13040033851236926
  0.14280117053043667  0.15682420957842982  0.17069455154908394  0.18447452396345246
  0.19816572289375714  0.21198856737426738  0.22586226882401439  0.23967484725787036
  0.25340266528701144  0.26705836700220215  0.28053369501022324  0.29399096101520161
  0.30745391536910061  0.32111671904522471  0.33464119110045160  0.34807040131600397
  0.36175052362670912  0.37535656773069120  0.38888462093916515  0.40274264527992826
  0.41675364939727449  0.43095691924046053  0.44541701995521776  0.45989307500503740
  0.47433382406263047  0.48880813934508510  0.50319784626360498  0.51741221710508312
  0.53167511800224121  0.54582969089787525  0.55959236801214340  0.57358163601780976
  0.58764757429295689  0.60159231700994464  0.61553995411871465  0.62947141227123871
  0.64325358889416706  0.65702861605360086  0.67079771508542085  0.68459920062773960
  0.69822296690143559  0.71163492255359573  0.72497525666106999  0.73844233683951210
  0.75220944964182224  0.76627375845954460  0.78045338029141531  0.79468239962897702
  0.80847640834699830  0.82202244793161383  0.83536530594760594  0.84887665556152425
  0.86255109164247845  0.87650432152376145  0.89052918137473225  0.90462999788375775
  0.91841293270090851  0.93212041679832902  0.94573721889915208  0.95852343556629371
  0.97156752104532207  0.98550797747125818  0.99245818709035838  0.99368065591339727
  0.99372297934557963  0.99391404507176984  0.99425243339246550  0.99458519059113948
  0.99491833926501194  0.99526215240102156  0.99559771473979597  0.99593128661483077
  0.99627424906441742  0.99661579685734669  0.99695466322588266  0.99729251696221188
  0.99763447452450504  0.99796972979381160  0.99830200262767688  0.99864075748949999
  0.99897879026991843  0.99932120290414084  0.99966064078055106  1.00000000000000000
 -0.00417663450568586  0.01061829469411409  0.02544900661909547  0.04076029478452574
  0.05514907999298153  0.06582319277974087  0.07376768780702092  0.08154106486046334
  0.08965912658576074  0.09779190882385194  0.10578257063640735  0.11337260517406024
  0.12161677666483311  0.13291083369010434  0.14812998576003758  0.16499198658400116
  0.18094543829843718  0.19555200414525040  0.20879415440193225  0.21758128598408211
  0.22649392574130001  0.23428368029348370  0.24201596101207082  0.25010713268657281
  0.25731504394340132  0.26436325185931248  0.27156394259004624  0.28008152052560042
  0.28819400923763022  0.29528194285194115  0.30231879400877509  0.30950962879367838
  0.31667723039725365  0.32402487649526551  0.33158575783526262  0.33896647102914956
  0.34628992648510121  0.35374540544071686  0.36155165898496872  0.36995911432079392
  0.37745569950741503  0.38495442981890204  0.39221599759780018  0.40037104180845423
  0.40966958419566396  0.41919189294602177  0.42806594040824358  0.43747907123911989
  0.45276487963503426  0.47118432984104969  0.48329554282944637  0.49209360497276061
  0.50146146962639604  0.51135022033408195  0.52134256046857219  0.53050274058951108
  0.53991694297731374  0.55379428473318104  0.57690543858575694  0.58847928649790160
  0.59714963889200268  0.60607212054555426  0.61522076221765509  0.62463760764805221
  0.63390917946860847  0.64330776673537327  0.65209762970311669  0.66070642588133099
  0.66913405717187868  0.67740040959607872  0.68583588732435874  0.69418649708908686
  0.70191205164765613  0.71172095862278362  0.72929910231837392  0.74912713705256662
  0.76658142635326765  0.78288957281121085  0.79828896614108158  0.81313692745879818
  0.82825186945669893  0.84395326226333023  0.86037144332298132  0.87808507729202034
  0.89661762846657467  0.91461313585853909  0.93081981339795750  0.94193140627168914
  0.94914958770645697  0.95742554239029032  0.96534577270528255  0.97298495731541246
  0.98001237725920631  0.98653770444704292  0.99317798333252139  1.00000000000000000
   1.1780712229576281E-005  -1.0000000000000000     
 T T T T F F F F F F F F T T T T F F F F F F F F F F F F F F F F
  <DiscreteSampler_grid>
  grouped_processes
  1 # 1 for a reference and 2 for a running grid.
  10 # Attribute 'min_bin_probing_points' of the grid.
  1 # Attribute 'grid_mode' of the grid. 1=='default',2=='initialization'
  0.0000000000000000 # Attribute 'small_contrib_threshold' of the grid.
  0.5000000000000000 # Attribute 'damping_power' of the grid.
 # binID   n_entries weight   weight_sqr   abs_weight
    10   10   3.771472214526182E+007   1.422400271157731E+015   3.771472214526182E+007
  </DiscreteSampler_grid>
