 -0.00699662656138333  0.00356278712668689  0.01636811669709584  0.03702922712958982
  0.05788035183726634  0.07895862891899318  0.09929125294186859  0.11929275746898885
  0.13827373023294676  0.15728189689719249  0.17633007690031430  0.19533557232627369
  0.21439471601077595  0.23400168380122538  0.25359068598774337  0.27315437583131280
  0.29286261523850426  0.31263624091961650  0.33262855772331767  0.35262941635884065
  0.37264458011479629  0.39249067917005254  0.41225669487205174  0.43166371183133234
  0.45102133681012430  0.47028529039097150  0.48964049481063127  0.50904543695092186
  0.52844551524263039  0.54785009079436819  0.56726766086677516  0.58674800514358150
  0.60627567642526559  0.62593445852633334  0.64562051520359054  0.66534982334724868
  0.68475383668565570  0.70382867307348851  0.72468412680802263  0.74614698583197703
  0.76857296370530404  0.79084302163207643  0.81243094293524887  0.82201328130551621
  0.82674583140831015  0.82860585907333117  0.82961823120297618  0.83251875675671605
  0.83586883850852056  0.83918694803785654  0.84258534237296256  0.84600408930208770
  0.84938084118757606  0.85270983472456174  0.85603034449893101  0.85938470074061957
  0.86274748293324366  0.86610222583647756  0.86950463296658442  0.87291251633568057
  0.87627895016374724  0.87961788611480529  0.88297925574657510  0.88637044945565036
  0.88979372377276733  0.89323571891504605  0.89666737936049701  0.90005588007569537
  0.90343977888953042  0.90685176687505575  0.91031699584829129  0.91380799656073863
  0.91728089838333182  0.92073990891069801  0.92422993257801522  0.92774827422151163
  0.93128530251403641  0.93480034791025401  0.93832074292185352  0.94187230617717188
  0.94545576845410306  0.94905963336658972  0.95266900227448104  0.95627268343729077
  0.95983249383055980  0.96335545807381040  0.96691541018548743  0.97053518867915789
  0.97419677743825706  0.97790658572710010  0.98165371345331520  0.98535342920319446
  0.98899249655470556  0.99268809678255587  0.99636919075963504  1.00000000000000000
 -0.00226807539469303  0.00828425936387853  0.01968478623551372  0.03045155929848324
  0.04391819578113371  0.05624257067093411  0.06826844929715374  0.08037575261053789
  0.09278831758145857  0.10435179656726690  0.11362164466535486  0.12181082979123825
  0.13071794328822980  0.13948500872522657  0.14822008008124646  0.15687527908001275
  0.16669927972683096  0.17927728885344085  0.19166698354139189  0.20403179863094301
  0.21612875855644595  0.22882589738058798  0.24283288621699059  0.25744725143892433
  0.27126675220475033  0.28359353132753712  0.29536074580438726  0.30737267190180845
  0.31905947354597747  0.33154942712696039  0.34390945782271398  0.35739652073103062
  0.37112828473247139  0.38183773908565027  0.39020323582360733  0.39838918027523229
  0.40684853873177312  0.41653252837398030  0.42635805329296511  0.43516820657239530
  0.44540880226333407  0.45676314137224067  0.46842976313137469  0.48044965376531823
  0.49300001396006704  0.50572925531087431  0.51811906659810592  0.53064391160143520
  0.54318314890231678  0.55569552960684243  0.56581455582679674  0.57389170519933763
  0.58172694421973803  0.58929031080589012  0.59766947702543494  0.60633884862951226
  0.61466161713077183  0.62274567503385836  0.63160247097204969  0.64099781851112458
  0.64974828256573935  0.65825664627031832  0.66744466605329356  0.67706909822407635
  0.68734878832033930  0.69986779428434975  0.71139410549897808  0.72113432713627890
  0.73089691236795951  0.74060764157170422  0.74960764864677221  0.75671240251465566
  0.76412185235222008  0.77287082564151455  0.78268510591758100  0.79209884244442663
  0.80079157345394236  0.80881593700993892  0.81859034811025744  0.83158532518018280
  0.84060797340528437  0.84894109741771751  0.85844509115618373  0.86881883887498468
  0.87994875180332122  0.89011275618557939  0.89907555597316435  0.91035309300337597
  0.92207026787894908  0.93442543134434564  0.94732259536084684  0.95990537215500515
  0.97068169493567902  0.98124290846807627  0.99082592821144755  1.00000000000000000
   7.8604307733571108E-003  -1.0000000000000000     
 T T T T F F F F F F F F T T T T F F F F F F F F F F F F F F F F
  <DiscreteSampler_grid>
  grouped_processes
  1 # 1 for a reference and 2 for a running grid.
  10 # Attribute 'min_bin_probing_points' of the grid.
  1 # Attribute 'grid_mode' of the grid. 1=='default',2=='initialization'
  0.0000000000000000 # Attribute 'small_contrib_threshold' of the grid.
  0.5000000000000000 # Attribute 'damping_power' of the grid.
 # binID   n_entries weight   weight_sqr   abs_weight
    10   10   5.234032450741745E+009   2.740209390522957E+019   5.234032450741745E+009
  </DiscreteSampler_grid>
