 -0.00190362942953315  0.01208089237885062  0.02368538911245158  0.03458468873270906
  0.04554220589963044  0.05654962700163507  0.06721639812694515  0.07793159384463677
  0.08835192718146825  0.09850809228752890  0.10861687168507005  0.11903784955585722
  0.12923323032610923  0.13943560972911953  0.14971605190765713  0.16015571068169193
  0.17021717415217111  0.18002859396098062  0.19008394694853184  0.20062868145393015
  0.21083530506885220  0.22074255972432172  0.23078806926031262  0.24118933253068228
  0.25139594612845395  0.26171832849239851  0.27245081420017403  0.28379425251392515
  0.29486149773360376  0.30553126080697418  0.31619914226888191  0.32683016942228105
  0.33756098116282757  0.34809513668299691  0.35915110170295295  0.37015942982589606
  0.38104589163532293  0.39191506077094651  0.40251122690528829  0.41327472997503256
  0.42372675457006448  0.43469197832213669  0.44457795468243383  0.45410670166894068
  0.46361815275660267  0.47316773844006016  0.48252727516562260  0.49150736030150172
  0.50059577445754544  0.51083974944548360  0.52123669003797224  0.53151190565969753
  0.54142727295328696  0.55154907974568612  0.56152139339968066  0.57182958228919756
  0.58223521288291102  0.59306484999910158  0.60342173937120780  0.61363472765233162
  0.62364676094752536  0.63384818765786377  0.64409604058563563  0.65425102163863247
  0.66402342363879319  0.67415920081578184  0.68502496726883211  0.69605879759680145
  0.70683889710687120  0.71712277066428953  0.72769116106620935  0.73847380491962045
  0.74921460923230099  0.75971076352318334  0.77024750745577053  0.78087509560300383
  0.79149076939932517  0.80199027939838818  0.81272748322817712  0.82359814297126666
  0.83399320273439270  0.84416865533404839  0.85444294478249727  0.86544042950052003
  0.87673344569454803  0.88740464393845231  0.89756747515194490  0.90771954694673918
  0.91782655442270267  0.92853457705615194  0.93912519745730927  0.95044761524357380
  0.96155400483969877  0.97282489805134476  0.98579279689205002  1.00000000000000000
 -0.00236241089565347  0.01433097230424093  0.02733964405614686  0.03910422213033694
  0.05007736894155685  0.06086549934962512  0.07185928064234791  0.08310197387721434
  0.09331253146068112  0.10360301434852079  0.11372043209981431  0.12359431159850739
  0.13350260579222872  0.14324788095821850  0.15398081937525213  0.16481275123921776
  0.17562845534782806  0.18639166903369594  0.19672410031808910  0.20690542786892915
  0.21707393976990844  0.22807449002446720  0.23889948984684056  0.24949493678397738
  0.25957391028626087  0.26972505873894331  0.28023093964963325  0.29134640551947277
  0.30283385644920052  0.31429874970781141  0.32544958794591272  0.33620908247470122
  0.34637269521763792  0.35670947437108252  0.36708250865382547  0.37745740697907515
  0.38767104468092256  0.39827693498994937  0.40934393028396143  0.42031807741084520
  0.43118454587695737  0.44155785251000318  0.45159160958167455  0.46189511627749619
  0.47239906011957888  0.48305594240244365  0.49347235498121117  0.50438384730969577
  0.51572136530977986  0.52692865894502283  0.53818067560369665  0.54928515661601918
  0.56008252856894514  0.57047423248377960  0.58049193315587999  0.59028013454554207
  0.59995831513660469  0.60968363880578791  0.61965475190498986  0.62964455443412848
  0.63925959769495311  0.64890693466571536  0.65825899168884172  0.66798818407547333
  0.67785957460915158  0.68829002817620100  0.69924209378648783  0.71011310811774098
  0.72102681877793817  0.73204144286795636  0.74299788146964607  0.75342199136055688
  0.76310894794172301  0.77286507407590588  0.78275545981250938  0.79303871022089911
  0.80337084647115964  0.81362039031125144  0.82370523934673645  0.83340403704673494
  0.84290029487448737  0.85245738857216291  0.86176794536136503  0.87086208167018986
  0.87996576610823474  0.88927592081517881  0.89915585244924201  0.90960127207976504
  0.92023635590119424  0.93139111823173593  0.94275240687401007  0.95413169500137918
  0.96549998771946233  0.97654022403161489  0.98816449535786832  1.00000000000000000
 -0.00145269086931513  0.02865623679340798  0.04938745138962346  0.06706785703684016
  0.08595166890050827  0.10513183224178702  0.12453916628972962  0.14290870645790726
  0.16090336360318969  0.17465485375883597  0.17692147851612997  0.18270927964380701
  0.18968020832690194  0.19637413293590739  0.20303209671984057  0.20972492070851634
  0.21632501072472204  0.22287062271127175  0.22956335313072657  0.23649962631382929
  0.24352004174312697  0.25055877260016035  0.25765631579888587  0.26479189266421266
  0.27193683599187224  0.27917325063877885  0.28661690686988983  0.29414662648737572
  0.30173101431306198  0.30939848970440809  0.31723867030715841  0.32513476764198734
  0.33306379750468212  0.34097709548302851  0.34915960460564460  0.35741506312751287
  0.36570770324396301  0.37402152798840027  0.38239464350608859  0.39087117646143854
  0.39950004805352418  0.40827560624027498  0.41715303389500746  0.42603918162861198
  0.43494966599180196  0.44388142972843458  0.45282541981164204  0.46187620252237832
  0.47114865065876949  0.48052385939361830  0.49006653403353390  0.49975645638000077
  0.50957921096427239  0.51925095437465585  0.52899803045627780  0.53883325729689746
  0.54882526538303078  0.55876206192276168  0.56885362771849002  0.57896116759114558
  0.58898693972897886  0.59905420557813949  0.60917508359326455  0.61977620416502632
  0.63050149174563352  0.64126976244134892  0.65186493269682677  0.66246717996812277
  0.67328296043766445  0.68420826310310401  0.69521978213962243  0.70632821869695184
  0.71753244521615944  0.72881072851294759  0.74006082350258573  0.75150328776845288
  0.76314811413366956  0.77483250842720564  0.78652240186524158  0.79836232696567333
  0.81035690418946560  0.82242603362311828  0.83446526884132488  0.84643337490751347
  0.85852507014181900  0.87067421814611323  0.88285611182905299  0.89528963943041062
  0.90795134698345137  0.92074172500362694  0.93357853342485553  0.94649930249588454
  0.95967602236237504  0.97302377782281546  0.98662065746073424  1.00000000000000000
 -0.00249953975387580  0.00977003470196872  0.02059023966554678  0.03204215749113164
  0.04371979830673919  0.05515358158604266  0.06652142996016194  0.07715194846724230
  0.08742329904629564  0.09757804149931600  0.10806481253262466  0.11896437361743814
  0.13033225452279504  0.14175872218568422  0.15300929440511654  0.16379767670017620
  0.17418959443201851  0.18464167761444894  0.19491556094109821  0.20513573559969145
  0.21493076956009222  0.22453012143592060  0.23455278234657612  0.24447682391416825
  0.25431837687599590  0.26399979198074941  0.27407894849125397  0.28448413529340738
  0.29489684648659098  0.30526342267348816  0.31584305785001199  0.32678603579187987
  0.33799143955425948  0.34920087571066977  0.36018441759942210  0.37100880215037974
  0.38207149963277559  0.39317819053601516  0.40446660270258927  0.41531454126802492
  0.42604619486822742  0.43647665864180452  0.44708927820375954  0.45792060370428772
  0.46815367955557141  0.47812148626580864  0.48728908683538574  0.49639194377291224
  0.50556967692329768  0.51479570251019746  0.52426380372822334  0.53427071699513984
  0.54473117168174789  0.55567248837274053  0.56624125024138305  0.57600032399952228
  0.58607564419375835  0.59605280354053347  0.60636332331842435  0.61695453223601482
  0.62734061525877394  0.63785800725695152  0.64833902641882935  0.65865344161520756
  0.66924236226431655  0.67997925818771954  0.69106130344179084  0.70234601915095851
  0.71355053568783366  0.72458256574141933  0.73487638177731818  0.74466739406420823
  0.75433657840392465  0.76413695775597978  0.77420199804905865  0.78387109639634256
  0.79329194808688097  0.80281528976793126  0.81264783921860839  0.82294703298001548
  0.83357835210090281  0.84457276073683163  0.85574817534627079  0.86691807689166223
  0.87778782509563447  0.88845928785569572  0.89920994345215077  0.91021911014144519
  0.92139422120341763  0.93277716105113129  0.94414733337307466  0.95557054672064790
  0.96671268192575566  0.97778770925619685  0.98886912067019317  1.00000000000000000
 -0.00251186458710313  0.01125048182748357  0.02259363425541621  0.03443396724688594
  0.04575558734520103  0.05725623686021786  0.06874445498512137  0.08078121940176544
  0.09261098554006714  0.10414411026513194  0.11526716143970767  0.12621804690141208
  0.13714285416280569  0.14839708894256398  0.16005998542904762  0.17195139249515962
  0.18375270737465130  0.19552816788307117  0.20681551689469957  0.21823055716000594
  0.22967232085863162  0.24151347060313538  0.25340354981952418  0.26515634320326936
  0.27617665560378674  0.28709953577928016  0.29816278302101673  0.30905433499394691
  0.31988695132972950  0.33074621656111075  0.34278173449318283  0.35467893602302497
  0.36564919870477952  0.37627511137847591  0.38615840697929077  0.39610458205074628
  0.40611071447508851  0.41649535159312651  0.42707600476227325  0.43802291672822380
  0.44938016523556307  0.46086245622231231  0.47217322413513252  0.48328554321329659
  0.49414549170141037  0.50509187115843934  0.51627946432230343  0.52775846621210509
  0.53909209734620878  0.55012236547617710  0.56121081709541498  0.57218933597520838
  0.58353512954562303  0.59471504921522444  0.60567796425413900  0.61552734461173308
  0.62529240497542271  0.63489268783986563  0.64482609462249996  0.65428170641885064
  0.66392598990896190  0.67415551298190279  0.68434934762857280  0.69441475372121475
  0.70420543956247683  0.71427950078695213  0.72458571260014160  0.73502146683155800
  0.74538311031944193  0.75532680582820444  0.76461572776268694  0.77338412558398206
  0.78194088810175322  0.79069369159527636  0.79990437759398614  0.80936719808712088
  0.81916217786205758  0.82891627944201063  0.83869625128301162  0.84864367315579958
  0.85835868989082542  0.86811575284050124  0.87792151669073637  0.88714239971539965
  0.89671358237217680  0.90586114514281990  0.91490110628669719  0.92345539612528371
  0.93217058312476886  0.94131161147448661  0.95107035303315357  0.96052435586509854
  0.97029432356563783  0.97992883067429826  0.99002612711951954  1.00000000000000000
 -0.00242853666815708  0.00991519955462631  0.02086306702568576  0.03229012789900680
  0.04379989488161523  0.05457030932424403  0.06508667150560714  0.07562172007157111
  0.08604256121356392  0.09653435593194012  0.10688716961721291  0.11718474017377882
  0.12748533382475571  0.13782426787989718  0.14806163011773771  0.15899281728465037
  0.16995278753976892  0.18154964935212148  0.19263426649589005  0.20357894544517408
  0.21464389593358296  0.22561824527565774  0.23651492879196231  0.24743192468359246
  0.25836320734343837  0.26892658031678585  0.27946071157147429  0.29015035795365773
  0.30105834175568541  0.31201275817493923  0.32337609507912213  0.33439497631242809
  0.34474244371126317  0.35479467625708827  0.36486252365230604  0.37493308133614101
  0.38464508374569739  0.39455003246150921  0.40490098599287616  0.41518521225679533
  0.42532429947109368  0.43554761246635787  0.44586640319381082  0.45625035477516840
  0.46657889234229205  0.47703628345188376  0.48784291457120299  0.49886823520710333
  0.51004105372403885  0.52075903775681309  0.53118297391144265  0.54175598111609269
  0.55260989340762723  0.56345104362064680  0.57374317200438707  0.58407247739795987
  0.59482047743036981  0.60539412710826612  0.61553057542280598  0.62567946961911425
  0.63638587489405352  0.64677058960617284  0.65638279943900923  0.66598252523405144
  0.67602579055235235  0.68649885844090852  0.69668422525928064  0.70647035418102921
  0.71751641358531937  0.72892644328400824  0.73916349041963381  0.74905993670823479
  0.75849105605184730  0.76749972486075779  0.77679586678559887  0.78628986524265110
  0.79689203768682593  0.80739341538341924  0.81751619031642719  0.82804743943347103
  0.83861162671539535  0.84950007946139361  0.86053266318900867  0.87133536475507889
  0.88236088811599933  0.89281295062498434  0.90365440776829165  0.91374398887543284
  0.92408357734538238  0.93441161485415747  0.94535127153222687  0.95676239965691801
  0.96757369343180577  0.97841828458014213  0.98913958179207684  1.00000000000000000
 -0.00189683724639901  0.00654947678977048  0.01422544675789721  0.02225840030238582
  0.03058301107598801  0.03875749720824515  0.04672913711985294  0.05459436078835893
  0.06241749713069861  0.07002754690583585  0.07756727035294088  0.08529101743427206
  0.09304438894775009  0.10066449247750045  0.10850400244354204  0.11671634853542187
  0.12535682905092924  0.13444386419397575  0.14354792182648407  0.15234990588498892
  0.16077597302775196  0.16919457321547390  0.17779493234315114  0.18670712141806936
  0.19597562070002869  0.20543422931611774  0.21518886349877669  0.22487386310393787
  0.23427602772782546  0.24360737279883385  0.25318467710297321  0.26282905226782849
  0.27277974649004599  0.28281599753511771  0.29296395006704307  0.30283613604834969
  0.31226023040269513  0.32177548829324487  0.33184618959823209  0.34162207677311279
  0.35149997846224368  0.36046082575036409  0.36940564353541183  0.37837906342783839
  0.38793305965058433  0.39759848629289940  0.40782533574865654  0.41797567761645549
  0.42818540840805602  0.43874885993518903  0.44978237614916611  0.46093254289345192
  0.47202142061475100  0.48321158500209249  0.49477008996377320  0.50621203651458013
  0.51761775627041307  0.52849878176259646  0.53924626055216240  0.55009628454283377
  0.56098571805019815  0.57166781710770498  0.58203220266649913  0.59298500879622329
  0.60421548206792797  0.61575818089458201  0.62728446852242969  0.63935834200740649
  0.65154383215536471  0.66390738615188694  0.67642878743949786  0.68899513616498664
  0.70180338532310516  0.71427697824275316  0.72701116865498772  0.73956097727267367
  0.75231470308235882  0.76447538641020418  0.77638507800128997  0.78774737956512253
  0.79993511337367329  0.81210067576876399  0.82401828357872597  0.83598428114644341
  0.84857899594493058  0.86163690013369398  0.87506290766825712  0.88884277283284008
  0.90263316823401940  0.91598427121163395  0.92934079875661302  0.94318657656393567
  0.95727652142761954  0.97159618845737894  0.98565416714800858  1.00000000000000000
 -0.00252718106390401  0.01022092653234463  0.02088382183329049  0.03197523577996683
  0.04265221871358870  0.05308806241822132  0.06391117883533606  0.07505073089413947
  0.08649813780580642  0.09732041437900583  0.10801822114060020  0.11886579853123881
  0.12965995084244525  0.14042982161230308  0.15066515655799609  0.16073854602910073
  0.17074941429848475  0.18077348674957819  0.19073021543970509  0.20078054569125664
  0.21131873876137791  0.22247280887669760  0.23364062196110588  0.24470088105269935
  0.25564209127162929  0.26663316736080078  0.27716900176080728  0.28755357723173747
  0.29768328661251120  0.30770742649945237  0.31781563706030858  0.32800209266663544
  0.33800308379693339  0.34762779435317065  0.35765785572063347  0.36783404013483850
  0.37821605819723025  0.38829067202742368  0.39908451582123561  0.41012291585403338
  0.42092102864788883  0.43157477249479897  0.44243059725685924  0.45329895189647890
  0.46454228002555975  0.47602590813649731  0.48728091330443229  0.49801553136621329
  0.50844468972408985  0.51891079449804034  0.52963686079417349  0.54032307516266409
  0.55101213994440490  0.56173204835938906  0.57260340761740425  0.58318776895778368
  0.59339881254410676  0.60350422309433871  0.61398388666967108  0.62497172538510215
  0.63641681407528827  0.64793370572230691  0.65936754572341350  0.67058063638835652
  0.68157546878338593  0.69202709366286141  0.70203138329330128  0.71201270328856314
  0.72224597753644493  0.73243541368059184  0.74245085409297795  0.75268762451575966
  0.76361888839319525  0.77409159382653259  0.78402708767372020  0.79350086844918055
  0.80291105878173075  0.81238909328814668  0.82176303889979196  0.83100353306766195
  0.84068692043538573  0.85020085734985906  0.86010162305616189  0.87001908111109028
  0.88030329089409243  0.89166906000880319  0.90280450610334184  0.91367750824169180
  0.92432178426074707  0.93494153870111429  0.94586595817955788  0.95709218223347858
  0.96806551947136354  0.97870483512358741  0.98931059245994613  1.00000000000000000
   1.4863796903157488E-005  -1.0000000000000000     
 T T T T T T T T T T T T T T T T T T T T T T T T T T T T T T T T T T T T F F F F F F F F F F F F F F F F F F F F F F F F F F F F F F F F F F F F F F F F F F F F F F F F F F F F F F F F F F F F F F F F F F F F F F F F T T T T T T T T T T T T T T T T T T T T T T T T T T T T T T T T T T T T F F F F F F F F F F F F F F F F F F F F F F F F F F F F F F F F F F F F F F F F F F F F F F F F F F F F F F F F F F F F F F F F F F F F F F F F F F F F F F F F F F F F F F F F F F F F F F F F F F F F F F F F F F F F F F F F F F F F F F F F F F F F F F F F F F F F F F F F F F F F F F F F
  <DiscreteSampler_grid>
  grouped_processes
  1 # 1 for a reference and 2 for a running grid.
  10 # Attribute 'min_bin_probing_points' of the grid.
  1 # Attribute 'grid_mode' of the grid. 1=='default',2=='initialization'
  0.0000000000000000 # Attribute 'small_contrib_threshold' of the grid.
  0.5000000000000000 # Attribute 'damping_power' of the grid.
 # binID   n_entries weight   weight_sqr   abs_weight
    10   10   2.238331398250184E+005   9.620850992453195E+010   2.238331398250184E+005
  </DiscreteSampler_grid>
