 -0.00488082550143013  0.01484650111196809  0.03170597562090743  0.04854865041665476
  0.06561954893684092  0.08293117953004127  0.09786426722210501  0.11215414779265458
  0.12674492161567882  0.14139942436843603  0.15611032425364132  0.17070197810313056
  0.18592696463153000  0.20249925221460371  0.21882817323744222  0.23502817968945544
  0.25141898498002174  0.26780105753619565  0.28412859496116560  0.30050857746090309
  0.31692569215528704  0.33330859286927544  0.34970024330480515  0.36612715965427606
  0.38255760594156818  0.39899077755269724  0.41549018793414316  0.43204488054046225
  0.44880084142299004  0.46567589214269101  0.48266551658179441  0.49957330728181659
  0.51646166476834887  0.53332830006694310  0.55013345152746840  0.56687698015268628
  0.58364963805492054  0.60043205934168986  0.61723465108597686  0.63406108522238425
  0.65091509713731210  0.66787701406963373  0.68487379607949594  0.70191381791203544
  0.71910191161496062  0.73644696540731802  0.75372656727944531  0.77099625795731175
  0.78827953439047505  0.80632031152072436  0.82505204064626847  0.84388573725996430
  0.86270574959472746  0.88141803089487869  0.89717006487226270  0.91150600715459529
  0.92795827899506766  0.93294053853621506  0.93370554403110495  0.93413172557500102
  0.93547857291397440  0.93729712445840063  0.93911374152655636  0.94091451016173933
  0.94271295717476622  0.94452089181827714  0.94633398174422889  0.94812850436664831
  0.94991889861538925  0.95172483896462157  0.95355049303357131  0.95536653370098878
  0.95717321891186502  0.95897736239708153  0.96078951517748534  0.96263278742288172
  0.96450763417704011  0.96637500097297124  0.96820039547149728  0.97003247320524255
  0.97188806405592498  0.97375168491866215  0.97561786594070976  0.97747793818683981
  0.97932748190876950  0.98119676348439488  0.98307018889238373  0.98494427200629353
  0.98682668981288313  0.98871138031764538  0.99058682258934405  0.99246408290421650
  0.99433894873763018  0.99621122512575833  0.99810404448433387  1.00000000000000000
 -0.00364019960489122  0.01193586189314188  0.02591042847419611  0.03955712064187154
  0.05352541714065814  0.06821583116010475  0.08177849174778674  0.09285839308369218
  0.10285865132914782  0.11292005393810461  0.12279641656400947  0.13219316389026955
  0.14190498182176825  0.15350974868731593  0.16781793123346489  0.18291226455348372
  0.19745920752942916  0.21131792432838059  0.22637644490919825  0.23462979080934665
  0.24265713907007735  0.25060700473128750  0.25881330089569482  0.26808370645161372
  0.27641965540732383  0.28350616629997705  0.29042809446943801  0.29791136596122181
  0.30603908494234117  0.31390393778576320  0.32134191445579990  0.32884574724962840
  0.33625646474806692  0.34350684618028221  0.35090721048734858  0.35873748435610525
  0.36676488940201513  0.37496782971951176  0.38323961572752407  0.39134587875136068
  0.40241693403136314  0.41597303155965054  0.43034701870209763  0.44483782366825703
  0.45830475749856692  0.46991725218302755  0.47979322535598679  0.48961891236092075
  0.49965758843584451  0.50933114182741090  0.51814458047050660  0.52982001864054573
  0.54067475049695002  0.55015105290750366  0.55831342447944809  0.56743353181819711
  0.57729797221193802  0.58770390857438426  0.59707665880564065  0.60690736622639785
  0.62085624909602932  0.63635000474616721  0.64942063725333443  0.66083749669722480
  0.67139227399610624  0.68176139610182596  0.69220745243016080  0.70215435090512190
  0.71511724675341315  0.73044130351166958  0.74550618272685021  0.75974059267840111
  0.77330623709827184  0.78648267784467296  0.79925489281849094  0.81174883551835897
  0.82160637328370867  0.83116837150897915  0.84032284614367314  0.84882929138031771
  0.85690617936936753  0.86395640119550565  0.87123430928204848  0.87906764998257236
  0.88720990317215465  0.89540739034860317  0.90334299516962036  0.91139430838164248
  0.91967091471478912  0.92938320434878385  0.93900659431918965  0.94815816764990080
  0.95738312528056158  0.96912606690778325  0.98397377416948939  1.00000000000000000
   5.3568392007125275E-006  -1.0000000000000000     
 T T T T F F F F F F F F T T T T F F F F F F F F F F F F F F F F
  <DiscreteSampler_grid>
  grouped_processes
  1 # 1 for a reference and 2 for a running grid.
  10 # Attribute 'min_bin_probing_points' of the grid.
  1 # Attribute 'grid_mode' of the grid. 1=='default',2=='initialization'
  0.0000000000000000 # Attribute 'small_contrib_threshold' of the grid.
  0.5000000000000000 # Attribute 'damping_power' of the grid.
 # binID   n_entries weight   weight_sqr   abs_weight
    10   10   1.857622060536911E+007   3.451421826036740E+014   1.857622060536911E+007
  </DiscreteSampler_grid>
