  0.02910253198436145  0.03430216748620182  0.04174155626647033  0.05132949825195181
  0.06288637747154116  0.07467306255364958  0.08594283739451523  0.09664758061491850
  0.10674823517952428  0.11663593003334306  0.12619822566295463  0.13619824152270874
  0.14693947262943258  0.15740263766102947  0.16720738618873887  0.17654795742655052
  0.18600647988208172  0.19592505292775095  0.20616742221848605  0.21683100449000123
  0.22678285695932876  0.23629865830403007  0.24639679192521316  0.25735367306645707
  0.26775179072976368  0.27703548736241446  0.28604856355338376  0.29472477075527637
  0.30392733591845889  0.31214780548620807  0.32068767243483887  0.33043844632894825
  0.34146952599719715  0.35299490981137155  0.36419615428485269  0.37432994540709025
  0.38415555956882502  0.39302523273943524  0.40367961058554780  0.41585345992459366
  0.42487690159411146  0.43279724982531675  0.44082200821254708  0.44873646673398043
  0.45870968348191549  0.47058808220748932  0.48227335717338377  0.49380337128269824
  0.50510274489795304  0.51582213193238358  0.52608827952272008  0.53655371737193347
  0.54759243378825573  0.55837364252963717  0.56806225661634480  0.57757693943510902
  0.58762075988744356  0.59862691101729737  0.61047992849911514  0.62218552198585164
  0.63458788993575277  0.64478687050035988  0.65401587059569299  0.66257365912903698
  0.67031554073360800  0.67957803027631880  0.68881495659421810  0.69888714853786571
  0.70929006978535347  0.72016830202566429  0.73035928327658783  0.73976145037699226
  0.74896026628744350  0.75826622531043519  0.76981043982619091  0.78013809402184642
  0.79108601773679443  0.80193410088757211  0.81227154131251322  0.82219646856751427
  0.83339690718101023  0.84343488782920406  0.85373174692313369  0.86123522234560590
  0.87040351842023211  0.87937708288257066  0.88899710451263692  0.89927969574568178
  0.90990782413555649  0.92122235643536188  0.93225414116267336  0.94244872937488267
  0.95259581843302088  0.96287884765236209  0.97129956007029450  1.00000000000000000
  0.04761764540399655  0.07902756652646706  0.09401288364865164  0.10645735838308046
  0.11607538863616355  0.12346406548228366  0.12985514370128134  0.13542469573196703
  0.14020899336992210  0.14375618724901282  0.14680159552347713  0.14953026140585510
  0.15243172501272087  0.15539053908795000  0.15879535108253429  0.16141653972719447
  0.16341505161291531  0.16529267583492666  0.16701703373972718  0.16885075313053757
  0.17090910663292472  0.17270595896409199  0.17435721532258808  0.17584910606976378
  0.17698460912396616  0.17802241166547947  0.17903029525123562  0.17999257836225593
  0.18092666603098934  0.18189202032682705  0.18284272277930885  0.18374606359483997
  0.18459103905969912  0.18536256548138885  0.18611577145314817  0.18688956718662567
  0.18762450076753487  0.18831758211978794  0.18901469470649063  0.18965948438805300
  0.19023908337268253  0.19071731459399818  0.19121041232352268  0.19171794396558958
  0.19222380349234042  0.19272359257233271  0.19320025294866952  0.19366444262938640
  0.19412575534665227  0.19460217951531278  0.19512582647623941  0.19582234996992673
  0.20002026592636910  0.23040045979957466  0.23109919017957675  0.23154302442945465
  0.23192499098527358  0.23231085437541019  0.23270534444413760  0.23305898747788509
  0.23363135216420713  0.23428499786312759  0.23493583224165279  0.23561725956350640
  0.23632545425711729  0.23700612514565697  0.23772362656185661  0.23850350418384988
  0.23930641827647814  0.24010827639287288  0.24090966582649573  0.24173082010149574
  0.24259632200789008  0.24347118240384602  0.24439389105107964  0.24531519971012011
  0.24626510024963605  0.24722838885475598  0.24824957304271150  0.24942426658694888
  0.25075927287662148  0.25229524418345251  0.25404902697486720  0.25599570994103976
  0.25801882747970734  0.26007903075901956  0.26220123263716988  0.26449898893807949
  0.26712836175662652  0.27037917086674323  0.27422061257884534  0.27887008791460560
  0.28518032918157732  0.29540162038832429  0.30939256707854668  1.00000000000000000
 -0.00408599952397472  0.01190706782930622  0.02574744946283183  0.03924823190542752
  0.05882716043057463  0.07820132536967681  0.09724110827638706  0.11658560441940230
  0.13609970304936067  0.15684520098230478  0.17759337539179157  0.19817383010871972
  0.21855763494259589  0.23880163405537871  0.26022915280804593  0.28193220670398161
  0.30418038062212410  0.32640286554508924  0.34859275786659655  0.36965479838198090
  0.39050397320573760  0.41164694591123602  0.41519206992922858  0.41748045164389674
  0.42229963382052121  0.42923795079645977  0.43593663915784919  0.44204190994828568
  0.44866221046092236  0.45582993133899607  0.46275250038593874  0.46987151085893197
  0.47715574687256818  0.48427819625579377  0.49150299215199605  0.49853315195198450
  0.50561304029482446  0.51299565264993385  0.52049999225102306  0.52800685551855353
  0.53546044967023276  0.54322817915720367  0.55067228697639237  0.55762483725533418
  0.56444220231583020  0.57162170495337095  0.57914011520907382  0.58650200822500076
  0.59343926396276059  0.60054704073187726  0.60792346917433793  0.61549489434759819
  0.62318061213108111  0.63084741961822177  0.63823883067385245  0.64541606767471915
  0.65244266916613625  0.66014406051892172  0.66800300417235559  0.67580281166350797
  0.68308954494490448  0.69056100465223291  0.69905139047446363  0.70794626807037531
  0.71625857082610977  0.72425357664398782  0.73183700925720407  0.73945702360432153
  0.74714290777040704  0.75534368878738500  0.76376703016785474  0.77262769386310370
  0.78192567876063923  0.79153525978769945  0.80074458276095728  0.80956511544772491
  0.81889425843530939  0.82915786445007467  0.83868295049233299  0.84730588869898782
  0.85590509690470740  0.86435349403308648  0.87315202247986456  0.88250959444127097
  0.89177219415572728  0.90077473617036097  0.91019513797819918  0.92027248529312988
  0.93038761614302989  0.93984953645117086  0.94892541716537593  0.95815646400137711
  0.96782469392560011  0.97777867377444472  0.98804939935967417  1.00000000000000000
 -0.00222137987977454  0.01011122458261699  0.02116128318440464  0.03327127772018152
  0.04490318203189182  0.05541728267516952  0.06624569161153178  0.07827316984594286
  0.09046918720727756  0.10093607612530127  0.11112032835824678  0.12090402396482418
  0.13075907719516064  0.14023223692787279  0.15088295014670389  0.16239688163799038
  0.17390267848351512  0.18494333221210879  0.19645396059220935  0.20872187849344373
  0.22130508604454002  0.23350760917094734  0.24536618522716427  0.25718555457442749
  0.26934020424986743  0.28215812374597993  0.29464902670799931  0.30548487059615131
  0.31730849423876395  0.32817632313134670  0.33959517947090540  0.35094854257443348
  0.36327225743023361  0.37595159990008248  0.38900632442079663  0.40012472387343662
  0.40976403001000933  0.41892852920762014  0.42762949389168475  0.43793350018280630
  0.44796705250725793  0.45654593098960788  0.46400594069649503  0.47213424022243744
  0.48147356560757193  0.49266448254946371  0.50565523224559206  0.51862818522754173
  0.53030603198648774  0.54092647345660427  0.54974092097411298  0.55815585867707163
  0.56648082374537756  0.57580270883169493  0.58588909091396202  0.59732680114708858
  0.60876814100905086  0.61938737203335092  0.62893038596442996  0.63809373951315707
  0.64864636302212453  0.66052810542965168  0.67282748118335312  0.68435977014036387
  0.69405907262537325  0.70298163241803535  0.71150035896310182  0.72199765295801288
  0.73493648346586116  0.74677396220208958  0.75734422371234189  0.76757453258013320
  0.77796022847803115  0.78999040978428925  0.80208345015663718  0.81256862938615870
  0.82094557920446587  0.83046968072251992  0.84052539225370271  0.85141258129137820
  0.86133282102141340  0.87018307628922209  0.87914945360748142  0.88886316276115451
  0.89866964881263178  0.90806977891826557  0.91799019396773740  0.92836533400884425
  0.93903593187825130  0.94931198183135546  0.96033086095586240  0.96936650015371617
  0.97733254680758064  0.98574483147923542  0.99313068424283990  1.00000000000000000
 -0.00331944281693552  0.01302563219435997  0.02695898806327894  0.04123792267318183
  0.05485866207924158  0.06715125732982311  0.07747778408532376  0.08503713301470350
  0.09300730669600300  0.10092346983161854  0.11169553868524362  0.12501788305556005
  0.13862079289471047  0.15179284493967926  0.16292769671361459  0.17316660242531082
  0.18326896269901702  0.19439154476427595  0.20576061598349848  0.21828333075062528
  0.23120449103117582  0.24370339465351598  0.25640498553282753  0.26981918195255944
  0.28327587980286179  0.29618368655487742  0.30893370373130702  0.32184445000190048
  0.33449690078468186  0.34608064328970145  0.35624459688360560  0.36580107427471797
  0.37564478137093449  0.38532477783274272  0.39588715058569690  0.40624320429532274
  0.41639535185153398  0.42564877658586314  0.43381143478875767  0.44274711016566415
  0.45193682798165519  0.46287568912795723  0.47474029812069690  0.48597119259814286
  0.49758569969865668  0.50963714519483849  0.52135621793620701  0.53271973588107313
  0.54386911276010286  0.55459891429748620  0.56507553673142474  0.57584781653440109
  0.58717862584784419  0.59701018783119197  0.60628223084900101  0.61589762541292736
  0.62650811664585315  0.63866456360484203  0.65021809606116643  0.66188931392666339
  0.67298543182050063  0.68340662699458854  0.69344874016622693  0.70347619761989344
  0.71419737010292972  0.72459364264619708  0.73333876839855983  0.74198218441083852
  0.75034411989096761  0.75948534714835725  0.76805761241932347  0.77720266363238721
  0.78747489957952077  0.79877980446084895  0.81053934705242903  0.82173485501325871
  0.83180154708363219  0.84194333056873383  0.85218854308337266  0.86207950733197836
  0.87199057448977813  0.88131887816498578  0.89041032442053092  0.89925642006912954
  0.90827974673292544  0.91796316987298243  0.92733160221478073  0.93631343447751803
  0.94459302465131512  0.95206119783767751  0.95913144845398768  0.96638577476634702
  0.97472689061523787  0.98318144747939340  0.99120466130782536  1.00000000000000000
 -0.00266533817233747  0.01179611357465638  0.02013886595327900  0.02901607279942114
  0.03697825850940265  0.04728284880452137  0.05831485664955461  0.06919871680998550
  0.07983525744912093  0.08898637502930505  0.09751322414284382  0.10706752835725569
  0.11717177066305783  0.12681360758101476  0.13595278739295658  0.14442940427187517
  0.15304861881713738  0.16242977336290007  0.17333547480270992  0.18523341796706416
  0.19757954573903308  0.20963702260459438  0.22140912059638154  0.23366936625234860
  0.24572622882687842  0.25784549059824963  0.27013130547312186  0.28307996026409332
  0.29533928517477592  0.30596128582751686  0.31625608281569706  0.32633844414213237
  0.33682024809435940  0.34722628367783454  0.35755678250831063  0.36963056321825793
  0.38046444440658078  0.39255519062334804  0.40462173012793923  0.41556161436635414
  0.42592821017467070  0.43612351816863287  0.44707108205706997  0.45766193555646734
  0.46740504095277974  0.47675011153086710  0.48658013951027912  0.49716964559466986
  0.50766799973222654  0.51759169655495763  0.52710219067409858  0.53695823130469722
  0.54743797409478012  0.55745961937533628  0.56829917701554578  0.57865870032392897
  0.58936612515286724  0.60058973666421667  0.61259955858840620  0.62525030040031504
  0.63788680840564105  0.64993225729084703  0.66145633631179512  0.67266512393607825
  0.68400385753695403  0.69546598307087693  0.70541020418134903  0.71465541913211483
  0.72373946731574956  0.73366147661903491  0.74485212102374176  0.75568138769791571
  0.76595669954173695  0.77617965096377295  0.78723523588576949  0.79873437147643178
  0.80959204370523963  0.82012821200012853  0.83124282381419357  0.84166624941203982
  0.85014152962739453  0.85841997146902804  0.86631328887201853  0.87539631722346134
  0.88729960321281776  0.89790161339964192  0.90760286742945762  0.91641955178789380
  0.92585743844383006  0.93545547603466395  0.94739552129509508  0.95756848029901787
  0.96733352935347949  0.97766523508062586  0.98876962135568636  1.00000000000000000
 -0.00171607330656942  0.00576254682398491  0.01281118985676231  0.02008539900421475
  0.02735533410113744  0.03424052920201669  0.04074849484724649  0.04710109716140067
  0.05315341072685919  0.05886964587085689  0.06507847980223859  0.07131601005885445
  0.07841387447021061  0.08610298442428817  0.09360436496748545  0.10068845234225081
  0.10799491701719723  0.11325812771268952  0.11901077585355697  0.12466432904672797
  0.13035395458307017  0.13619425294583465  0.14375963429855146  0.15230562979126763
  0.16003036578753996  0.16594979107528154  0.17220011109121855  0.17910406606438276
  0.18586097658471293  0.19253637209891580  0.19894159790174443  0.20563421507396071
  0.21315316255642566  0.22158928442729398  0.23109415319417601  0.24078630248334781
  0.25024600159397953  0.25903972826292193  0.26801282969645190  0.27659812697184061
  0.28516939632683036  0.29471902136035250  0.30425700984855519  0.31502532123447158
  0.32467908545960272  0.33457808160256752  0.34368175925247335  0.35160274012501058
  0.36203765873931126  0.37308321782776582  0.38495619159484168  0.39714895508084075
  0.40916433757673376  0.42110300515738963  0.43309617722644833  0.44496092798873188
  0.45624743693288083  0.46709990271303026  0.47809909493215297  0.48986138923193040
  0.50253318488281962  0.51508613893243294  0.52595231065382830  0.53616922302345027
  0.54596968978337712  0.55623985538334597  0.56724519464287160  0.57839102988957036
  0.59042788428595139  0.60133910838241023  0.61410553190339179  0.62749031681620460
  0.64042414286514959  0.65374728580842500  0.66843249485127809  0.68633323692316273
  0.70338597853496487  0.71905252385623664  0.73439239037606618  0.74889553986812074
  0.76072192333062960  0.77322456295373254  0.78798161315332149  0.80468725915108053
  0.82222152607918209  0.83981720167147811  0.85649457565026565  0.87189945592459062
  0.88724482577814812  0.90290975710659671  0.91885932294240025  0.93536318735176915
  0.95150701790978387  0.96808484877956336  0.98396647852239316  1.00000000000000000
 -0.00195961297435412  0.00795005059132015  0.01769332932994697  0.02774140982792278
  0.03853045362950730  0.04951444241943060  0.06029303766909099  0.07100884882903814
  0.08180732634260271  0.09238454898929796  0.10318762775485874  0.11470576678936149
  0.12638531178275003  0.13768974272007178  0.14889304909267784  0.16046527956729956
  0.17331074374030031  0.18647598410281574  0.19880484023627573  0.20995579070840592
  0.22057743140286920  0.23131264542451346  0.24136424866466036  0.25018604903401642
  0.25846796829765484  0.26569098154533177  0.27502564495919019  0.28459788247849510
  0.29574963459819764  0.30797303854272501  0.31924651839136309  0.32839476838198972
  0.33738497433363751  0.34690437067368313  0.35734056810652731  0.36959105468225734
  0.38217647854981379  0.39389604612267554  0.40505582725757572  0.41620187791775498
  0.42720900773347320  0.43954559563155565  0.45150542385198650  0.46316795655369947
  0.47241025331372827  0.48226829160571844  0.49229068155566419  0.50399036957396515
  0.51547846799475827  0.52705574112181008  0.53399856492169651  0.54150176579283205
  0.54873004220698440  0.55606579441982884  0.56534750891903807  0.57581546689152274
  0.58624688414463011  0.59639786165056563  0.60703527186972051  0.61716258487200559
  0.62741373073716933  0.63826486978357300  0.65018171674881831  0.66207403171323131
  0.67439639232742210  0.68694434984240982  0.69882191491299628  0.70936075076006888
  0.71847947156118674  0.72695723300655291  0.73585857383618070  0.74580768486544502
  0.75482108125018987  0.76464195216359643  0.77469630164113978  0.78467497999818592
  0.79494544701479641  0.80484396049674611  0.81610569975442659  0.82658452758063528
  0.83655288771658232  0.84616846730866757  0.85622510845489341  0.86797493644664758
  0.88027583606938764  0.89229084973382522  0.90315933617411226  0.91294556982844577
  0.92300835251220348  0.93414855427073984  0.94621793998392212  0.95810312868787451
  0.96866831416007404  0.97869664515333876  0.98949454375618973  1.00000000000000000
   2.7389758101939020E-008  -1.0000000000000000     
 T T T T T T T T T T T T T T T T T T T T T T T T T T T T T T T T T T T T F F F F F F F F F F F F F F F F F F F F F F F F F F F F F F F F F F F F F F F F F F F F F F F F F F F F F F F F F F F F F F F F F F F F F F F F T T T T T T T T T T T T T T T T T T T T T T T T T T T T T T T T T T T T F F F F F F F F F F F F F F F F F F F F F F F F F F F F F F F F F F F F F F F F F F F F F F F F F F F F F F F F F F F F F F F F F F F F F F F F F F F F F F F F F F F F F F F F F F F F F F F F F F F F F F F F F F F F F F F F F F F F F F F F F F F F F F F F F F F F F F F F F F F F F F F F
  <DiscreteSampler_grid>
  grouped_processes
  1 # 1 for a reference and 2 for a running grid.
  10 # Attribute 'min_bin_probing_points' of the grid.
  1 # Attribute 'grid_mode' of the grid. 1=='default',2=='initialization'
  0.0000000000000000 # Attribute 'small_contrib_threshold' of the grid.
  0.5000000000000000 # Attribute 'damping_power' of the grid.
 # binID   n_entries weight   weight_sqr   abs_weight
    10   10   4.321257484238365E+001   1.142381658847348E+004   4.321257484238365E+001
  </DiscreteSampler_grid>
