 -0.00493555332711971 -0.00146126701605179  0.00689811005520776  0.02222016030782917
  0.03730484108352082  0.05236281446697777  0.06765568725009773  0.08180124112104444
  0.09483913319169951  0.10827381975057759  0.12173087804692770  0.13518427132843189
  0.14894676542404578  0.16310143046077050  0.17779513066732350  0.19240423705077628
  0.20692391318553396  0.22128561147201598  0.23558831046633322  0.24985517674466756
  0.26404176499120247  0.27827964863356469  0.29255462493573475  0.30677652345104978
  0.32100244507138032  0.33523413124298795  0.34955676247480627  0.36392032379780564
  0.37833868030878881  0.39323913814527839  0.40824799165311715  0.42323462795760708
  0.43809092737836197  0.45295423768279275  0.46804636196831972  0.48309658326151211
  0.49811928595303556  0.51308995044307937  0.52818026073982161  0.54342383338972322
  0.55889695192930311  0.57442674072743760  0.58999140959696506  0.60552843886844665
  0.62105260584606770  0.63665033649704272  0.65230801432834529  0.66803486402884837
  0.68355111002200075  0.69890250765270923  0.71399324815870213  0.72907089384670665
  0.74412029602190966  0.75909548931344129  0.77376459464850944  0.78835468502168726
  0.80315176902738294  0.81800400124261108  0.83294267395816257  0.84815142701320745
  0.86326619254392267  0.87827896713812437  0.89296542692183600  0.90834235429405696
  0.92421669471695767  0.94104611620797718  0.95875598597862366  0.97789605981110816
  0.98079886453897769  0.98124343067161746  0.98137048392059922  0.98193586740732619
  0.98268876879501221  0.98344642780534774  0.98420179679465913  0.98495287456884162
  0.98570623357166942  0.98644279991147021  0.98719409407294445  0.98795510329123726
  0.98871906115188357  0.98945993242861685  0.99020609944939864  0.99094698098360900
  0.99170196995004878  0.99245554844991390  0.99321033328643271  0.99395833711542569
  0.99470451372954738  0.99546030864245061  0.99621213585176116  0.99696599491159321
  0.99772693702570636  0.99849387704805004  0.99924640515748897  1.00000000000000000
 -0.00220486941323014  0.00891731104683295  0.01801312592442674  0.02742154309631475
  0.03628450678944590  0.04499049534706835  0.05394370706938098  0.06622537863528510
  0.08293527096404263  0.09363450744818830  0.10236122314179899  0.11081949248902372
  0.11931097630187337  0.12809482207199316  0.13639554842468773  0.14534716742561390
  0.15877830240873822  0.17775770090447240  0.19764116560149367  0.21335727027606011
  0.22468780594223006  0.23440961800143917  0.24192165716652855  0.24953708904244271
  0.25687405333776153  0.26437894071795204  0.27209566338584401  0.27945238766032365
  0.28684291711554594  0.29434799767215580  0.30227740485715282  0.30969568435051087
  0.31839459452768298  0.32901487795762591  0.33999969473602604  0.35072837448655947
  0.36055052963819623  0.36998814054141782  0.37953144377988968  0.38957197119189368
  0.40090365513091458  0.41518680510427336  0.43128420263870537  0.44680258135669360
  0.46086806040227540  0.46799541204625633  0.47842343325890047  0.48799706714402097
  0.49758973911412746  0.50618751819700336  0.51475405883789171  0.52433014458584359
  0.53576584596236909  0.54650325349211626  0.55584987033015765  0.56676481147697699
  0.58269864534826554  0.59900208027503332  0.61042845735213302  0.61975346000171372
  0.62908310443920235  0.63855645602638467  0.64774010715890462  0.65679792849664687
  0.66659718469220630  0.67738220834942664  0.68743346844164877  0.69703730894139171
  0.70664763588301316  0.71772586983613706  0.72927431320154934  0.74029000845725479
  0.75166320649857177  0.76557629546533046  0.78084152688754604  0.79652855805313882
  0.81234185491121580  0.82735657932124262  0.83924409452954973  0.84652880022014909
  0.85505735542040773  0.86408700016704387  0.87316643747635891  0.88152849708066494
  0.88910413372545904  0.89733606149789158  0.90695424129251612  0.91719870246846547
  0.92632943685897662  0.93688481754986130  0.94977419175605626  0.96344492917553637
  0.97326608241882495  0.98300684269272498  0.99177240103506636  1.00000000000000000
   1.1489075085566882E-005  -1.0000000000000000     
 T T T T F F F F F F F F T T T T F F F F F F F F F F F F F F F F
  <DiscreteSampler_grid>
  grouped_processes
  1 # 1 for a reference and 2 for a running grid.
  10 # Attribute 'min_bin_probing_points' of the grid.
  1 # Attribute 'grid_mode' of the grid. 1=='default',2=='initialization'
  0.0000000000000000 # Attribute 'small_contrib_threshold' of the grid.
  0.5000000000000000 # Attribute 'damping_power' of the grid.
 # binID   n_entries weight   weight_sqr   abs_weight
    10   10   1.954301756515653E+007   3.819301238417811E+014   1.954301756515653E+007
  </DiscreteSampler_grid>
