 -0.00478278204443518  0.01229451259112981  0.02683636970630322  0.04144016704494444
  0.05602245299563482  0.07008846388854136  0.08040111904286185  0.09107910891534579
  0.10196661101790711  0.11284163713095492  0.12345032053308211  0.13488635963804060
  0.14791190209405397  0.16125243953261689  0.17462991966697686  0.18796589290010879
  0.20128738706993451  0.21460381793845965  0.22792055773440115  0.24123875799071967
  0.25455869961736510  0.26789364842449026  0.28122384638825304  0.29454913012310430
  0.30788409459121463  0.32122810598227075  0.33458637162656529  0.34803278865194942
  0.36149810809440630  0.37495736054392170  0.38841264228347577  0.40186787857014861
  0.41533423456970325  0.42880266862544036  0.44227280549340370  0.45575680001239866
  0.46925202807718908  0.48276094491354543  0.49626923430531522  0.50977413889815648
  0.52327239396940484  0.53677118139029323  0.55027432109287688  0.56379311838512058
  0.57733441828561705  0.59089315881155147  0.60450166261068194  0.61811207010936253
  0.63172403500877694  0.64536383033566680  0.65900807633242953  0.67265771026762478
  0.68637024903507771  0.70008384330084794  0.71378655382588208  0.72750752101780070
  0.74124115679658398  0.75499853855919929  0.76873827601432121  0.78246959506763702
  0.79619457540675675  0.80996469645350522  0.82376594695112559  0.83759954120890934
  0.85142332808403187  0.86523785981416246  0.87924437182670145  0.89326018896746040
  0.90727998627127848  0.92125904835660921  0.93540133583327700  0.94992828889826686
  0.96483947030539619  0.97945234923225966  0.99253938010886389  0.99367842408960483
  0.99371340721701362  0.99384545392201495  0.99418843938231116  0.99452998953812100
  0.99487176818144851  0.99521361472553460  0.99555468381367906  0.99589604986001046
  0.99623734486531745  0.99657861636614242  0.99691991941596991  0.99726101976985471
  0.99760300621320297  0.99794537445275333  0.99828798821838061  0.99863059460751591
  0.99897354583542719  0.99931596651172971  0.99965808224032215  1.00000000000000000
 -0.00315409419866859  0.01091900473465773  0.02198808802355359  0.03228397118353751
  0.04240021315011117  0.05213101288991080  0.06191460228850441  0.07189159969543167
  0.08169973155544413  0.09102202697723885  0.10022743127010184  0.10987480154663519
  0.12003545835861483  0.12997552052912886  0.13975476214265917  0.15074015951318714
  0.16277395499447331  0.17369130238982569  0.18375425514684671  0.19409149285712510
  0.20420758778242246  0.21360144079451579  0.22252707316374459  0.23180321694247560
  0.24158901504092709  0.25172788045886407  0.26222830747215520  0.27292015833526179
  0.28374138811841670  0.29476537845335066  0.30578768824363817  0.31651464435212556
  0.32792944237947469  0.33855979639068712  0.34847030673342655  0.35853744557374123
  0.36921844037097457  0.37972240655658607  0.38951688393119549  0.39940084754651878
  0.41004897676234375  0.42070022126366025  0.43101809405264696  0.44138831354839209
  0.45159541603370351  0.46210691814396865  0.47307669472930297  0.48400818429862080
  0.49453120975844178  0.50483533774499356  0.51492540847527879  0.52525966194925544
  0.53581373813298727  0.54642227129521947  0.55690363911996699  0.56780643497501515
  0.57929894022520634  0.59069114518889876  0.60218075245052050  0.61359814333221119
  0.62546876911832550  0.63717112632777728  0.64983475094308207  0.66176615247516601
  0.67478716569685548  0.68764962179162270  0.69954214742556808  0.71098833428552832
  0.72199518306423394  0.73271048733240818  0.74306748812835188  0.75258801395480479
  0.76157628705981728  0.77086846662202035  0.78020328363866209  0.78975461379620870
  0.79968727041180054  0.80955342926767226  0.82061060403477781  0.83241707517994268
  0.84452101972333560  0.85602591999329680  0.86652830447123874  0.87681316869810977
  0.88713200532017222  0.89726475828569219  0.90684310132967960  0.91637411632148358
  0.92627820007021910  0.93636902760751983  0.94646528651952100  0.95646355244576309
  0.96720772512463826  0.97879322587668716  0.98935333244736068  1.00000000000000000
   3.3349336389252013E-007  -1.0000000000000000     
 T T T T F F F F F F F F T T T T F F F F F F F F F F F F F F F F
  <DiscreteSampler_grid>
  grouped_processes
  1 # 1 for a reference and 2 for a running grid.
  10 # Attribute 'min_bin_probing_points' of the grid.
  1 # Attribute 'grid_mode' of the grid. 1=='default',2=='initialization'
  0.0000000000000000 # Attribute 'small_contrib_threshold' of the grid.
  0.5000000000000000 # Attribute 'damping_power' of the grid.
 # binID   n_entries weight   weight_sqr   abs_weight
    10   10   8.875749941592362E+006   7.877894145540822E+013   8.875749941592362E+006
  </DiscreteSampler_grid>
