 -0.00520455526775571  0.00309050331985256  0.01408307286902252  0.03005032720767851
  0.04640287162728990  0.06252162800416861  0.07519501034725823  0.08741711278799501
  0.09933640236153232  0.11135131547866384  0.12319477785954172  0.13549513635268548
  0.14908157880874845  0.16278666509300813  0.17651367288167921  0.19021016534278587
  0.20391085592216171  0.21761170976590685  0.23130510606800816  0.24496376126594521
  0.25860026653143059  0.27220944401019331  0.28599982627122128  0.29990187472763147
  0.31380525351672584  0.32775669184525119  0.34172776477103406  0.35548541230493086
  0.36930516828302395  0.38317412657313721  0.39700561787416055  0.41095990924146780
  0.42502190234463932  0.43908816323819577  0.45318979007840188  0.46732687008691987
  0.48145931583468848  0.49556939159983993  0.50965525663798150  0.52359059434063704
  0.53748594718919906  0.55133614448574253  0.56514645165741384  0.57898877297854656
  0.59288738772632366  0.60661457690528053  0.62024836694209151  0.63375764799302825
  0.64738599356183957  0.66103738450390670  0.67468709451915854  0.68821015289627829
  0.70168395480913803  0.71511014823912933  0.72858625823317213  0.74208918050464689
  0.75562731141694617  0.76919726635987995  0.78274687124449693  0.79616300910508175
  0.80968917451694022  0.82325477959908189  0.83669065055426439  0.85018100547242981
  0.86371599770982377  0.87734899290206847  0.89110747973993110  0.90497101469590591
  0.91877895924098441  0.93250403389962766  0.94612279443613345  0.95866164291362066
  0.97149728352603315  0.98502468753161188  0.99230786047544195  0.99368064827714697
  0.99372272360720637  0.99391408165311901  0.99425292659506426  0.99459242380767965
  0.99493334954607682  0.99526948091493583  0.99560571220045879  0.99594433075066902
  0.99628258738765774  0.99662024200532795  0.99695557185916728  0.99729142284715688
  0.99762779241261912  0.99796524457309066  0.99830632546619602  0.99864571130277557
  0.99898609523846116  0.99932500132812752  0.99966180636332636  1.00000000000000000
 -0.00158342840803678  0.00721912569594367  0.01498478937103398  0.02330840196503532
  0.03203531639091953  0.04044312012941183  0.04862855643954538  0.05703604343915322
  0.06604785459132663  0.07505857457898242  0.08325109284325206  0.09052955798223208
  0.09784424254585368  0.10589364986301664  0.11484208705168157  0.12386997598076198
  0.13287645120754088  0.14167586247045569  0.15083448249705181  0.16076204327590041
  0.17065071323312078  0.18107403295628952  0.19524837005371753  0.21411374302641026
  0.23707838891176847  0.25081108793645779  0.26238304797537881  0.27231416749884652
  0.28190225798909685  0.29086495329051432  0.29903570802235463  0.30706135966436804
  0.31494355808500024  0.32276872023520936  0.33081401074000383  0.33897208576250831
  0.34717458269648438  0.35619191216170276  0.36695967143902586  0.37753277877233066
  0.38776796653672191  0.39808947370796099  0.40849510041296738  0.41846461061455947
  0.42753872302113832  0.43685603394476774  0.44725551873139702  0.45807768181992942
  0.46874780522220899  0.48017587331616618  0.49508496734828539  0.50930411957805377
  0.51876987959886500  0.52940572493651050  0.53937540515088755  0.54893424255393874
  0.55900340770629975  0.57381748195282112  0.58762266932444240  0.59915715051175833
  0.60951209211660506  0.62036138640598659  0.63056677900665248  0.64025433204156146
  0.65040232678023469  0.66135859014585208  0.67249531166716414  0.68265050388933213
  0.69849163929510094  0.71293890283840233  0.72387463875496638  0.73344552649844963
  0.74279880458755176  0.75160527616003436  0.75994094736790097  0.76890845252404050
  0.77855212741153856  0.78859526663051716  0.79866947643532049  0.80866953607075343
  0.81834628999094494  0.82815420676309204  0.83790459017916674  0.84820648310908253
  0.85881481506462731  0.86938901661993873  0.88035101515596459  0.89084595883144624
  0.90181598352883230  0.91236245495184409  0.92338731760654735  0.93215981579683282
  0.94684098552944529  0.96440355650351217  0.98222704868110278  1.00000000000000000
   3.8944621546281125E-006  -1.0000000000000000     
 T T T T F F F F F F F F T T T T F F F F F F F F F F F F F F F F
  <DiscreteSampler_grid>
  grouped_processes
  1 # 1 for a reference and 2 for a running grid.
  10 # Attribute 'min_bin_probing_points' of the grid.
  1 # Attribute 'grid_mode' of the grid. 1=='default',2=='initialization'
  0.0000000000000000 # Attribute 'small_contrib_threshold' of the grid.
  0.5000000000000000 # Attribute 'damping_power' of the grid.
 # binID   n_entries weight   weight_sqr   abs_weight
    10   10   3.771627479152048E+007   1.422517391873395E+015   3.771627479152048E+007
  </DiscreteSampler_grid>
