  0.02855057482433518  0.03542768486806931  0.04203248657722390  0.05018496587637468
  0.05960209740600092  0.07034413246705362  0.08073851390162573  0.09025677412218175
  0.09718175695419769  0.10475149445162765  0.11238999221848193  0.11962880003432376
  0.12716150661401340  0.13661270263081229  0.14604575417897425  0.15588571555860339
  0.16677382048601053  0.17800843324166651  0.18896543849568967  0.20001847637748579
  0.20907478598325205  0.21728096092661991  0.22575785957950911  0.23368575936273137
  0.24229784826244044  0.25211205207609338  0.26186849346491647  0.27209090551209442
  0.28312487763489852  0.29248404163675445  0.30050179352784501  0.30880321274199396
  0.31727274411952222  0.32683202016314405  0.33641134156136271  0.34519935220517800
  0.35474669401851044  0.36497716510228223  0.37500357145272883  0.38469775294258862
  0.39439150434290676  0.40508992222482676  0.41630082282876635  0.42676048242765818
  0.43681135567400609  0.44736696540507537  0.45832762446955982  0.46953656166841629
  0.48094404718489181  0.49239731240836671  0.50366403448649799  0.51481470907894356
  0.52584746097317681  0.53619259135551212  0.54634424487195155  0.55684949113872040
  0.56861472238565192  0.58099120461113729  0.59223955578286103  0.60152507125636978
  0.61056522031286398  0.61951898650617210  0.63078075554172286  0.64274841985236242
  0.65433700825540519  0.66501939736586768  0.67565765284381885  0.68645751897740770
  0.69676618662722323  0.70604138340452238  0.71507577023142865  0.72447120066509207
  0.73494083048129788  0.74594284844763359  0.75677258230731426  0.76809582703003076
  0.78001540489884458  0.79145328268449677  0.80251064875298106  0.81356092988861806
  0.82462710341182066  0.83551793298142274  0.84633377492111861  0.85746672739449736
  0.86813889883352258  0.87840049602050574  0.88746191039003941  0.89670055723656750
  0.90658709620832034  0.91782328652569101  0.92899966264444322  0.94034450681614690
  0.95178953298763536  0.96368781371568735  0.97094828813997658  1.00000000000000000
  0.05423280222986663  0.08306105983563883  0.09614942156327225  0.10602367691404993
  0.11452962177906360  0.12158779763195640  0.12817891403260628  0.13377994184008124
  0.13866703320301235  0.14294064717459584  0.14689594039432013  0.15054506935064463
  0.15380241099200692  0.15679936803870373  0.15957992854489245  0.16233412765507221
  0.16510137249812959  0.16769390190078232  0.16999419607753730  0.17216168412115326
  0.17419881528608494  0.17608202994467329  0.17794085636224372  0.17978384765402175
  0.18140900853135464  0.18290409102146479  0.18442749852161186  0.18590715273937625
  0.18730558238109932  0.18870772201692823  0.19004018003227452  0.19132812685548031
  0.19250036567691867  0.19362963768583610  0.19462812789500386  0.19555721707209386
  0.19645277874656422  0.19730392142947747  0.19811512688158453  0.19894951684784945
  0.19982603718539499  0.20069662549137371  0.20152395117856683  0.20234299388684329
  0.20316759939232046  0.20394876535959422  0.20468634886205395  0.20537604426156997
  0.20604964527496711  0.20669413916992671  0.20732527504101436  0.20793011531916042
  0.20850417125059739  0.20905931441620598  0.20960780852533226  0.21014191523091613
  0.21065619614464243  0.21115861787815934  0.21162149155294302  0.21206767957181960
  0.21249086563547404  0.21288260617297544  0.21325098342168958  0.21361344970753041
  0.21397797377979216  0.21433890593678348  0.21469857198156861  0.21504794955430237
  0.21539039115139241  0.21572398704551318  0.21604682977456982  0.21635964808673738
  0.21666215251424922  0.21694232309079825  0.21721733134999921  0.21749767446487056
  0.21778549214299103  0.21807894805882760  0.21838969233510575  0.21879164846284679
  0.23155712271112325  0.25928407936505571  0.26053216646702154  0.26155117174155113
  0.26251817310948106  0.26353048181004246  0.26472435886108620  0.26632212900367086
  0.26789772732044909  0.26920955544707792  0.27018950962484561  0.27124337602482129
  0.27265935659600593  0.27423403657189127  0.27797098332889303  1.00000000000000000
 -0.00215919661770450  0.00800463347212687  0.02372191372901759  0.04271276728061473
  0.06169100677037874  0.08035205399237438  0.09885553748736516  0.11710572260921680
  0.13559226044828879  0.15418229571663142  0.17250051598384042  0.19103989980097938
  0.20978935630135825  0.22901179520920850  0.24811670822488985  0.26694350972676606
  0.28411752228095438  0.30101801907388437  0.31815179771519064  0.33567684078737531
  0.35339142260057482  0.37128108480768296  0.38946644464265939  0.40810299043620096
  0.42766931952347648  0.44870513803367040  0.46117261981925695  0.46933227141124811
  0.47235298668367925  0.47891719967863117  0.48603498285316282  0.49311666296938966
  0.50024934782342501  0.50727149830075247  0.51442189256063697  0.52166073341147301
  0.52848311186537056  0.53510120317547283  0.54183949736279979  0.54885776895624550
  0.55678713635187926  0.56416806329441538  0.57149593881857030  0.57897187692418983
  0.58578669681741624  0.59243433571187809  0.59925092998401930  0.60663485188650734
  0.61461813808983234  0.62205746266974138  0.62908583333391099  0.63632399498949388
  0.64383477448436255  0.65091506547094047  0.65861565893768703  0.66712695223899288
  0.67579985491058781  0.68397725006268661  0.69174497520903500  0.69945767095747158
  0.70785005878721563  0.71599373112990994  0.72314304115012407  0.73024438687947457
  0.73796188712026856  0.74626124451225839  0.75429941404281131  0.76203028289912045
  0.76978653943155728  0.77722443260109608  0.78449493290798278  0.79190675826173618
  0.79979653313389654  0.80735062251782863  0.81508570819629944  0.82353963975256306
  0.83245674904231581  0.84091691476284736  0.84915085361961562  0.85778855143699118
  0.86649898999809805  0.87531151469624580  0.88461553015683669  0.89380449910614257
  0.90250604860474637  0.91083583905386378  0.91967753999177881  0.92881478313310728
  0.93848478283860925  0.94705832772442788  0.95507961855036483  0.96333606597696841
  0.97218343199384483  0.98187099452554227  0.99120590595194136  1.00000000000000000
 -0.00300331184895712  0.01107701018554552  0.02240359380711178  0.03197809106095224
  0.04118137963990618  0.04996723236852414  0.06034622636635049  0.07215920374104723
  0.08350220512377501  0.09388603891707990  0.10382460839527501  0.11437602275573117
  0.12502164130396715  0.13618508663138568  0.14761493298590689  0.15897808383616888
  0.16968664080173010  0.17981850336878022  0.19004847938945893  0.20082089136425782
  0.21190602883400386  0.22310365581068187  0.23425336249343826  0.24602505053879647
  0.25760815785562874  0.26871352340412979  0.27936745019641518  0.29002072568002274
  0.30123986893074939  0.31267130003882626  0.32452740890366705  0.33594355618341393
  0.34671796813845529  0.35689064577097329  0.36724530178772713  0.37777257063319974
  0.38912453889671100  0.40085160284461219  0.41246862765518721  0.42437321708933745
  0.43649670677369345  0.44779642155258781  0.45775608935831469  0.46714405514598478
  0.47649602862391144  0.48537522061988453  0.49283638325858642  0.50046748395921004
  0.50794870765911593  0.51584154493427747  0.52517099334450690  0.53489657964098436
  0.54627755413077672  0.55746621148951481  0.56749922566852440  0.57776612263701710
  0.58768325828410317  0.59680772540168059  0.60642699429882585  0.61655097881934273
  0.62804114754390616  0.63916490274114157  0.64959876438168496  0.65936624460621196
  0.66869034713747566  0.67856954032670136  0.68862111453815378  0.69904903981098643
  0.70913726842634484  0.71860283915074552  0.72829183885602733  0.73867217740581770
  0.74971413171713985  0.76087092557696212  0.77165628817642251  0.78193760406019353
  0.79230568614293462  0.80326695714001883  0.81425606542381845  0.82457211888189952
  0.83446141778209026  0.84448860029609252  0.85559733102745938  0.86697838818272932
  0.87805231451646060  0.88915701729324814  0.90089364072872868  0.91302528180967046
  0.92448400408173048  0.93492388573712448  0.94514701843913651  0.95610832182205829
  0.96818923219507103  0.98021663207401399  0.99061516791990334  1.00000000000000000
 -0.00384603442484668  0.01244956995101772  0.02610810422047496  0.03894157821267667
  0.05085623158464302  0.06143617486135837  0.07124192733724745  0.08074225677015957
  0.09107156856728896  0.10200927899195225  0.11419854446543506  0.12711868664893272
  0.13989758270386746  0.15199429442765122  0.16406879724098195  0.17508536445593970
  0.18508711741691275  0.19483953324894293  0.20490853241458526  0.21605706976126909
  0.22786330952242342  0.23957280075819623  0.25222480046093543  0.26313906579962049
  0.27448608453291024  0.28437752644125591  0.29427256468268337  0.30376063028940270
  0.31378203670440780  0.32536312551433128  0.33572700285231549  0.34525030069538210
  0.35458625393019955  0.36371819154756491  0.37498068607792295  0.38889273681115361
  0.40195940463459007  0.41421988532524007  0.42654268986920141  0.43932283382476106
  0.45169915838847663  0.46400330120306377  0.47640071302653875  0.48835680730874209
  0.50116299998402192  0.51497668116290096  0.52791992441872815  0.53960936198737219
  0.54922998501138443  0.55815756146530038  0.56686539165616490  0.57599443783269111
  0.58620811070997936  0.59482951074558721  0.60319684738624513  0.61085866390828780
  0.61948453679792270  0.62965042038171815  0.64010531875889121  0.64993097495545837
  0.65959630634608246  0.66873122208248859  0.67753980857703366  0.68661142657535512
  0.69614567598873422  0.70734575989644888  0.71868359472708310  0.73029994083872640
  0.74176754662693467  0.75373095635241083  0.76479835201513058  0.77562868745548585
  0.78542762682690148  0.79637801928490748  0.80711174066742808  0.81789263113001887
  0.82854943288188010  0.83890191644637813  0.84884594208538644  0.85818705017101060
  0.86698415997137424  0.87750823878248152  0.88864903483211277  0.89970773936920989
  0.90971863334331682  0.91864549684644925  0.92687102161575763  0.93419992066546120
  0.94121085552922623  0.94839447209155148  0.95568986663959943  0.96347339362857243
  0.97379881537004187  0.98278376049243921  0.99123954108840973  1.00000000000000000
 -0.00319376408820956  0.01124171827505836  0.02395518149372439  0.03734390143116919
  0.05067291789975351  0.06151291328166396  0.07096920809267926  0.08040956218790228
  0.09080310866996831  0.10217373040372879  0.11330492712070415  0.12383370615674823
  0.13391849425146365  0.14391215360255580  0.15381642060269443  0.16339747772666890
  0.17329231532210290  0.18378148282079737  0.19579723488129172  0.20725831804886174
  0.21754261901518063  0.22770815596857408  0.23832066704593796  0.25018689475662598
  0.26140016958521878  0.27241801654674819  0.28274015854292306  0.29256918900034673
  0.30153651202457149  0.31091651834497985  0.32141571267499452  0.33227068350478162
  0.34209619739482611  0.35175916855070455  0.36153997276933109  0.37217461660547729
  0.38381223675983467  0.39538574410941091  0.40663273395954602  0.41624635772334118
  0.42405928120853703  0.43210418515038540  0.44078678682921724  0.44971525432457488
  0.46016086264811967  0.47240081460125871  0.48491283426880938  0.49809754520147048
  0.51044549699486774  0.52141263083400746  0.53199545141971682  0.54209310636765584
  0.55272031188742621  0.56359142360369574  0.57322606594018288  0.58260540297897589
  0.59129377010297879  0.60064841449588002  0.61204988289414741  0.62198706047102215
  0.63176692091297859  0.64153618365757425  0.65143764485147748  0.66186209744297730
  0.67232811562682737  0.68431966325291338  0.69560619882837138  0.70608395296231719
  0.71747635300638890  0.72861597050995885  0.73856798677648450  0.74588869959843351
  0.75394485598317629  0.76254187739477686  0.77091237061981122  0.78101047641293408
  0.79124734193959123  0.80115342303670201  0.81179715240859018  0.82256777602146725
  0.83334663419538979  0.84312915829036272  0.85320880140734823  0.86379960860397065
  0.87417269853509172  0.88390029779601986  0.89389852676016324  0.90471195383135206
  0.91644304281863842  0.92830045925456628  0.94051343435300605  0.95459958742597029
  0.96720806304394646  0.97839521985782818  0.98934153838778505  1.00000000000000000
 -0.00176255942333879  0.00695183216101758  0.01555373640712005  0.02374115993421315
  0.03159048819657473  0.04023372001875676  0.04823002932287454  0.05656853826713376
  0.06531506568414200  0.07507868463211956  0.08526549479368489  0.09382929437785348
  0.10129753590359875  0.10835338739939053  0.11492513010941605  0.12194046650322972
  0.12932603833007716  0.13688307379478892  0.14458785861419696  0.15327927358887766
  0.16319602683184101  0.17353563380420911  0.18355963252511781  0.19212157286560577
  0.19927420109490929  0.20632256883882805  0.21352417183941463  0.22048967743917849
  0.23008797855672350  0.23966386693132835  0.24869709533572751  0.25715138935215404
  0.26600247967499940  0.27493620139008978  0.28289578340309374  0.29031970232557219
  0.29845797696583082  0.30797129686680352  0.31798921109854500  0.32757422033259165
  0.33690146429734591  0.34651107531866110  0.35573802315536990  0.36537556233710167
  0.37454384285042991  0.38316359517171206  0.39207275327049368  0.40085397930800448
  0.41171007349333122  0.42333057622527831  0.43626498496353844  0.44727697868230637
  0.45625989988774190  0.46507164184235145  0.47383246249965338  0.48410065708809258
  0.49587422046728274  0.50793267098614614  0.52063104563970997  0.53415594639371344
  0.54858894015631587  0.56361508701973773  0.57763627089421343  0.59158542965067906
  0.60536953547448202  0.61852147069728769  0.63084586711535784  0.64281520438864514
  0.65503449645905731  0.66766616701445325  0.68155163782262951  0.69594593844572106
  0.70945003608663215  0.72267161421113557  0.73572847374839212  0.74906611056647032
  0.76137691282248376  0.77261301249682024  0.78440843687447215  0.79670197795577313
  0.80962777819195242  0.82243758559190350  0.83403634980085661  0.84654537605622737
  0.85870720481992691  0.87144645086294981  0.88427400106695708  0.89711336680490583
  0.91022055087439080  0.92360627841517617  0.93704834925562797  0.95015558357685326
  0.96221219344908426  0.97433706903900685  0.98698178982765572  1.00000000000000000
 -0.00267567099643417  0.01016109768670602  0.02162795413035781  0.03354322444293739
  0.04587810635826019  0.05549857317436338  0.06416308335121421  0.07279506530629037
  0.08313243253933210  0.09521863190983687  0.10691341280585710  0.11722191790956708
  0.12559403777699696  0.13391599109454611  0.14179430127929660  0.15128892741273761
  0.16279528625343814  0.17594228239103776  0.18845893488476723  0.19953595036329255
  0.20923208896721060  0.21870802685155061  0.22770032837773510  0.23639954778802386
  0.24517226883444801  0.25430388770857415  0.26484801390419427  0.27623645828084592
  0.28701317353856409  0.29675044300771031  0.30630469933619453  0.31658605782649751
  0.32759011972238555  0.33857554502644110  0.34994373782793203  0.36175378734576269
  0.37333635181454394  0.38365851656159261  0.39372935468600834  0.40271604638999298
  0.41164718654109045  0.42050880064043455  0.43005149969503004  0.44086039834584495
  0.45183271478439241  0.46344942416239215  0.47417421441070423  0.48444325351614848
  0.49438525863298827  0.50453467572227251  0.51389284655634138  0.52342880799219882
  0.53528139345478754  0.54731472890031596  0.55901557130339863  0.57042809200745126
  0.58196564677274276  0.59438525717284052  0.60604280467699612  0.61619540651921012
  0.62590246548455120  0.63700152590290926  0.64603748219425394  0.65472619789870146
  0.66295927394811138  0.67115708196269963  0.68130779340708680  0.69190933652618525
  0.70150974894035689  0.71148064741885897  0.72217683892766016  0.73268910456777780
  0.74221711595126982  0.75181424838417754  0.76240526527982322  0.77354287679180311
  0.78426773753272572  0.79473463248734488  0.80586367390374436  0.81739376427074650
  0.82883021862723671  0.83985998072782331  0.85022568798275200  0.86104183650744825
  0.87243655486880334  0.88435307070250568  0.89610085986812515  0.90798124109675982
  0.92043376440004721  0.93186491692008067  0.94428196773083894  0.95658165694887365
  0.96900991618996823  0.97976676468901758  0.99036367390951585  1.00000000000000000
   1.1869944766375224E-007  -1.0000000000000000     
 T T T T T T T T T T T T T T T T T T T T T T T T T T T T T T T T T T T T F F F F F F F F F F F F F F F F F F F F F F F F F F F F F F F F F F F F F F F F F F F F F F F F F F F F F F F F F F F F F F F F F F F F F F F F T T T T T T T T T T T T T T T T T T T T T T T T T T T T T T T T T T T T F F F F F F F F F F F F F F F F F F F F F F F F F F F F F F F F F F F F F F F F F F F F F F F F F F F F F F F F F F F F F F F F F F F F F F F F F F F F F F F F F F F F F F F F F F F F F F F F F F F F F F F F F F F F F F F F F F F F F F F F F F F F F F F F F F F F F F F F F F F F F F F F
  <DiscreteSampler_grid>
  grouped_processes
  1 # 1 for a reference and 2 for a running grid.
  10 # Attribute 'min_bin_probing_points' of the grid.
  1 # Attribute 'grid_mode' of the grid. 1=='default',2=='initialization'
  0.0000000000000000 # Attribute 'small_contrib_threshold' of the grid.
  0.5000000000000000 # Attribute 'damping_power' of the grid.
 # binID   n_entries weight   weight_sqr   abs_weight
    10   10   1.441626327330092E+002   6.383879129165680E+004   1.441626327330092E+002
  </DiscreteSampler_grid>
