 -0.00529541597893140  0.00378068097644714  0.01558029228248316  0.03256549592830632
  0.04982698601883091  0.06702966128972485  0.08167424620509139  0.09549130748486445
  0.10852903477060169  0.12191604795356363  0.13507615329824818  0.14826530544950647
  0.16303153439578233  0.17834062441706292  0.19405489039141402  0.20952100804023524
  0.22498254054734587  0.24043941469492122  0.25574959390765034  0.27106645348451186
  0.28659563929269688  0.30215009063024539  0.31772223317065351  0.33360004951848443
  0.34940603188355912  0.36511452805972799  0.38072169053007832  0.39631542018972743
  0.41193490208839145  0.42755938244867009  0.44318723897019280  0.45889785018225993
  0.47462405694391302  0.49037412695996835  0.50611001802225819  0.52184319273717406
  0.53759008286820142  0.55308108775848863  0.56834128112208127  0.58354143662028402
  0.59870433722143379  0.61378634116298436  0.62871994572978485  0.64357081896199819
  0.65853283329281453  0.67347305388611411  0.68837920485061377  0.70323194314562676
  0.71805481823498651  0.73280049807924141  0.74756209724460709  0.76233815501373425
  0.77699952482316648  0.79163995278342925  0.80626019207850197  0.82083615574063862
  0.83538583099360975  0.84986906118688410  0.86442861413952843  0.87907208979073981
  0.89377775876400944  0.90850111568722358  0.92324582823568391  0.93710910896742827
  0.95045911000673000  0.96481001146950973  0.97577791512483858  0.98121022264165947
  0.98126245109969290  0.98138805991829570  0.98200341750248044  0.98272680014413938
  0.98345265536407800  0.98417323650401300  0.98488309740310997  0.98559452398813974
  0.98631616165516178  0.98702886818257818  0.98774387552446419  0.98846573202344679
  0.98917910897637851  0.98989119410042026  0.99060288097686877  0.99131697105899408
  0.99204331390950184  0.99277242004693167  0.99350238357974596  0.99422646162570805
  0.99494600401407118  0.99566609233485914  0.99638932360216614  0.99711186748391312
  0.99783143467171564  0.99855332299589505  0.99927878614811250  1.00000000000000000
 -0.00585415019049395  0.01679547204700634  0.03423444659041933  0.04723308551690388
  0.05740322236104555  0.06664642813459074  0.07555407943742951  0.08446037401618098
  0.09353308907131132  0.10291305793081554  0.11191896738467970  0.12066877932168613
  0.12925682870496405  0.13812226868030955  0.14732837091102893  0.15680780411277576
  0.16597793613457063  0.17575104467469077  0.18680312525576359  0.20055862753158776
  0.21890828655300568  0.23187231371049888  0.24229563397305356  0.25299935660325329
  0.26304537021090452  0.27303386041002170  0.28179005297763315  0.29013160436851138
  0.29878342970395450  0.30844809883479873  0.32124414578197164  0.33625717401658278
  0.34574113348116892  0.35726619697862821  0.36842854454587320  0.37914237196985479
  0.38858175659052779  0.39849892063653009  0.40721599393901137  0.41517563207859731
  0.42259028395478249  0.43027509007395037  0.43864128343686454  0.44724828801153416
  0.45592448111623696  0.46542096957829188  0.47535291522864870  0.48480352344810235
  0.49406536607955071  0.50481180803948078  0.51772741364530983  0.53206176599478305
  0.54689753874804570  0.56311054133579408  0.57736603523142094  0.58886583748074139
  0.59835433212433276  0.60769922248838515  0.61751712236707379  0.62645178033656934
  0.63429381589597600  0.64174593514305078  0.65028937274910625  0.66023710496850097
  0.67010123080237993  0.67934690008357934  0.68857813552180291  0.69914870461416845
  0.70969186871088952  0.71989445265245966  0.72981080713825874  0.73950128883323396
  0.74952541679641993  0.76005570114545284  0.77169185230787574  0.78596947396858841
  0.80368160544918599  0.81590537323206191  0.82532509660734521  0.83533437912357789
  0.84513673371625175  0.85483613724813257  0.86423099688909466  0.87311451758642822
  0.88333679032932166  0.89340699363710363  0.91302771444048725  0.92511192125591957
  0.93588682175841353  0.94501596016582301  0.95436604455622953  0.96433960947269082
  0.97393786335401056  0.98278170053568037  0.99144157589145709  1.00000000000000000
   4.4569233485843469E-006  -1.0000000000000000     
 T T T T F F F F F F F F T T T T F F F F F F F F F F F F F F F F
  <DiscreteSampler_grid>
  grouped_processes
  1 # 1 for a reference and 2 for a running grid.
  10 # Attribute 'min_bin_probing_points' of the grid.
  1 # Attribute 'grid_mode' of the grid. 1=='default',2=='initialization'
  0.0000000000000000 # Attribute 'small_contrib_threshold' of the grid.
  0.5000000000000000 # Attribute 'damping_power' of the grid.
 # binID   n_entries weight   weight_sqr   abs_weight
    10   10   2.732427024748372E+007   7.466160203966652E+014   2.732427024748372E+007
  </DiscreteSampler_grid>
