 -0.00854993316008235  0.00788397363072076  0.03059192401774971  0.06127544851354224
  0.09230809444643642  0.12242487143079087  0.15055693394843989  0.17806578615311192
  0.20524491913813914  0.23201975914326320  0.26031101324183936  0.28914920560495194
  0.31838365504330790  0.34736931045702102  0.37616972233423851  0.40315188158885185
  0.42996617903911605  0.45672953110669690  0.48313337008739971  0.50929321185989307
  0.53370559677274898  0.55785307546099228  0.58164485643250408  0.60527160538176417
  0.62872191563621682  0.65174691001586837  0.67460989272165595  0.69705971351662177
  0.71945373786425137  0.74157712465601844  0.76268069980410602  0.77864928913574127
  0.79538257633944409  0.81328937828033432  0.82366443457479077  0.82808450285847557
  0.82879827623886959  0.83051946133393295  0.83353750559077378  0.83659779637014353
  0.83964435726966502  0.84270351573189550  0.84577357089385741  0.84881969515390443
  0.85183618319779597  0.85483316638497531  0.85782623941130798  0.86085412908354564
  0.86387880069654899  0.86690023791286452  0.86992832308281964  0.87296139068909273
  0.87596990608894487  0.87898724338153389  0.88200444544560930  0.88500669875185756
  0.88796983376553307  0.89094435588369303  0.89393320945644317  0.89694155876775372
  0.89992824119732917  0.90290506607263887  0.90587771685633489  0.90881432442395649
  0.91172445914857425  0.91464620092889315  0.91756427990804201  0.92048802535740193
  0.92342712836221752  0.92635374293387351  0.92922836962702982  0.93208057008510747
  0.93498284389887232  0.93790079935648996  0.94079708119409811  0.94368427197147120
  0.94655588841749705  0.94942433244684332  0.95230290091206971  0.95517409580225843
  0.95800100296371926  0.96083804189641964  0.96366701297332025  0.96646390262070647
  0.96925794432889478  0.97204275998277123  0.97480530679503108  0.97759577325188562
  0.98042925137063508  0.98326588048091534  0.98608662202861475  0.98889108561311034
  0.99168831565788917  0.99447182037020632  0.99723771645018389  1.00000000000000000
 -0.00260077048968933  0.00976955222469873  0.02143139292164546  0.03314440350654167
  0.04596340100043611  0.05843168851725706  0.06940776608146945  0.07936861674487206
  0.08924882378152449  0.09970678424753726  0.10997637589027687  0.11938576696368597
  0.13066469056965332  0.14329633853969098  0.15685605460648075  0.16967863984238907
  0.18170482047572470  0.19377302396974214  0.20647584046789613  0.22117138630105995
  0.23514944702846532  0.24721470233326778  0.25920817533740520  0.27105002658908578
  0.28340435164889427  0.29569392797294675  0.30734408279675268  0.31888619809195379
  0.33114028560528525  0.34253998239864258  0.35284233129199188  0.36172745449134430
  0.37052103606883496  0.38004290532901286  0.39072446360444202  0.40115069904473777
  0.41145496637066836  0.42124955195710445  0.43010248255809375  0.43882512796846462
  0.44703082481067030  0.45509917986008058  0.46424688170433381  0.47444706728321706
  0.48449383991683193  0.49421588902473079  0.50277104587883459  0.51071387311563365
  0.51902761758730387  0.52723468495903369  0.53471640555591216  0.54204221750383563
  0.54975187065962416  0.55786204186510269  0.56863988327754000  0.58086737271140965
  0.59311913552815620  0.60500015868715351  0.61751226211329602  0.63099972209132926
  0.64525972011828059  0.66033921577020760  0.67310762459930906  0.68333784068187220
  0.69370313019274876  0.70326139333761106  0.71306252341589138  0.72288994718555655
  0.73264216033634877  0.74232584980454008  0.75211905290791436  0.76109133024911446
  0.76979512432961006  0.77818176565239827  0.78627104939096126  0.79565220102100254
  0.80691324910210649  0.81868641655747221  0.83000894987887497  0.84099197160789574
  0.85121175196936372  0.86124478672635951  0.87137503466218491  0.88252171302968307
  0.89389849605091454  0.90401900962891368  0.91354439097656237  0.92303212520120836
  0.93186854601414404  0.94086117793604007  0.95008109856773504  0.95976849954867960
  0.97166486304156419  0.98267676278957405  0.99189142737513492  1.00000000000000000
   1.1098337723081604E-006  -1.0000000000000000     
 T T T T F F F F F F F F T T T T F F F F F F F F F F F F F F F F
  <DiscreteSampler_grid>
  grouped_processes
  1 # 1 for a reference and 2 for a running grid.
  10 # Attribute 'min_bin_probing_points' of the grid.
  1 # Attribute 'grid_mode' of the grid. 1=='default',2=='initialization'
  0.0000000000000000 # Attribute 'small_contrib_threshold' of the grid.
  0.5000000000000000 # Attribute 'damping_power' of the grid.
 # binID   n_entries weight   weight_sqr   abs_weight
    10   10   1.230867959128473E+006   1.570998131632558E+012   1.230867959128473E+006
  </DiscreteSampler_grid>
