 -0.00506186731448218  0.00038383710063679  0.00898627589343388  0.02480221538450257
  0.04094957356091010  0.05723443345777685  0.07074392117164485  0.08330384522648895
  0.09487104351622952  0.10678862108600565  0.11844314357005263  0.13011377685949774
  0.14311647817779907  0.15663807714516034  0.17049729502190228  0.18456515486496594
  0.19874402976424749  0.21301943927212943  0.22750431347071504  0.24188687507630766
  0.25618365692997835  0.27027947005624214  0.28440409522102972  0.29855884070838729
  0.31281299155446440  0.32721409670253798  0.34181413262825872  0.35648477588120536
  0.37111255467515603  0.38566379118741934  0.40004949156391800  0.41427384485147539
  0.42821675188219738  0.44213361859230055  0.45607598885880835  0.47011842524442071
  0.48401703651195954  0.49789893624933879  0.51193476610761801  0.52583692558445627
  0.53970473096775040  0.55367267277031584  0.56769809449888564  0.58175618534390461
  0.59583171700404758  0.60983621102086016  0.62379003236977659  0.63766947318757750
  0.65155617467630733  0.66544249889862839  0.67918532703768530  0.69277655566905572
  0.70622175246817376  0.71967882536004280  0.73318229800805879  0.74675053559967397
  0.76046825432867260  0.77420855136275279  0.78795321434046151  0.80170964554449375
  0.81537104186053921  0.82885325084575490  0.84225888410242722  0.85562311899697507
  0.86893206606072593  0.88236355775833764  0.89586046347303216  0.90945765433116044
  0.92298249232178098  0.93634031037777410  0.94904099870995662  0.96111880612816614
  0.97312591684550542  0.98635637984586244  0.99238828418039615  0.99368071093766919
  0.99372306868262728  0.99391719831270553  0.99425622511247314  0.99458922815427375
  0.99492544270828498  0.99526317936317887  0.99560417638616372  0.99594344926963707
  0.99627864924570408  0.99661126954096857  0.99695158342923507  0.99729162098755730
  0.99763094717092815  0.99797174158898205  0.99831379895939965  0.99865085172514678
  0.99898846914704076  0.99932544495524933  0.99965974504794708  1.00000000000000000
 -0.00241501317950783  0.00952133118950062  0.01872196185170349  0.02850742098093292
  0.03842890947797580  0.04773666652580363  0.05749940394932858  0.06702089519667348
  0.07605975079938530  0.08473510822285889  0.09270026282864821  0.10101330251828686
  0.11033280611772406  0.12051413447711659  0.13014766117468138  0.13909299514399473
  0.14904595465231171  0.16081850659926053  0.17192279126602145  0.18079920933039650
  0.18933796499398844  0.19835913640952785  0.20770235630889056  0.21660357394209806
  0.22558061856335099  0.23448863089140856  0.24310324473020012  0.25138734309315480
  0.25986027228239017  0.26837001740997135  0.27765520782566128  0.28781476500104736
  0.29692420842016970  0.30495628236065758  0.31286321050943283  0.32027282684209357
  0.32743647927920599  0.33475407237539506  0.34222000898071420  0.34969066113594305
  0.35736628451016883  0.36540538074061929  0.37349336068224481  0.38244912570808798
  0.39192158200850702  0.40119256327609376  0.41000866050330137  0.41886612110468951
  0.42789561715579011  0.43712129248770881  0.44633818821991394  0.45592231379732578
  0.46635267037379424  0.47964395449937963  0.49587620024679929  0.51360933807247100
  0.53172371463840229  0.54956472114650712  0.56618373446647730  0.58206535638204115
  0.59774688894598826  0.61319405074453803  0.62827575587537143  0.64331934045250128
  0.65660791360369375  0.66866597253509641  0.67772832724581278  0.68623897019751412
  0.69487823795338244  0.70368802729236313  0.71266004299378793  0.72147906947171569
  0.72990917751315942  0.74031037878100003  0.75007384924644716  0.77009928364467795
  0.78096107480413968  0.79040580468317834  0.79995237145092501  0.80955546567630998
  0.81894082932835588  0.82817632207388747  0.83751512688293483  0.84718881838344329
  0.85641627906499407  0.86547155645174856  0.87404001526638508  0.88254810390587191
  0.89104012992255288  0.90088259022991213  0.91163269546706294  0.92659286492430548
  0.94488397626451481  0.96348532347706661  0.98195162090304244  1.00000000000000000
   2.6220799393661719E-006  -1.0000000000000000     
 T T T T F F F F F F F F T T T T F F F F F F F F F F F F F F F F
  <DiscreteSampler_grid>
  grouped_processes
  1 # 1 for a reference and 2 for a running grid.
  10 # Attribute 'min_bin_probing_points' of the grid.
  1 # Attribute 'grid_mode' of the grid. 1=='default',2=='initialization'
  0.0000000000000000 # Attribute 'small_contrib_threshold' of the grid.
  0.5000000000000000 # Attribute 'damping_power' of the grid.
 # binID   n_entries weight   weight_sqr   abs_weight
    10   10   2.522167296834332E+007   6.361327925148602E+014   2.522167296834332E+007
  </DiscreteSampler_grid>
