 -0.00276631448597416  0.00882801141632890  0.02037471632897200  0.03199420746997106
  0.04373590388332443  0.05540776903645852  0.06701732098704623  0.07858905734937510
  0.09014534424648102  0.10175654307497806  0.11338130307152497  0.12367032218087198
  0.13295711558561710  0.14258043394723058  0.15219116196604818  0.16162296361578415
  0.17089220260475319  0.17946300216201666  0.18974715141973908  0.20695609368421083
  0.22471357557301461  0.24265250579588926  0.26035370715394118  0.27806553187680849
  0.29578916212367667  0.31300202156792756  0.33004570176981318  0.34664649563176275
  0.36321841463901444  0.37975091920532533  0.39650918612361280  0.41336645508958897
  0.43048495586419966  0.44756944246868935  0.46459517440689690  0.48147143810198972
  0.49828361182312497  0.51515378205884943  0.53203803089581991  0.54894881982893762
  0.56592129412487846  0.58290876789594770  0.59959348732600104  0.61646436584184816
  0.63365830250017374  0.65069843184787579  0.66765887910097976  0.68430242110591133
  0.70079090481494588  0.71704148380694854  0.73334961082317152  0.74969442620032922
  0.76638314551745657  0.78300064928313151  0.79950931447496643  0.81600768243701582
  0.83247333082889519  0.84867027354580782  0.86480563591854309  0.88087090785053512
  0.89766122277092197  0.91469624750243639  0.93245404363565310  0.94867886553052572
  0.96277039267637965  0.96938740207760310  0.97413361833786261  0.97512663007961065
  0.97530590562888952  0.97605487123555823  0.97696869670604014  0.97787324447697554
  0.97877847597445211  0.97968816032559070  0.98061060378849629  0.98153684892187099
  0.98246442042081261  0.98337928248281381  0.98427119677978459  0.98517906163682101
  0.98610436037987548  0.98702312625647715  0.98795009279399537  0.98887564739390965
  0.98979559777412873  0.99070775397261501  0.99162992437165853  0.99256543496971428
  0.99349471639259201  0.99442714400247456  0.99534916833481235  0.99627402654029107
  0.99720797989935328  0.99814346569232271  0.99907758861309137  1.00000000000000000
 -0.00390701161919326  0.01198522990129232  0.02607384941214967  0.03960561625475837
  0.05299191997180238  0.06589030945618549  0.07809762484260463  0.09093027720407074
  0.10396374636403577  0.11737581549076266  0.13083049454624968  0.14440086522828191
  0.15831887890971497  0.17128340231330536  0.18465677243699100  0.19896696195624147
  0.21465842872370469  0.23094036428512923  0.24480737116682447  0.25569940485264220
  0.26619095791713027  0.27667319382624994  0.28734417562482178  0.30000386515851130
  0.31515336547337258  0.33131426566266026  0.34624866883483701  0.35777527996968256
  0.36455813332643677  0.37265289527047524  0.37971583511792284  0.38603412261782422
  0.39284849318130266  0.39963237326627432  0.40665000971043319  0.41297859093406702
  0.41918485234537928  0.42650631278024442  0.43251103246394301  0.44051515567305299
  0.44982902426424859  0.46088702574926432  0.47383927380024649  0.48761485263674059
  0.50128729600083488  0.51446702295127467  0.52801835728469837  0.54182040808670506
  0.55695102532952923  0.57276560572197488  0.58951343392521893  0.60327596838144371
  0.61246785396642056  0.61996800117658368  0.62700942175166396  0.63352032043616491
  0.63923218248762592  0.64495816477217438  0.65118175065600792  0.65761677015004216
  0.66380407092196103  0.67142069520190450  0.67865423787986201  0.68564419837717372
  0.69320497055464014  0.70103492441122095  0.70868376964288915  0.71611704964266631
  0.72355257444210908  0.73115614756641767  0.73900329098834339  0.74691944985265946
  0.75455489301166356  0.76251029666269066  0.77026526034739506  0.77734831365723767
  0.78402530916901769  0.79100624779198148  0.79850991378283098  0.80626494205768162
  0.81306105822450936  0.81973132631283574  0.82638860036602746  0.83506573055518796
  0.84834634594736302  0.86412672555077108  0.87858283224605471  0.89296172683574948
  0.90703564016898641  0.92152460937134495  0.93629276717592169  0.95032441662069356
  0.96329458759698661  0.97577376953204298  0.98796610824331610  1.00000000000000000
   1.5533515196828940E-005  -1.0000000000000000     
 T T T T F F F F F F F F T T T T F F F F F F F F F F F F F F F F
  <DiscreteSampler_grid>
  grouped_processes
  1 # 1 for a reference and 2 for a running grid.
  10 # Attribute 'min_bin_probing_points' of the grid.
  1 # Attribute 'grid_mode' of the grid. 1=='default',2=='initialization'
  0.0000000000000000 # Attribute 'small_contrib_threshold' of the grid.
  0.5000000000000000 # Attribute 'damping_power' of the grid.
 # binID   n_entries weight   weight_sqr   abs_weight
    10   10   2.603274182496309E+007   6.777042069137474E+014   2.603274182496309E+007
  </DiscreteSampler_grid>
