 -0.00683486806896444  0.01619508961348336  0.03545630999509054  0.05001455109224488
  0.06496915787394619  0.08009501773234487  0.09513245387080019  0.11019536491558465
  0.12528131155471139  0.14077315567206797  0.15639320920313604  0.17216374813976204
  0.18818350755202684  0.20411652222524077  0.21982075046333621  0.23536204760906748
  0.25077030069582118  0.26579837233216458  0.28084893666690747  0.29591760823471319
  0.31121120595189378  0.32647390917096053  0.34169932532933489  0.35683774861989620
  0.37199366934942801  0.38722223853316839  0.40222549121679207  0.41712269947626807
  0.43190932971267643  0.44660348700262004  0.46121626164741292  0.47604734314107799
  0.49097804377293208  0.50606554455150288  0.52107422638087031  0.53608364968377642
  0.55120602209429759  0.56642929420560084  0.58172341499884084  0.59724086933973874
  0.61264380522268225  0.62790920089908397  0.64322598351565030  0.65853126307457599
  0.67377692976763615  0.68908540724867495  0.70443418290961235  0.71999366657956609
  0.73568222905178871  0.75158681071654454  0.76743792583201731  0.78322059097184971
  0.79875352016986712  0.81406932585276093  0.82921033384072484  0.84420745453022095
  0.85915615769551434  0.87401767194152413  0.88994898282900969  0.90641355503318333
  0.92315192228975018  0.94028599149800751  0.95820623579196373  0.96509540903856827
  0.97100237241815812  0.97469768061255635  0.97515800621046678  0.97536133878098152
  0.97619200763705016  0.97707662610103085  0.97794785724394018  0.97882002177365346
  0.97970464869025586  0.98058245735289051  0.98145526173962416  0.98233528875494192
  0.98320867291169844  0.98408272236750505  0.98496248344452375  0.98585561625899154
  0.98673241507080212  0.98761185336347157  0.98848413332015006  0.98936467874487988
  0.99025802240713490  0.99115250151883350  0.99203366770230705  0.99291279620129913
  0.99379525214315312  0.99467720041345264  0.99555460797008266  0.99644417904270599
  0.99733394894377481  0.99821459773552590  0.99910726866054189  1.00000000000000000
 -0.00458884832720385  0.01520927046239384  0.02493427073832785  0.03299720513210558
  0.04167807091656384  0.04921788351112141  0.05624966083854188  0.06272945944709675
  0.06893541709316484  0.07572074881234858  0.08203201004823270  0.08841304330052634
  0.09497535783997214  0.10184621124748701  0.10877679443238913  0.11560225894219361
  0.12250940800786687  0.13035424223784975  0.13889853672515537  0.14776785542934975
  0.15714097967536828  0.16525808556561303  0.17771422792381875  0.19108349399042188
  0.20417281488084327  0.21696261035045031  0.23048815169227366  0.24428786852803511
  0.25459635895895033  0.26393985618806204  0.27260333138948611  0.28115865909626342
  0.28985903974573402  0.29766265632881767  0.30445958098714448  0.31145299900168122
  0.31930492467189869  0.32742180628396977  0.33525884631093500  0.34313583888360710
  0.35015285298282328  0.36014831474612702  0.37535613077551383  0.38997003012594622
  0.40681643634334674  0.42267812931324272  0.43727089232230926  0.45075326036686492
  0.46362412377779760  0.47633318326086055  0.48946356504989808  0.50290011783448063
  0.51686467324685448  0.53148797318110452  0.54635521335548187  0.56113989578505608
  0.57639651006793491  0.58650357158103761  0.59477973685799435  0.60361174030644460
  0.61236174980034674  0.62127343303747029  0.62949174636328609  0.63704205166825378
  0.64428670534323407  0.65233023554123193  0.66112550211723764  0.66945989688566854
  0.67701701246487500  0.68493133322636457  0.69653407637681430  0.71171222248170085
  0.72679019923487376  0.74090590756638608  0.75428555142878373  0.76749550023356239
  0.78134120715899880  0.79537705538223846  0.80984223654166154  0.82418514290638356
  0.83747503275466317  0.85047019687912495  0.86304615629145975  0.87543703125282346
  0.88764133867898809  0.89799150335757283  0.90558034265405696  0.91343806218916368
  0.92158430012299941  0.93024028841371309  0.93877602622917422  0.94775689908236183
  0.95757359131221831  0.97065452035075472  0.98572665581245034  1.00000000000000000
   5.3889023227106377E-006  -1.0000000000000000     
 T T T T F F F F F F F F T T T T F F F F F F F F F F F F F F F F
  <DiscreteSampler_grid>
  grouped_processes
  1 # 1 for a reference and 2 for a running grid.
  10 # Attribute 'min_bin_probing_points' of the grid.
  1 # Attribute 'grid_mode' of the grid. 1=='default',2=='initialization'
  0.0000000000000000 # Attribute 'small_contrib_threshold' of the grid.
  0.5000000000000000 # Attribute 'damping_power' of the grid.
 # binID   n_entries weight   weight_sqr   abs_weight
    10   10   2.603538775487789E+007   6.778417982854300E+014   2.603538775487789E+007
  </DiscreteSampler_grid>
