 -0.00925618778376948  0.02994897754717602  0.06082086376075719  0.09211821788592828
  0.12014140849797522  0.14628594787623095  0.17037845128328710  0.19439280289208619
  0.21830514002273363  0.24262704737719332  0.26714122930737627  0.29209127997131162
  0.31692367016041656  0.34165319342733974  0.36564396079494427  0.38941309712843758
  0.41269120339578286  0.43580229152506977  0.45869762319310076  0.48111233182350038
  0.50332710491767074  0.52495354536340366  0.54652244027388752  0.56795496759926223
  0.58923032864787528  0.61028396605113577  0.63104739129060861  0.65162578003946647
  0.67191159556215918  0.69211332632773648  0.71214844556984291  0.73216912756697616
  0.75248294328763998  0.77290375710143344  0.79482584989697713  0.81394395630365690
  0.82539041354719456  0.82797792637656331  0.82869849651256622  0.83010266071352357
  0.83318031720355024  0.83623331835654113  0.83926917929800837  0.84230180139999999
  0.84532830391911995  0.84834042551727540  0.85133618154408897  0.85434093612580320
  0.85738486727612617  0.86042763164430314  0.86346746577637157  0.86651596068146408
  0.86953607008995615  0.87254969108411995  0.87557361685093382  0.87860687890671352
  0.88164641237152763  0.88469306004177828  0.88774058310007276  0.89077201086543711
  0.89379895452030789  0.89684612848794520  0.89991212724170200  0.90297068806253178
  0.90601635033309658  0.90905522159591112  0.91208991227668135  0.91511847795203671
  0.91813128600744820  0.92114961832664133  0.92417902105614391  0.92720239572522711
  0.93023112461307067  0.93325938541242914  0.93629107571507197  0.93933741892160860
  0.94240191686070429  0.94545585197106796  0.94849799216416275  0.95154073492268809
  0.95457462805946902  0.95758966893892994  0.96061917843717082  0.96365399608803393
  0.96668032471976595  0.96970006985807333  0.97270988527726432  0.97571327346172165
  0.97874554865373886  0.98180010212209134  0.98482485676112197  0.98785154665692443
  0.99089137600485766  0.99392794286345265  0.99695477967977120  1.00000000000000000
 -0.00227009641863210  0.00910141229782861  0.01892179053257875  0.02900347848660458
  0.03971485704705897  0.05008813614574145  0.06041174753077621  0.07248778284681036
  0.08438130155277132  0.09496018495896155  0.10461454980995848  0.11391238263561917
  0.12303705177419270  0.13290801666198365  0.14254125322291197  0.15480611298230523
  0.16698273448429471  0.17908342484777420  0.19029308807355377  0.20038154536575611
  0.21051773238349752  0.22064074830383226  0.23074822612082657  0.24074078201927412
  0.25115777657145461  0.26329493727595010  0.27561095094174953  0.28786930781075226
  0.30012934422325793  0.31207323226056771  0.32366995825876654  0.33532691181976182
  0.34721913721917574  0.35906213169550044  0.37135071215269472  0.38390661468711701
  0.39688976774224027  0.41160704930437431  0.42647465256051353  0.44116974360804678
  0.45470517186356457  0.46644950554579240  0.47705144894395662  0.48698071462231252
  0.49652297737448342  0.50607111945702177  0.51567267314801346  0.52480067986520251
  0.53381121606491710  0.54313036107497237  0.55385279767784623  0.56458549937344160
  0.57534418659228592  0.58576126281626362  0.59624255757874411  0.60665632664616420
  0.61796107546945878  0.62796447314131720  0.63655045569771784  0.64480198291788193
  0.65328585371632153  0.66245419097489722  0.67126865027047322  0.68025501252905307
  0.68963017381237823  0.69972831408852876  0.70968457338862045  0.71959270951337850
  0.73055024996987072  0.74303679680172885  0.75587309651417589  0.76765094352486918
  0.77811893176178992  0.78781856263224348  0.79745610732273375  0.80600185649027556
  0.81445953709310936  0.82302285052748947  0.83201758941753134  0.84166008277546578
  0.85197122857702201  0.86331422328470708  0.87553266449560541  0.88794334030393396
  0.90008778345017271  0.91164245101895469  0.92142340399815914  0.92990008353269427
  0.93896354966049700  0.94751148163386545  0.95588519085644974  0.96392491819922055
  0.97203282770369104  0.98041593318657350  0.99027957074828965  1.00000000000000000
   3.7597038628528237E-006  -1.0000000000000000     
 T T T T F F F F F F F F T T T T F F F F F F F F F F F F F F F F
  <DiscreteSampler_grid>
  grouped_processes
  1 # 1 for a reference and 2 for a running grid.
  10 # Attribute 'min_bin_probing_points' of the grid.
  1 # Attribute 'grid_mode' of the grid. 1=='default',2=='initialization'
  0.0000000000000000 # Attribute 'small_contrib_threshold' of the grid.
  0.5000000000000000 # Attribute 'damping_power' of the grid.
 # binID   n_entries weight   weight_sqr   abs_weight
    10   10   1.348528320975985E+007   1.820463221031601E+014   1.348528320975985E+007
  </DiscreteSampler_grid>
