  0.02924896832664200  0.03418573022301418  0.03804304670345279  0.04258368543663549
  0.04881284677326362  0.05562236344350582  0.06268692483410530  0.07099346858929967
  0.07935801233071904  0.08817976000030088  0.09742877141560902  0.10692896554906951
  0.11673829850833306  0.12683332387754781  0.13701389890763022  0.14799601288810638
  0.15935123369680321  0.17134392282143199  0.18313654356718717  0.19426117817977781
  0.20515016720839260  0.21550379773242720  0.22634838411399896  0.23653632319561263
  0.24775630297321896  0.26299156894543424  0.27917179294087213  0.29538070449489212
  0.31041916967157862  0.32289869192045484  0.33313131569279830  0.34133488852227906
  0.34881240915686018  0.35588911767120790  0.36334157815922197  0.37152104741609182
  0.38119746587155762  0.39092635231435241  0.40207733490771125  0.41456321271269153
  0.42688433048874047  0.43929379678252001  0.45184280280445593  0.46292468688647492
  0.47181407620700555  0.48027431651910596  0.48772810256187726  0.49481365703615610
  0.50212452268796748  0.50985352454428012  0.51824719606924252  0.52724545845804138
  0.53603487771129410  0.54585061755956987  0.55798958623355044  0.57021771760613960
  0.58211905410504705  0.59401140616365089  0.60565648817320650  0.61714617845901520
  0.62969010039274786  0.64473469251238746  0.65217192219351428  0.66059357099132188
  0.66981596989345160  0.67960945788922789  0.68866112832248361  0.69593479310628870
  0.70245491731963405  0.70948487032734209  0.71802359800856241  0.72789743386030714
  0.73714117847745064  0.74523645095123614  0.75415106422523814  0.76528242625495912
  0.77811592166699972  0.79238409331053905  0.80674505488507808  0.82071815867603293
  0.83361189577350403  0.84379099454481887  0.85428888694099658  0.86249412988616214
  0.86982318085458243  0.87706197057742086  0.88648989158801805  0.89752654017459566
  0.90947193670211868  0.92042490532467247  0.93002331340200750  0.93876439584175930
  0.94722543073886867  0.95741725996028881  0.97242071258565521  1.00000000000000000
  0.02792051035935866  0.03942605868560461  0.05348414962668996  0.06736804038478027
  0.08141788309923699  0.09532577537718842  0.10930347365866402  0.12212843735626318
  0.12949796647646594  0.13605336059018627  0.14205306859635830  0.14839839982666489
  0.15603083510378093  0.16458081458482998  0.17361868524158558  0.18289473618597246
  0.19435018881503388  0.20615145117534547  0.21479179068680765  0.22184000778980789
  0.22881031101376451  0.23572453818568542  0.24313664624430328  0.25079681584821090
  0.25837922839162653  0.26502695426644518  0.27298373151635102  0.28372534766278329
  0.29634440067649442  0.30881458389613059  0.32088224646593883  0.33413016562297859
  0.34795123440792797  0.36220812432612237  0.37667673681341884  0.39057633175402284
  0.40207747614942368  0.41408225471594329  0.42630104948615544  0.43824689715046133
  0.44779788829596373  0.45943953416035777  0.46957128330758635  0.47793217468174698
  0.48587654592045737  0.49367314809371188  0.50408043999426044  0.51779920847733862
  0.52778154581963932  0.53491909915937530  0.54183828408810863  0.54938609741171851
  0.55861177399569117  0.56616053664405197  0.57184633377470140  0.57791498285539189
  0.58601112666379906  0.59676455967069386  0.61029375956380028  0.62391020363353444
  0.63211689120310444  0.64232523853781787  0.65302447085244020  0.66390352656085394
  0.67510384080716668  0.68573469725109848  0.69525672957994678  0.70371997401234265
  0.71219825301136219  0.72359634828342856  0.73450179957777995  0.74587303081026690
  0.75743752329345992  0.76883239511071533  0.78186407566449201  0.79255899326948775
  0.80357727706917481  0.81375904636587082  0.82204347815067869  0.82969745281326601
  0.83763107400516823  0.84641585575575495  0.85757978784191236  0.87118488759806989
  0.88166022021638768  0.89009079934318835  0.89947270630324383  0.90889027590297655
  0.91813013822387879  0.92628367768657582  0.93572494434462450  0.94559982506359264
  0.95524253780770541  0.96281820061721002  0.97054841190196894  1.00000000000000000
 -0.00635798064622002 -0.00078304105374244  0.01070761027540104  0.03277135582359850
  0.05378618304303281  0.07410874614521737  0.09244993255780661  0.10992398510567047
  0.12630686038296957  0.14242578003258605  0.15966779935309450  0.17691991116483358
  0.19419063639533729  0.21162337931043146  0.22913120452289032  0.24621551724303953
  0.26352854241228435  0.28151951222811877  0.29979428539207403  0.31825180571528039
  0.33680852943577383  0.35515413590468115  0.37229640030950134  0.38965924473491298
  0.40758475973910102  0.42589918133168131  0.44470389893797857  0.46485906340202565
  0.48545616702239802  0.50387822780925062  0.52191660694211717  0.53951409787085181
  0.55677807725145956  0.57406180586292355  0.59227018607601123  0.61021082422306039
  0.62786563038762222  0.64536108454147445  0.66285948880600032  0.68066561581272700
  0.69921678478825777  0.71868189617236089  0.73881350521168254  0.75825916671821203
  0.77660404369236413  0.79896898703095109  0.82268653758259980  0.84751781262813553
  0.86619656534896183  0.87542494299932960  0.87573996310243052  0.87644350862400278
  0.87851074209791924  0.88137651270206807  0.88420977326404337  0.88693971416055783
  0.88963903771965602  0.89237012625598688  0.89509802323955179  0.89787459518741208
  0.90066112037177304  0.90331904235665161  0.90596372274383841  0.90874560712069585
  0.91167830789364035  0.91472818223549690  0.91755614499438476  0.92029008006101254
  0.92316995969728233  0.92602410113525513  0.92868694426654552  0.93132746859142590
  0.93402637291527513  0.93679249665691389  0.93954332616450797  0.94218927500181737
  0.94483700890955613  0.94768726683977833  0.95067485276856212  0.95355439392031993
  0.95646656594477197  0.95931301407558700  0.96206732856628485  0.96500748438553718
  0.96788255226297204  0.97071181239749393  0.97360905381896179  0.97646383354705679
  0.97934154427808784  0.98220071978243229  0.98503696444734856  0.98807393491471951
  0.99093058806354473  0.99392112805795330  0.99692466891549369  1.00000000000000000
 -0.00162505410255002  0.00660309485487241  0.01384208089411056  0.02087110334484240
  0.03059283803990691  0.03969007661532422  0.04951426740194662  0.05865722624915801
  0.07227504153958314  0.08567957685263411  0.09744409976349745  0.10765834753403197
  0.11825249092240397  0.12786444373045902  0.13431683012319445  0.14122692506398626
  0.14820687658497705  0.15572989789794600  0.16437908692236025  0.17384449450181888
  0.18083075849438948  0.18795525868950444  0.20074735104762409  0.21272983526479741
  0.22316207420809245  0.23380889913612996  0.24528564981849135  0.25579529768275960
  0.26521450137581437  0.27495413134770086  0.28607531169857625  0.29663140958839229
  0.30675168734298863  0.31554486015037514  0.32321244066131305  0.33225681784813604
  0.34024218578715271  0.34789507426572869  0.35568704599713435  0.36424020046488442
  0.37209673764667706  0.38025509612320862  0.39010834863724575  0.40086083538054423
  0.41084092061398042  0.42049628279291001  0.43078638051087442  0.44240161663681027
  0.45535059636688086  0.46890293301565072  0.48255630145397593  0.49685533203460897
  0.51192311874935226  0.52557329930194607  0.53802890936399195  0.54805109157354648
  0.55818957177122053  0.56833197470487951  0.58019998751259028  0.59418184849044364
  0.61048126831853977  0.62746363293671958  0.64162636307676124  0.65491697406559779
  0.66791538942413298  0.68172427115001732  0.69761347287419306  0.71125275811324207
  0.72302738463880278  0.73513174411546311  0.74656927526024885  0.75645546617714066
  0.76515604000526605  0.77817186382890746  0.79119177519247530  0.80140137490570829
  0.81110156762589936  0.81899470801262908  0.82585278342526158  0.83237729366845314
  0.83986696384340509  0.84764207379630618  0.85834782368735096  0.87067012162420609
  0.88294782323153720  0.89523481246207448  0.90713374363785648  0.91922783564377442
  0.93369396978268171  0.94437349101191437  0.95479910564242476  0.96517483458298137
  0.97480713059172275  0.98333836930006480  0.99143678503523203  1.00000000000000000
 -0.00191505282776781  0.01063791055347446  0.01971560961004779  0.02688105347927430
  0.03383315205231985  0.04135534126004566  0.05199161917721846  0.06290230608928286
  0.07318774769846513  0.08429221991546131  0.09713092094798279  0.11046539311326270
  0.12222563613217197  0.13287678810613068  0.14352478393615031  0.15356562130942783
  0.16426581199375628  0.17519732036849023  0.18657763657453244  0.19934498162889525
  0.21079778241365224  0.21956585038482965  0.22734091991397448  0.23401646322043712
  0.24013510794799300  0.24758401608700029  0.25467865298221048  0.26213505548221760
  0.26963785011642788  0.27657916586530046  0.28379552748932624  0.29090232753648160
  0.29988444473611514  0.30901298882863315  0.31890253416527931  0.32773321556180895
  0.33882387774338080  0.35296532911399936  0.36812362311029939  0.38486091998350286
  0.39850638952715078  0.40810064656404005  0.41661914174235398  0.42537434893521286
  0.43465617983106902  0.44465134721370336  0.45423096342101821  0.46956632311455726
  0.48412644251450576  0.49881183707285098  0.51375025926430595  0.52867857012491182
  0.54735683487027442  0.56423931768621483  0.57823283829532157  0.58875481008438202
  0.59701407513797411  0.60512918133922933  0.61370932284624657  0.62267230319814137
  0.63169085084200227  0.63977528592426747  0.64972640978038543  0.66297905301806248
  0.67820572479188779  0.68998955582089161  0.70246272381930797  0.71304490789764940
  0.72285348695664109  0.73366876244970158  0.74463564305491348  0.75508786767764102
  0.76564968599530780  0.77596673720827769  0.78559539627160180  0.79506086541651311
  0.80395963082893929  0.81263359905411792  0.82328088446461867  0.83148144197619411
  0.84534047064131235  0.85778799077066537  0.87039929392719650  0.88243066485061661
  0.89372120941335398  0.90535189130869287  0.91671513025780382  0.92876678176706984
  0.94018584870378408  0.94768273638987488  0.95612032222688692  0.96459429099159355
  0.97384917477770294  0.98264061910027545  0.99155704939814493  1.00000000000000000
 -0.00126807045974278  0.00553004599960158  0.01271523420663199  0.02099092550677597
  0.02957212163218596  0.03746056352098719  0.04580087283067202  0.05340874856116837
  0.06149985134138050  0.06803968633677657  0.07582621916755726  0.08342218221515828
  0.09163640777414507  0.10077352257622733  0.10910946051640250  0.11668391798784199
  0.12413143710552736  0.13187132675351496  0.13949821782979624  0.14792513902909826
  0.15842624795596755  0.17045566990923364  0.18098617401995626  0.19194539134830951
  0.20524485544925530  0.21842427219598595  0.23376074168620292  0.24806384079511046
  0.26032167420870267  0.27086159452149761  0.28137362904787583  0.29177710061661671
  0.30238524147983487  0.31373592773900100  0.32369898356889104  0.33417012577539446
  0.34495935763153535  0.35578390747948607  0.36808948867444208  0.38490324818756022
  0.40020484585437149  0.40962662484228252  0.41840910116266294  0.42641286551459512
  0.43332696135313459  0.44041075328693957  0.44913812584984258  0.45947712908354693
  0.47185145594835443  0.48399354041091214  0.49593749797517150  0.50863960619588067
  0.52311659155494272  0.53957488160473466  0.55722107679176780  0.57488859952006754
  0.59213917065610122  0.60584173230551175  0.61580549165219800  0.62504506467669108
  0.63518563467803013  0.64648502712184641  0.65641182741908832  0.66550766950367335
  0.67863901443012686  0.68978404809731331  0.69823860463170484  0.70697125593350196
  0.71711796829417651  0.72595870158574061  0.73415756772537055  0.74183522798479762
  0.74916604428941780  0.75856278116502474  0.76898475435834457  0.77938760492280568
  0.78952431070156137  0.79918309688803224  0.80783775891995435  0.81597193132158863
  0.82484191759829584  0.83474086421736926  0.84424113014629043  0.85344754076496576
  0.86325617907037666  0.87393988673636147  0.88746146573727513  0.90186237679311887
  0.91486863369474047  0.92584941228738782  0.93647534844305902  0.94682417516356410
  0.95773489915561527  0.97097764581561663  0.98628904747630164  1.00000000000000000
 -0.00289405190457848  0.00912489160844535  0.02047252212318344  0.03153302406125212
  0.04280411585081122  0.05398671733975049  0.06478229617899650  0.07613783150672096
  0.08597922549687878  0.09230505170748206  0.09926705698419185  0.10667117219679702
  0.11366512211206234  0.11976324279541176  0.12548506051543740  0.13201003033004338
  0.13908899310126521  0.14720683834613821  0.15848110714612970  0.16790731811159876
  0.18063596162464701  0.19354346155631411  0.20484834934547813  0.21308916215925289
  0.21962530840802430  0.22583240806766511  0.23225145214333814  0.23942922066503761
  0.24585389105056055  0.25242068010110369  0.25982902377657813  0.26896579989657088
  0.28030285926099197  0.29207915675725787  0.30166487508099193  0.31082962863592989
  0.31926604819372773  0.32726175191106277  0.33659416352047006  0.35071370999954121
  0.36558521216415912  0.38172217896312011  0.39783429510667140  0.41290133420090830
  0.42730464188074097  0.44095264901530395  0.45408654975640222  0.46730425033445905
  0.48054595096720615  0.49383397970966936  0.50725447731220163  0.52071682672854525
  0.53276115299305360  0.54492068746007627  0.55762595034720597  0.57065597446370264
  0.58333659941508165  0.59443694565716165  0.60604352023966279  0.61546069406922921
  0.62311727582472876  0.63084468163330998  0.63886908346177251  0.64871680402437126
  0.66141100228751015  0.67446958362219234  0.68664394866219391  0.69763667825861853
  0.70574694542420258  0.71763633546185024  0.73027364907953274  0.74353472319288505
  0.75738722454178864  0.77164903807836072  0.78527405362555713  0.79706902685715442
  0.80840177860401086  0.81999359137129124  0.83148547279577190  0.84170149265036442
  0.85115466930218653  0.86033368542007871  0.86914284473475245  0.87784457660045534
  0.88777397341385100  0.89833605141240191  0.90761553901129544  0.91576648918253822
  0.92395355938811075  0.93292668254600697  0.94167174778279827  0.94938457086987760
  0.95763788814780393  0.96966953711372872  0.98470454021528253  1.00000000000000000
 -0.00395969962846969  0.01589143323960920  0.02700571479084368  0.03696311670111154
  0.04697310133107321  0.05646446472281223  0.06588161132129851  0.07565871767019539
  0.08767221488178834  0.10182346869796527  0.11514483512502081  0.12558829210744754
  0.13648002303823054  0.14767376910976449  0.16008988911506730  0.17135773572997928
  0.18162138136434403  0.19113388140826218  0.19940209257193231  0.20644048617043220
  0.21391541142527903  0.22239862460921234  0.23142946524410435  0.23982519156514476
  0.24853135379810434  0.25753714775028158  0.26747814550991178  0.27835810647404763
  0.29115303817960259  0.30527596180818900  0.31900632110762900  0.33197005444627148
  0.34437128947384160  0.35611492484125312  0.36417954274051950  0.37231218090276863
  0.38029914118554159  0.38880825492794086  0.39699579522344652  0.40516022545598607
  0.41229691181553807  0.42062680216568404  0.43207691898202788  0.44201388023226923
  0.45197050242576692  0.46421138631315650  0.47437295362065551  0.48407162465343023
  0.49296645360458397  0.50541845083719827  0.52075168556585050  0.53586883420357723
  0.55183622279651323  0.57030264809140896  0.58856924038776959  0.60477137613881371
  0.61411894756728036  0.62237083097598855  0.63023704026372818  0.63747016715944194
  0.64614175291361997  0.65402421190307147  0.66345854439760388  0.67581042097373079
  0.69151767066249548  0.70566405546201572  0.71825073956261998  0.72925754861788050
  0.73911601370671909  0.74806038608532366  0.75925099823286268  0.77006847276993862
  0.77919096285836353  0.78774287488430494  0.79660881639395387  0.80442444379473599
  0.81124151933351962  0.81765618661322637  0.82477775600322489  0.83421614270822808
  0.84730659917699358  0.85877317840757261  0.86650956397144951  0.87486797438949870
  0.88345487944489909  0.89351801369212813  0.90424491985511357  0.91413991572647257
  0.92527475675885196  0.93647066994419947  0.94702404224511627  0.95794105254697126
  0.96767247184451743  0.97718670421410470  0.98765784031933701  1.00000000000000000
   8.0904071611293619E-006  -1.0000000000000000     
 T T T T T T T T T T T T T T T T T T T T T T T T T T T T T T T T T T T T F F F F F F F F F F F F F F F F F F F F F F F F F F F F F F F F F F F F F F F F F F F F F F F F F F F F F F F F F F F F F F F F F F F F F F F F T T T T T T T T T T T T T T T T T T T T T T T T T T T T T T T T T T T T F F F F F F F F F F F F F F F F F F F F F F F F F F F F F F F F F F F F F F F F F F F F F F F F F F F F F F F F F F F F F F F F F F F F F F F F F F F F F F F F F F F F F F F F F F F F F F F F F F F F F F F F F F F F F F F F F F F F F F F F F F F F F F F F F F F F F F F F F F F F F F F F
  <DiscreteSampler_grid>
  grouped_processes
  1 # 1 for a reference and 2 for a running grid.
  10 # Attribute 'min_bin_probing_points' of the grid.
  1 # Attribute 'grid_mode' of the grid. 1=='default',2=='initialization'
  0.0000000000000000 # Attribute 'small_contrib_threshold' of the grid.
  0.5000000000000000 # Attribute 'damping_power' of the grid.
 # binID   n_entries weight   weight_sqr   abs_weight
    10   10   2.627457856482235E+005   1.407855742971522E+011   2.627457856482235E+005
  </DiscreteSampler_grid>
