 -0.00491361554596566  0.01143870452716785  0.02895940441392297  0.04763830854325733
  0.06640917827672416  0.08516282573541807  0.10389926958370610  0.12276330982114551
  0.14157527831042868  0.16032629153952616  0.17858946864288583  0.19808753313587721
  0.21886409066784462  0.24065384949126992  0.26244005064874121  0.28393610198057401
  0.30539018030713849  0.32681874249559451  0.34813345482289837  0.36946626399959687
  0.39085286569772282  0.41178356870045718  0.43245887700298352  0.45320548550384815
  0.47391500510135276  0.49456084081443530  0.51406820807140952  0.53318805981482287
  0.55224126045776001  0.57122865296904912  0.59014164877016384  0.60850941043320184
  0.62672489846414847  0.64476992345097661  0.66271585604629790  0.68054261644368608
  0.69785142853441717  0.71496922101950822  0.73174608434507049  0.74843468964721271
  0.76492578139851342  0.78156885417706135  0.79833487120014068  0.81564065699212029
  0.83312231852875407  0.85076600675078906  0.86825433622496351  0.88433458665517084
  0.89836514039325033  0.90923066462202473  0.92143640632918133  0.93055592293715850
  0.93360183807221153  0.93386525968257861  0.93438457031142208  0.93600623199052646
  0.93760165036248233  0.93919877678226427  0.94081401639603546  0.94242607272666146
  0.94401119654214904  0.94561489091761164  0.94723870060432591  0.94886148056247199
  0.95048191106752578  0.95209705411576195  0.95371028653490486  0.95529062298761713
  0.95685241183243830  0.95843645578022674  0.96002941752036641  0.96162595064549705
  0.96323195018927110  0.96480949557361251  0.96636915946654556  0.96795865783700119
  0.96958447916316592  0.97119918641331626  0.97280158482276702  0.97441352115390345
  0.97602468482134408  0.97762656668259929  0.97924120953300020  0.98084516416610668
  0.98246284156887687  0.98405377834939689  0.98561102539315726  0.98721486839633898
  0.98885512721368485  0.99046235105689184  0.99206151646827734  0.99364932209791978
  0.99523033252655768  0.99683748341702061  0.99843092828808433  1.00000000000000000
 -0.00349946816692512  0.01136801428168747  0.02463731944565314  0.03728565365549760
  0.04959953760915831  0.06122152997307251  0.07274158207835836  0.08480969371680157
  0.09726278485097400  0.11061519546857837  0.12550552038744248  0.13249420773840614
  0.14169637310543487  0.14981613492103041  0.15809044749163387  0.16662297994419223
  0.17541753031128371  0.18429511347050284  0.19302872805354213  0.20205392367724809
  0.21183412470797941  0.22220256711039463  0.23301225139740486  0.24291094361164514
  0.25346090039081348  0.26812704178368735  0.28237169023195280  0.29324064600333033
  0.30143467253632855  0.31000502722721451  0.31914735837076419  0.32903213962443173
  0.33742005187011570  0.34549927645680267  0.35334305683162820  0.36196018840039346
  0.37156436519732572  0.38094227446039380  0.38993109395836062  0.39870649411489129
  0.40756508154809745  0.41630485599634248  0.42466518192958397  0.43258293526863989
  0.43984624058488636  0.44649874103559678  0.45312590946576098  0.46012906503242218
  0.46797627920159118  0.47676595050780535  0.48685101200705261  0.49869899278877799
  0.51147518531652658  0.52384511049572180  0.53780930047150055  0.55295573021752942
  0.56917642732122764  0.58377012778143833  0.59661257327279960  0.60825517499415382
  0.62011641845956356  0.63263859193846839  0.64475988322756894  0.65463326690950674
  0.66268525582888871  0.67112272904991321  0.68040161570867774  0.68939272280315311
  0.69732588755309577  0.70499745669287472  0.71381843278343338  0.72247198304870031
  0.73113216707364870  0.73926026412395440  0.74813339632252052  0.75952610607703630
  0.77365309772696145  0.78811637992120853  0.80303321941560402  0.81585750721546357
  0.82543917391946242  0.83409036204790110  0.84281674982019072  0.85226085912793770
  0.86139175067822549  0.87017757084312752  0.88000328607915146  0.89424684775937502
  0.90784995671643509  0.92320867946683227  0.93928253599572775  0.95364013582041751
  0.96617685102450368  0.97782363282402873  0.98904166710692432  1.00000000000000000
   5.4599815063931665E-007  -1.0000000000000000     
 T T T T F F F F F F F F T T T T F F F F F F F F F F F F F F F F
  <DiscreteSampler_grid>
  grouped_processes
  1 # 1 for a reference and 2 for a running grid.
  10 # Attribute 'min_bin_probing_points' of the grid.
  1 # Attribute 'grid_mode' of the grid. 1=='default',2=='initialization'
  0.0000000000000000 # Attribute 'small_contrib_threshold' of the grid.
  0.5000000000000000 # Attribute 'damping_power' of the grid.
 # binID   n_entries weight   weight_sqr   abs_weight
    10   10   8.315738271237622E+005   6.918256454922560E+011   8.315738271237622E+005
  </DiscreteSampler_grid>
