 -0.00286649861171923  0.00618783005499924  0.01856954467160171  0.03356242352617017
  0.04973488978957422  0.06570365001352894  0.08217207994530872  0.09699117767433911
  0.11097253489615577  0.12470050437173893  0.13820674378271655  0.15178716332564376
  0.16538919353690174  0.17870721668223238  0.19202885982301821  0.20603714815865354
  0.22113680584895701  0.23597018129827102  0.25072310857209035  0.26546240989507963
  0.28017109903671156  0.29488111609683548  0.30957420937638974  0.32425581138007342
  0.33893233791103289  0.35359801072008673  0.36827703987682109  0.38298349683122002
  0.39773197160250612  0.41255961239237954  0.42733113998325911  0.44207880310534442
  0.45682521620720051  0.47160356287551974  0.48638399011278977  0.50109033744569931
  0.51574697989831397  0.53038150195389966  0.54490248954760712  0.55938336474839212
  0.57384083848466427  0.58828745245819614  0.60274110070599374  0.61723204829546297
  0.63180338092770671  0.64643088848915342  0.66105899280384495  0.67569130030400826
  0.69035428549182520  0.70505249678840487  0.71977530960136871  0.73436579918514844
  0.74898920386517542  0.76355615505336216  0.77810760857850259  0.79296418851781092
  0.80793597011846285  0.82319382601880942  0.83867749236135880  0.85418699440564450
  0.86905199819208179  0.87717353415604093  0.87893968187166127  0.88113154327496601
  0.88478390984028088  0.88838689173105456  0.89202216359871389  0.89568220949652044
  0.89928914028891516  0.90290391743396070  0.90659888480708017  0.91027937453485364
  0.91395658172039052  0.91761888340726572  0.92126624783288580  0.92492427209258066
  0.92858812630004994  0.93226234329079116  0.93594920684600036  0.93965221494840634
  0.94337249549465518  0.94710617555581300  0.95081658576356742  0.95454372258439379
  0.95829302193878607  0.96203475460071775  0.96581835743907729  0.96958187054719636
  0.97336013062507631  0.97716263185521912  0.98097373012771738  0.98474910832077078
  0.98851208249032874  0.99231103802848863  0.99614459662067112  1.00000000000000000
 -0.00226720015287144  0.00899726618746970  0.01838148660266132  0.02826687576826884
  0.03718518043263701  0.04637605713656426  0.05523230313675432  0.06402338019878548
  0.07299754321406808  0.08224946776697464  0.09198165267766549  0.10222617278601834
  0.11231012026142845  0.12241449652642995  0.13414712777369484  0.14685032244701107
  0.15944388884502769  0.17218197388419057  0.18466526996827318  0.19556874407253350
  0.20544029373822797  0.21587870689354258  0.22595021628016235  0.23547189465729781
  0.24423396384211946  0.25383820968942145  0.26502055135235619  0.27596877173533196
  0.28522103654945646  0.29364177926250501  0.30167770807106586  0.31024906006582453
  0.31917724582167373  0.32771348012760787  0.33683899643693388  0.34634954023081621
  0.35550055111575751  0.36647497518388400  0.37841794560432218  0.39040056291643938
  0.40257329450723101  0.41502371073156974  0.42757096506947084  0.43973154809706433
  0.45146582128589519  0.46363279538884722  0.47668341189299268  0.49031830688282985
  0.50255833670535244  0.51207272503469414  0.52122895790085411  0.53029789062003252
  0.53984756325044359  0.55019212077766599  0.56017427906829975  0.57155985236320961
  0.58427344496468958  0.59636263743474627  0.60750424402219716  0.61780905113748319
  0.62793553857311546  0.63745594503090608  0.64701263061060421  0.65634680205504914
  0.66598315070895209  0.67759072501809448  0.68924114985124540  0.70147820345053458
  0.71361315656022006  0.72558640466130253  0.73749218112865500  0.74963855076530339
  0.76168311834894276  0.77225326337420575  0.78151167635155150  0.79081271184700153
  0.80059696969991179  0.81065980366084378  0.82050917384293220  0.83044556498346811
  0.84080776307748295  0.85179170249674441  0.86185647668348508  0.87189361058271186
  0.88147128825548360  0.89076014691575400  0.90072282383883662  0.91146826225587441
  0.92411629704168596  0.93722207189454376  0.94949444689609996  0.96036474106703928
  0.97005985340664047  0.98046927269837358  0.99049295604793530  1.00000000000000000
   1.0140993647793281E-003  -1.0000000000000000     
 T T T T F F F F F F F F T T T T F F F F F F F F F F F F F F F F
  <DiscreteSampler_grid>
  grouped_processes
  1 # 1 for a reference and 2 for a running grid.
  10 # Attribute 'min_bin_probing_points' of the grid.
  1 # Attribute 'grid_mode' of the grid. 1=='default',2=='initialization'
  0.0000000000000000 # Attribute 'small_contrib_threshold' of the grid.
  0.5000000000000000 # Attribute 'damping_power' of the grid.
 # binID   n_entries weight   weight_sqr   abs_weight
    10   10   4.679872271561154E+009   2.190190478349842E+019   4.679872271561154E+009
  </DiscreteSampler_grid>
