 -0.00158440433648638  0.01148354934761729  0.02244209296798179  0.03269416688530839
  0.04278685000664492  0.05262474788766772  0.06246136009819307  0.07266085051639593
  0.08320441579513789  0.09399874455136384  0.10495674549360108  0.11597435641891510
  0.12694767905994081  0.13775544088391997  0.14864434977407745  0.15951728597930306
  0.17027574599148609  0.18106648091339397  0.19216238608795436  0.20346242049805965
  0.21474275748082050  0.22589845558007315  0.23676206726317053  0.24737335364323745
  0.25792427020493808  0.26844114603635855  0.27920707995651778  0.28981149029972997
  0.30028683819685287  0.31037511100166226  0.32047824435657735  0.33082986249631957
  0.34165573297091223  0.35223024195705127  0.36299929352649674  0.37375697624074472
  0.38417385910436047  0.39459558479411688  0.40464470989864981  0.41483649426501723
  0.42456346340655471  0.43446634960946562  0.44469828825999907  0.45509088157008643
  0.46565505557130588  0.47638338168711553  0.48714212148550828  0.49763159337495977
  0.50793056478462095  0.51857372791900092  0.52941382197322151  0.54028981532492315
  0.55080564552389155  0.56113409739649533  0.57117939706513576  0.58127484636466864
  0.59138985355502416  0.60163995438616280  0.61198100902769570  0.62247867247573907
  0.63298660659820549  0.64333552144372064  0.65388784498028740  0.66424416279410792
  0.67473292102858551  0.68494006069668800  0.69541288814837476  0.70602758215664552
  0.71653549897964086  0.72686649981712037  0.73710566223499452  0.74732971655602787
  0.75756476564641184  0.76787174526360558  0.77817864172209750  0.78896914902676285
  0.79931047824750556  0.80959603388099588  0.81981119890005405  0.83016794573652464
  0.84045029866487586  0.85083613006293213  0.86148791464117103  0.87211342874221420
  0.88234125219575954  0.89225294532187882  0.90252951941878412  0.91289330967825200
  0.92318727788246724  0.93324214660656057  0.94370725659828247  0.95428843649305217
  0.96480349592608583  0.97504014410633633  0.98687571092741777  1.00000000000000000
 -0.00183114652533461  0.01310171225981787  0.02536735627945969  0.03696253248481355
  0.04826907520438174  0.05951757192283359  0.07024067665209632  0.08042956054890284
  0.09041669923305537  0.10045626929620041  0.11076718493705939  0.12130216614062954
  0.13196906315206641  0.14271908546851622  0.15316961030222245  0.16332393852014995
  0.17316807437264067  0.18287257352235486  0.19265827610270753  0.20270252192503219
  0.21298352188732669  0.22366047739183792  0.23454910055296005  0.24560406961313083
  0.25675053210288529  0.26802979529479498  0.27923825313323464  0.29022680895566155
  0.30105936490526680  0.31203083879765958  0.32326117396240100  0.33417855156169163
  0.34472411605431924  0.35508637201834531  0.36542628411786049  0.37581814303989369
  0.38628183353608403  0.39679751414785974  0.40704321411065436  0.41716207159791774
  0.42737545291322154  0.43807832654667300  0.44878771164903608  0.45942696356558915
  0.47002078057789232  0.48046225794465369  0.49063928422438485  0.50110355594372236
  0.51169769260980524  0.52208437654414730  0.53229479196418172  0.54261011769671552
  0.55358059165679818  0.56422008696283654  0.57484450592013869  0.58514263191416815
  0.59584376377634818  0.60623834209570115  0.61671595773773014  0.62717315408934349
  0.63749164075684539  0.64779439629124858  0.65774033366164997  0.66723283168395642
  0.67712365175261957  0.68693758168906582  0.69701303927496316  0.70683627010809813
  0.71661971009255043  0.72656116465976328  0.73672745325640210  0.74676145732841015
  0.75680692803445782  0.76717348254379947  0.77787667783476755  0.78856385234816040
  0.79900489671979935  0.80933634778841124  0.81987231822787610  0.83015444115439263
  0.84063489447295925  0.85131025808700411  0.86227173041691008  0.87343148846267493
  0.88370886874072851  0.89379449790565180  0.90384534272052242  0.91425072772790072
  0.92475283749669024  0.93528846781491193  0.94596996758459517  0.95648332554923610
  0.96681362529622650  0.97687053619646480  0.98808755547302707  1.00000000000000000
 -0.00690214428310752  0.00819218456085793  0.02601999013202027  0.04810763338658718
  0.06946848085953115  0.09048019182541422  0.11090952645084441  0.13073158216209144
  0.14951131915869467  0.16548404757939511  0.17455685690466219  0.17885445022816313
  0.18577259778706659  0.19268804703233272  0.19950662817783338  0.20623663853526111
  0.21291930578960327  0.21968122591002279  0.22655677491556134  0.23350872046177357
  0.24049483272049027  0.24752767683401566  0.25466590825831426  0.26196887051140982
  0.26938090656914881  0.27681110250661445  0.28430180080044087  0.29192510685687384
  0.29967653850096954  0.30748176567496011  0.31528949822254293  0.32315094218296903
  0.33110126357473341  0.33917667693002751  0.34736356058603918  0.35561991072447308
  0.36390135499550036  0.37223533115764001  0.38063949594181468  0.38916666731525684
  0.39773830753213729  0.40640343493569953  0.41515558104092848  0.42399888508938027
  0.43288971258432385  0.44185620032407774  0.45094189335974694  0.46015864499118531
  0.46949019562371963  0.47890213580318469  0.48836120600257188  0.49791343312749514
  0.50757799380779101  0.51731910457713348  0.52711549156101467  0.53697989098127608
  0.54697439150391347  0.55700972329101817  0.56706132800620657  0.57710764330061515
  0.58723978457078363  0.59753674020523384  0.60801805081835880  0.61862118054422643
  0.62931086816045001  0.64007890761121333  0.65085657237645522  0.66163285542067185
  0.67240666451422837  0.68322937082990443  0.69418379973167599  0.70525552991897433
  0.71644332500983821  0.72773072177516196  0.73914378799473301  0.75070698095944455
  0.76237782088199013  0.77410069029483186  0.78575331659100578  0.79741683826260501
  0.80923674104578891  0.82133376699620408  0.83362587186069959  0.84590067368453226
  0.85814487737419276  0.87048718612573250  0.88301806593931031  0.89575456468059922
  0.90860463163948901  0.92150471474609197  0.93445053133544387  0.94740996504387520
  0.96035813068007925  0.97340307744807464  0.98662465270787603  1.00000000000000000
 -0.00233570970509234  0.00983030724526230  0.01993803624958541  0.03014398573137526
  0.04033933001034962  0.05096548430991325  0.06183834272826875  0.07273937259922299
  0.08367396735882962  0.09481163394226588  0.10534287594909766  0.11561757421294035
  0.12578300508792331  0.13633956357055529  0.14707373661735826  0.15781255648403067
  0.16849633151744287  0.17891977471457102  0.18939566718260595  0.20011703252667981
  0.21093215582317315  0.22141519893964856  0.23181930781602617  0.24205512121952955
  0.25203452203100002  0.26162432602438085  0.27114617029629928  0.28121289842190184
  0.29139211829431932  0.30163495993966694  0.31197617207712253  0.32250105055162542
  0.33325815239941037  0.34415079545924504  0.35513103357833781  0.36608424183555155
  0.37657188351178089  0.38649089430765043  0.39649264427547770  0.40653485322509064
  0.41647573655449593  0.42629289419546879  0.43591811436499095  0.44601936056345715
  0.45649443340490548  0.46699681424076317  0.47715136728020541  0.48718539812812939
  0.49724482583585511  0.50736958291552836  0.51752824317874502  0.52787783605938043
  0.53833623844890688  0.54888280576764814  0.55965949286168570  0.57088591378246067
  0.58200248006543776  0.59296103202373140  0.60382414886368829  0.61445389450780286
  0.62459295034372286  0.63448154406495161  0.64440722556442775  0.65456605443471738
  0.66500738343004551  0.67576126003281356  0.68663249904021251  0.69719642773988788
  0.70764609114143828  0.71834124494671137  0.72912593717437069  0.73994151522743523
  0.75074710568870473  0.76176906038529602  0.77258661349322211  0.78316302581279518
  0.79364791917384203  0.80435401694795006  0.81488298767456979  0.82568076880818486
  0.83684407293808238  0.84851875549012590  0.85996657527394871  0.87112368526200334
  0.88204548765699786  0.89301680506781678  0.90414506503792946  0.91560587968791152
  0.92653478812990697  0.93713867031169973  0.94746726414571747  0.95772744404519794
  0.96792576721097534  0.97828002705030881  0.98903695130775215  1.00000000000000000
 -0.00263844823954083  0.01041118118320622  0.02145652680696405  0.03284646499145007
  0.04433155195703658  0.05544034734461659  0.06721301992026553  0.07929600625664918
  0.09137983320101399  0.10315547575056429  0.11461358803442408  0.12600962224996401
  0.13755431758490277  0.14934753301701537  0.16124300488225371  0.17305209776450670
  0.18472157216738519  0.19624610416701474  0.20765605895021866  0.21889411176130302
  0.23006253827160483  0.24136508165102863  0.25281939770141987  0.26439861174303025
  0.27579228089020574  0.28681089400422571  0.29776878183955474  0.30893330351293607
  0.32027876894533563  0.33158265515426172  0.34268879072775699  0.35373106119816922
  0.36455434716929952  0.37529805218751344  0.38602274106602491  0.39656720965272552
  0.40693008657442625  0.41729503996348849  0.42785931747522205  0.43856926181427014
  0.44920451160631641  0.45997336821508578  0.47066680273854217  0.48123094394553295
  0.49156118195502391  0.50193461142463780  0.51247691505705661  0.52308812881626043
  0.53375399681979208  0.54426551990241157  0.55466260826729641  0.56506800916510636
  0.57560378468277751  0.58611590241234068  0.59634669943770469  0.60650993349313898
  0.61676827041931370  0.62701736933725749  0.63694953310266511  0.64648834885987416
  0.65603216723638580  0.66565830695474371  0.67539787834019582  0.68529357449384753
  0.69537252803396776  0.70578396592161718  0.71607888650970464  0.72632507663465973
  0.73663723791580027  0.74676562564137172  0.75697302536048838  0.76709711833453986
  0.77752184378154499  0.78805705026921047  0.79843626273261437  0.80846624514692589
  0.81827126637300807  0.82787820760507780  0.83762239003861994  0.84720018407935871
  0.85653255179640453  0.86567756931481632  0.87489257272378296  0.88429930823609326
  0.89383850191585024  0.90332851968324146  0.91274243647358189  0.92249168917579294
  0.93231600949896298  0.94224332767851582  0.95193274692495733  0.96144395551015449
  0.97088539011604080  0.98077153853532373  0.99039882663556733  1.00000000000000000
 -0.00269669084439012  0.01038014622496287  0.02132500825458196  0.03243411585641501
  0.04367590478840951  0.05463306493181681  0.06569646601213538  0.07638859211005117
  0.08737365533927427  0.09821739372788509  0.10903843372688637  0.11951022983077075
  0.13010014496396871  0.14070298040086310  0.15129281771411782  0.16174787763040643
  0.17198754626388607  0.18213199965512081  0.19185265455771269  0.20150104655897655
  0.21140251557652912  0.22159840525316055  0.23158606319459882  0.24156136621476934
  0.25139650350089104  0.26142965554413039  0.27160267144354278  0.28212665023408096
  0.29295189466530080  0.30413878166638764  0.31529264430095361  0.32618854563907196
  0.33709336372881543  0.34790859598047491  0.35856295411215411  0.36869168356538706
  0.37878795180886038  0.38919203146748449  0.39946563809114860  0.40989983337429520
  0.42016151546299790  0.43114618842872954  0.44198103462680444  0.45305195507451967
  0.46382015731400661  0.47438205846946346  0.48484019447746107  0.49497543351670076
  0.50485284674484687  0.51464505502205382  0.52476966282557802  0.53567393417478615
  0.54643478292083503  0.55713917579947492  0.56759115793260195  0.57763685825575506
  0.58745666522315942  0.59714670304097961  0.60748191492881465  0.61833536268017864
  0.62868926281157456  0.63920278592867030  0.64963734317699762  0.66000679580191079
  0.67015136422002064  0.68033341932054059  0.69084590965949266  0.70140485627170257
  0.71174886574047691  0.72255555517761894  0.73367750868966830  0.74514202212837888
  0.75639855943401868  0.76716250194868740  0.77760771814734453  0.78775854301391102
  0.79791720724004178  0.80832302882321827  0.81920083555880252  0.83030387567890040
  0.84134832978824947  0.85198149091089026  0.86264397875408005  0.87316483436484837
  0.88344827462761921  0.89387485805214062  0.90456075184155560  0.91556335187262283
  0.92598499260074529  0.93621241538626410  0.94673463374100641  0.95722111698120360
  0.96755119184376670  0.97792004460838089  0.98889384651948797  1.00000000000000000
 -0.00194723545735364  0.00698082556064908  0.01512268454354258  0.02305675916942447
  0.03098130016348757  0.03895142986988241  0.04707884183270037  0.05539831098498568
  0.06373294864761345  0.07192453129651058  0.08005929223083368  0.08838625977697136
  0.09693230984013110  0.10544481321852806  0.11386532977578988  0.12230637240818419
  0.13077351228750392  0.13943211586996918  0.14813288281053319  0.15695623699216374
  0.16603079470249879  0.17515289303193207  0.18420730984481745  0.19349718028729221
  0.20281602995353931  0.21210447644747471  0.22137561582214901  0.23045271144647839
  0.23953851400658249  0.24857694350619963  0.25800378756412201  0.26766114465069463
  0.27718145449821008  0.28665531523103416  0.29606443150063222  0.30563641064920066
  0.31549643691518436  0.32507458865594518  0.33437278583536811  0.34361074361610694
  0.35304989928444608  0.36268628077394477  0.37252377672055248  0.38250997127271968
  0.39243592835684149  0.40235799676643047  0.41235974465930425  0.42281417542167843
  0.43367229218620740  0.44427131692944466  0.45465352061819336  0.46506318555469806
  0.47523042303018959  0.48513937460183149  0.49509191201530145  0.50578143305196677
  0.51688297235844249  0.52802360917641833  0.53887766012056104  0.54967292087612574
  0.56054303389959759  0.57178006110467017  0.58327590223643155  0.59489606567596987
  0.60652105142334256  0.61828495899519975  0.62989792979778758  0.64148694694460795
  0.65310383676837713  0.66460470883062106  0.67627855605979692  0.68798209924534215
  0.70033771378810628  0.71273655610195741  0.72519301924783042  0.73759818813829026
  0.75014366868185978  0.76273441127741359  0.77547097389993991  0.78814324787131251
  0.80066695830888301  0.81328234647159481  0.82620737083863161  0.83926409034348226
  0.85248331924911802  0.86568830307793887  0.87909984628152327  0.89283386239987528
  0.90623878831695015  0.91913515450990324  0.93215168835334183  0.94561279441206181
  0.95947354134987028  0.97340897431384454  0.98685908425526636  1.00000000000000000
 -0.00241954930189595  0.00939372746801153  0.01968256494917149  0.03001056864214344
  0.04029217504942524  0.05052594523217183  0.06044463284630276  0.07042510444470684
  0.08016050743831414  0.09022383024485631  0.10048313023915909  0.11103352879306580
  0.12193125144038955  0.13300748586298608  0.14415541145692740  0.15527516611566011
  0.16626482850164123  0.17697207864910769  0.18744385093295310  0.19794667744189542
  0.20850017514701058  0.21922831154793868  0.23004922327016128  0.24085929407254469
  0.25141408439999330  0.26174570913421397  0.27210034554882384  0.28243272003797482
  0.29285724587727985  0.30338869491138565  0.31418517890814562  0.32514039843111942
  0.33555662537236847  0.34586273145498780  0.35605424999704011  0.36625421166148653
  0.37654769165760971  0.38650155552685783  0.39626023279171174  0.40618587346019697
  0.41602893641295768  0.42642219254328939  0.43683681019594595  0.44775777220730140
  0.45837568107859178  0.46879807559986952  0.47897497478267270  0.48914776324521408
  0.49940855339139889  0.50999338039536979  0.52078386891143269  0.53151500646990757
  0.54208862015502934  0.55271134546506839  0.56338190479917249  0.57393222476114836
  0.58461192045045562  0.59520537711442900  0.60604340496685105  0.61653880887940782
  0.62723321582331715  0.63780153998160638  0.64841609549362067  0.65894516105518730
  0.66963601684983609  0.68053594005472295  0.69139633265176137  0.70198535517692484
  0.71286364034698846  0.72382739371246174  0.73460653443611301  0.74513644690587555
  0.75546980300338418  0.76574184572954485  0.77601571429574312  0.78606806075384028
  0.79600970975807739  0.80581102022227213  0.81570754505173226  0.82598260136540158
  0.83620638146638571  0.84655392061868817  0.85684802555964057  0.86746993831344243
  0.87832166471564466  0.88926478432753375  0.90012461029839719  0.91086154277115383
  0.92177264199655962  0.93289802152000356  0.94409070790270211  0.95516397766266614
  0.96629117624104810  0.97765375964881185  0.98896362873580079  1.00000000000000000
   3.1850807404162182E-006  -1.0000000000000000     
 T T T T T T T T T T T T T T T T T T T T T T T T T T T T T T T T T T T T F F F F F F F F F F F F F F F F F F F F F F F F F F F F F F F F F F F F F F F F F F F F F F F F F F F F F F F F F F F F F F F F F F F F F F F F T T T T T T T T T T T T T T T T T T T T T T T T T T T T T T T T T T T T F F F F F F F F F F F F F F F F F F F F F F F F F F F F F F F F F F F F F F F F F F F F F F F F F F F F F F F F F F F F F F F F F F F F F F F F F F F F F F F F F F F F F F F F F F F F F F F F F F F F F F F F F F F F F F F F F F F F F F F F F F F F F F F F F F F F F F F F F F F F F F F F
  <DiscreteSampler_grid>
  grouped_processes
  1 # 1 for a reference and 2 for a running grid.
  10 # Attribute 'min_bin_probing_points' of the grid.
  1 # Attribute 'grid_mode' of the grid. 1=='default',2=='initialization'
  0.0000000000000000 # Attribute 'small_contrib_threshold' of the grid.
  0.5000000000000000 # Attribute 'damping_power' of the grid.
 # binID   n_entries weight   weight_sqr   abs_weight
    10   10   1.721456816605174E+005   6.253252281160349E+010   1.721456816605174E+005
  </DiscreteSampler_grid>
