 -0.00159739639319416  0.01122192670510969  0.02246863060173047  0.03348650534215267
  0.04462745063524784  0.05573796118022795  0.06655810321183785  0.07691619359833947
  0.08730071657289801  0.09767098902349731  0.10804331172053303  0.11848949546155579
  0.12868749589044687  0.13889797113018076  0.14915946074271175  0.15942697449125293
  0.16930445119444243  0.17895947974742510  0.18885526363680352  0.19950684654255083
  0.21041281925489005  0.22110056698055180  0.23184150517173116  0.24286057357431745
  0.25356114106001620  0.26373699358797004  0.27394083355400067  0.28423127751547533
  0.29426082507478274  0.30421309430888560  0.31419453560805743  0.32528428460386172
  0.33633176994129460  0.34745923655213534  0.35815027450095122  0.36861491522724021
  0.37910919093288675  0.38932145210190189  0.39949238313931273  0.40958138905218106
  0.41974382887709699  0.43014476047984723  0.44084938474060459  0.45154260140909019
  0.46174499628255933  0.47166295324000607  0.48188933098227316  0.49227450074664630
  0.50270229258258770  0.51325365866558981  0.52406624671867519  0.53530700250047836
  0.54640175940818736  0.55735309119757492  0.56809504433309754  0.57845346570370404
  0.58894768655041452  0.59968860158194515  0.61051518512247849  0.62113109097137520
  0.63203351579772615  0.64305532501926777  0.65314428141842651  0.66287785155331125
  0.67284019628921665  0.68297495056020441  0.69261929463714811  0.70185622500151601
  0.71134074885470389  0.72109681020091199  0.73134250821893709  0.74155702969994242
  0.75200180452216903  0.76252155070535810  0.77316529017992874  0.78353255852035730
  0.79399379347703358  0.80439973843202028  0.81504595201815944  0.82569947530614629
  0.83649199351495285  0.84730715353664121  0.85784127031301827  0.86821186070371803
  0.87860580158954682  0.88861632788427602  0.89850838043177084  0.90839030375605434
  0.91849489272125417  0.92895315557914848  0.93960255090014277  0.95082697112666104
  0.96214618040647470  0.97348900691358287  0.98615428145669759  1.00000000000000000
 -0.00182187261291649  0.01228673626485450  0.02384978060077195  0.03432209233667388
  0.04491851519174971  0.05567392379858756  0.06637375809531215  0.07696389400052496
  0.08804626678240335  0.09940829016270793  0.11044460239437194  0.12103616723679674
  0.13174032016105774  0.14254077200710155  0.15323573814391098  0.16368279319690010
  0.17420740558211134  0.18476263780064156  0.19541362043486382  0.20599120402314658
  0.21643805007641900  0.22670110423708262  0.23674807973342696  0.24672119336448101
  0.25676022425047595  0.26697477456297192  0.27717578017959316  0.28745107955663435
  0.29771870525891814  0.30827356713971998  0.31898492443953830  0.32964646216915583
  0.34013357317046988  0.35047691275079024  0.36082141763295716  0.37117254794483800
  0.38142431607564964  0.39159721857463331  0.40200928339680753  0.41276291969755274
  0.42382351210803559  0.43470316865923103  0.44514131531966916  0.45547286723993463
  0.46547375511837114  0.47572678776355648  0.48635808490307475  0.49724508993931915
  0.50802702804506894  0.51863838282141606  0.52940629180574106  0.54021702784037062
  0.55040085684836249  0.56038621714883086  0.57053598864591226  0.58104264539983630
  0.59134401114379964  0.60135148487251222  0.61162641217585312  0.62227463184204224
  0.63296726016824867  0.64353619717554422  0.65427088224787011  0.66494169989572416
  0.67531315417526616  0.68547954614745288  0.69582745667197332  0.70652052719228919
  0.71744608817550315  0.72846747113124777  0.73933024612899434  0.75034474731174072
  0.76143864879306489  0.77219896204830374  0.78255679259080335  0.79279950163849899
  0.80340038615046572  0.81405835124006809  0.82479486960713422  0.83542256335731369
  0.84589744155104829  0.85629047214864240  0.86621089604392743  0.87618647764891844
  0.88613790469642340  0.89645919016123465  0.90712655760136129  0.91778973871729397
  0.92804725000020050  0.93832814481968840  0.94844031844459997  0.95840505026634226
  0.96809468198712534  0.97780453158320668  0.98870140268993256  1.00000000000000000
 -0.00725985575455190  0.00857359625997710  0.02679768553852956  0.04922183440734287
  0.07049748181347318  0.09134067703488678  0.11198063867274781  0.13147346417513087
  0.15018948502464768  0.16872824538184220  0.17510523965361374  0.17923150185916906
  0.18642741194701626  0.19318080234335450  0.19987420188151084  0.20656628619861428
  0.21328093273147089  0.22000217994399013  0.22683013549640246  0.23376636967633091
  0.24076111352419091  0.24785344356610889  0.25503056120140832  0.26224149166978677
  0.26955671791478159  0.27699618493596467  0.28452804968828221  0.29207939340002897
  0.29965885842157153  0.30728850305002647  0.31503401342483628  0.32287863637989633
  0.33080555873446738  0.33886956060671741  0.34704148141109503  0.35528012014361765
  0.36351784792945052  0.37186935778189478  0.38033137547694862  0.38891552671061658
  0.39755131887969453  0.40619991111890347  0.41492818951924676  0.42374996033040313
  0.43267487868829857  0.44169598970137780  0.45083150389286597  0.46004266626320711
  0.46928969756799704  0.47863416818352178  0.48812480594619251  0.49770950349822951
  0.50729351861963301  0.51691853838264534  0.52669148695137469  0.53661645273620695
  0.54657793520398701  0.55655807369538601  0.56658127731028618  0.57668625824588993
  0.58692482407013857  0.59724082911746879  0.60766588980469938  0.61809514224308570
  0.62858691859829263  0.63922149412325613  0.64997054500454821  0.66077945232751945
  0.67157860279734494  0.68245503372279970  0.69345286184775690  0.70460995551773120
  0.71587521686118916  0.72721247911740250  0.73861773398940911  0.75009175283111096
  0.76168529880846436  0.77342641991984373  0.78536981839692221  0.79740205791176255
  0.80945344743690928  0.82149367140082097  0.83355366559234567  0.84573826871962499
  0.85808808646228385  0.87053933622838664  0.88305119033245894  0.89564116854947073
  0.90828476983918460  0.92099921011485719  0.93378962384692710  0.94667653788786843
  0.95968732082829089  0.97291809683502006  0.98636943532126875  1.00000000000000000
 -0.00238273473344886  0.00934037463865547  0.01934657188916561  0.02929772221477581
  0.03933619229613475  0.04946767853523991  0.05941943551431998  0.06989172678703104
  0.08024545500415395  0.09100689890457780  0.10180119075026574  0.11273210234854916
  0.12390782990184758  0.13485135410448196  0.14555633110236144  0.15592230804638230
  0.16641290178832155  0.17708692723641417  0.18766542664354105  0.19837241131296865
  0.20907500442387736  0.22019452686681107  0.23104435957316363  0.24159957758470413
  0.25236855066443514  0.26270659212223574  0.27292164008110670  0.28301478172356676
  0.29319112771599393  0.30330281785078017  0.31307921125560501  0.32302240805391913
  0.33309679093620476  0.34356362821315045  0.35392544067032078  0.36417702119439332
  0.37429570644385762  0.38423653192864066  0.39437919019412421  0.40476810679685610
  0.41521171790567257  0.42555967185386095  0.43603513197351962  0.44667443934955464
  0.45756822155374383  0.46846285984718311  0.47953881152450240  0.49080960994485839
  0.50208828979014208  0.51302016658015459  0.52357096392108882  0.53420104615713282
  0.54478796060534440  0.55555522204004693  0.56637709275335979  0.57724182194490203
  0.58757213389257390  0.59749962119880340  0.60759720928067296  0.61851868780072339
  0.62952197270607479  0.64011794834908764  0.65014894645505694  0.65982832927821411
  0.66958327651486871  0.67952586395361658  0.68975663530415421  0.69996817074800544
  0.71011487363926873  0.72030923992420370  0.73082564734823308  0.74135930201729572
  0.75182888072289467  0.76234386934257881  0.77306134926021020  0.78455012426001736
  0.79555223287588417  0.80629810438693905  0.81701718640293930  0.82790651267185256
  0.83854643943858687  0.84901558615744199  0.85940961246287573  0.87006644908974884
  0.88084131154406298  0.89177504154847975  0.90277169711901051  0.91378597217772028
  0.92431346075382614  0.93488589263992872  0.94538394891349686  0.95651777413628924
  0.96729049292557356  0.97809064088827358  0.98904224600317403  1.00000000000000000
 -0.00256383015990851  0.01065168750341943  0.02151733562532953  0.03320732683090852
  0.04485561312742258  0.05677479351693441  0.06876634144261069  0.08070864022580455
  0.09252036585284200  0.10435582177947218  0.11629446863644000  0.12791798506240507
  0.13919055946675429  0.15037494014093444  0.16172380242580550  0.17331730281317836
  0.18469621589027421  0.19551449045592614  0.20605578006958811  0.21687663609765948
  0.22797231623041656  0.23917562523081493  0.25036049663881893  0.26144190875343387
  0.27228249688952816  0.28295226028679110  0.29387116733866814  0.30491576660859482
  0.31604267147171844  0.32734287973012155  0.33880209776528303  0.35048542191197657
  0.36218641414902258  0.37342750332539865  0.38413389961327621  0.39477974826909756
  0.40576699332533406  0.41708661699126309  0.42845451687144914  0.43965634638686379
  0.45050771371171761  0.46112270573654368  0.47152569341796385  0.48188661982153252
  0.49226854180274765  0.50279150347829527  0.51345185427107098  0.52417194716366855
  0.53505122403435024  0.54597143332926434  0.55669925342136661  0.56725007369083358
  0.57766860478216253  0.58804860956617822  0.59840468725011942  0.60864980675001457
  0.61883172300694334  0.62899280088949128  0.63908621973480573  0.64903971615038281
  0.65894859655496996  0.66907007424653431  0.67934450011628900  0.68935999871588760
  0.69904279469158648  0.70861033315581268  0.71811722878361472  0.72762693089616348
  0.73734392084102618  0.74761707031612956  0.75844297717644571  0.76932280796836272
  0.77978406180250170  0.78980538096850228  0.79967282425398645  0.80942815202535590
  0.81936412468157749  0.82916349419206326  0.83891881395533008  0.84839172252881567
  0.85780274920247845  0.86721848992240724  0.87666718804268506  0.88618020605509817
  0.89566052185575473  0.90504711144121863  0.91431972089053459  0.92366134207314554
  0.93293452791167508  0.94213830031375423  0.95152755991485516  0.96101951944457531
  0.97085338343703975  0.98061401985844099  0.99027945373399928  1.00000000000000000
 -0.00266648904491794  0.01058766164623829  0.02128305597723675  0.03209535239684606
  0.04256660566572460  0.05298185135450340  0.06312683256789160  0.07344346663287996
  0.08374755906784029  0.09448443376962258  0.10535227329747363  0.11633144906065203
  0.12730190634646160  0.13845016754934958  0.14969259286969869  0.16093022817132394
  0.17193907636812145  0.18246495647696614  0.19281033480016482  0.20298762594335376
  0.21338405715151501  0.22354204650303142  0.23387207142915784  0.24437811737831841
  0.25449002369285001  0.26410341452825781  0.27366278070718120  0.28361646868573298
  0.29375578414654197  0.30423886055313321  0.31477881725134821  0.32520242003304900
  0.33526676174448633  0.34504786279101390  0.35483490769191101  0.36469596348977840
  0.37431851285945750  0.38413170590101836  0.39397463951449341  0.40428015002404138
  0.41489867020654320  0.42510354474352219  0.43541000405785890  0.44564192594927909
  0.45636109380163192  0.46741511630207327  0.47848829367694234  0.48923908360735729
  0.50001106430780362  0.51102272039171637  0.52237615261402581  0.53332420905718292
  0.54407410109746690  0.55483860131483032  0.56557340895515362  0.57650670668440929
  0.58750971354195958  0.59850518906376127  0.60920102291900713  0.61953767650359948
  0.62980996829985969  0.64019249896767139  0.65051656992825824  0.66063556552960090
  0.67064623712630822  0.68108518661531048  0.69166608747719049  0.70233119928560983
  0.71279989097891394  0.72343379805945784  0.73437156142113091  0.74537106434346234
  0.75636211700103884  0.76688724419430887  0.77734310092899273  0.78779361549193949
  0.79836235134123024  0.80898552361384490  0.81966241697260023  0.83064520854668489
  0.84158802629888607  0.85287149519716232  0.86413219110034079  0.87540603332525202
  0.88608969817576733  0.89656223253612599  0.90684786386245431  0.91706145459327848
  0.92699746441948694  0.93703999348398259  0.94752021661109409  0.95787599703387338
  0.96802983830554457  0.97828755199138828  0.98906986072915126  1.00000000000000000
 -0.00211752014232320  0.00696147223438217  0.01528092965208446  0.02358553840817532
  0.03209342566584705  0.04075603487631656  0.04942551329146827  0.05807980007833236
  0.06658134403197490  0.07492448645991935  0.08319303186807241  0.09147871740382181
  0.09990590063889318  0.10833586769236998  0.11659013723987671  0.12487778188412275
  0.13317472196847019  0.14170111460980672  0.15029021372335583  0.15897005961435301
  0.16763737850110322  0.17618694394251699  0.18483858362061245  0.19394243825381308
  0.20331838469086327  0.21235075453098234  0.22116847040326582  0.23022126121310921
  0.23970803052717424  0.24949073050590026  0.25913369976185713  0.26871059758611221
  0.27852315013647527  0.28846383979761414  0.29845478817610166  0.30825073352553084
  0.31821396974344873  0.32814363962962256  0.33801069272862622  0.34785410835122438
  0.35781167642800804  0.36785450188241620  0.37765184654250245  0.38704918265297983
  0.39639961721246497  0.40571465549993091  0.41474853495292219  0.42381451955126304
  0.43327848869933527  0.44373706722623057  0.45474647980834781  0.46580806947693676
  0.47704335999008518  0.48857435453805453  0.49978921027361956  0.51041608955886530
  0.52082121403884374  0.53133309393677208  0.54199614396064955  0.55247529608209467
  0.56286891289782404  0.57312392407007984  0.58347724925109901  0.59407685854764047
  0.60509774363220847  0.61645956474583274  0.62784430589865758  0.63933020044501687
  0.65062415538005769  0.66200214306023331  0.67347655862367906  0.68505247845608974
  0.69684783949595275  0.70845315492967254  0.72030857681221150  0.73228245879958631
  0.74459232396722630  0.75716439775568423  0.76985555539231021  0.78244120808216089
  0.79517742121469781  0.80813494570880540  0.82127643921855675  0.83458736638309494
  0.84820237634080220  0.86210403918615774  0.87607274339193553  0.88991767692456725
  0.90373290371198189  0.91743789424616562  0.93089154554823761  0.94467290330316989
  0.95839877903046833  0.97189278710422555  0.98554716704837964  1.00000000000000000
 -0.00257968602601617  0.00977321734821298  0.02002199832538985  0.02991422289005252
  0.03984990162224530  0.05044339382980303  0.06112516370070663  0.07130307817788972
  0.08145953360853044  0.09188394765809285  0.10203725437723554  0.11199558966091498
  0.12188659763974211  0.13212552057957694  0.14239884857502955  0.15278070815954131
  0.16364002510167847  0.17465245127127932  0.18560205891144899  0.19650018626421495
  0.20728638321435994  0.21803455712409148  0.22824963397143164  0.23879515512652369
  0.24962015186263997  0.26079104562335326  0.27175527807399558  0.28217148460398650
  0.29260023178986161  0.30311570246952085  0.31393280470410229  0.32479054960476567
  0.33543890235271084  0.34597498519749054  0.35631436070450551  0.36667055990895436
  0.37693672175990345  0.38748155850156218  0.39817930328497597  0.40864068604018078
  0.41874452715457622  0.42891682081040999  0.43923836484248752  0.44957274705580141
  0.46004636604304427  0.47079569799450360  0.48164435651313986  0.49231447020598668
  0.50305261385624667  0.51398396061321217  0.52458805916632334  0.53506931267596824
  0.54553720468057765  0.55603630145312244  0.56609929452249164  0.57591077865143081
  0.58592476131576943  0.59634066573342470  0.60711728687504429  0.61806015536272896
  0.62923613574259263  0.64031552857445162  0.65118335466287214  0.66182905265214553
  0.67263843163897419  0.68362161794943743  0.69447577933033822  0.70523630281870175
  0.71602587306962007  0.72672199580122143  0.73711434833826206  0.74756555879258368
  0.75845765553836375  0.76958600316101466  0.78077529583682015  0.79158511599862047
  0.80182966421979651  0.81189763316028707  0.82209548491283824  0.83239869254873011
  0.84252098134897813  0.85253715379727857  0.86294011125533909  0.87326453324273590
  0.88337372660434132  0.89297728204061944  0.90264838666926883  0.91228651009202422
  0.92252386196867586  0.93301272926489043  0.94374816142124929  0.95452322722245242
  0.96562294233729451  0.97706569751119421  0.98853344004200006  1.00000000000000000
   3.5687824123584260E-006  -1.0000000000000000     
 T T T T T T T T T T T T T T T T T T T T T T T T T T T T T T T T T T T T F F F F F F F F F F F F F F F F F F F F F F F F F F F F F F F F F F F F F F F F F F F F F F F F F F F F F F F F F F F F F F F F F F F F F F F F T T T T T T T T T T T T T T T T T T T T T T T T T T T T T T T T T T T T F F F F F F F F F F F F F F F F F F F F F F F F F F F F F F F F F F F F F F F F F F F F F F F F F F F F F F F F F F F F F F F F F F F F F F F F F F F F F F F F F F F F F F F F F F F F F F F F F F F F F F F F F F F F F F F F F F F F F F F F F F F F F F F F F F F F F F F F F F F F F F F F
  <DiscreteSampler_grid>
  grouped_processes
  1 # 1 for a reference and 2 for a running grid.
  10 # Attribute 'min_bin_probing_points' of the grid.
  1 # Attribute 'grid_mode' of the grid. 1=='default',2=='initialization'
  0.0000000000000000 # Attribute 'small_contrib_threshold' of the grid.
  0.5000000000000000 # Attribute 'damping_power' of the grid.
 # binID   n_entries weight   weight_sqr   abs_weight
    10   10   2.127467500684743E+005   1.962585391823721E+011   2.127467500684743E+005
  </DiscreteSampler_grid>
