 -0.00446478256001603  0.01308616335333113  0.02983814840792653  0.04652594618337404
  0.06354116514191575  0.08000151163070193  0.09353272563051092  0.10744970370056500
  0.12158571007515258  0.13576913737644436  0.15010962783310530  0.16485174625834415
  0.18103374711375253  0.19698491316934830  0.21280209798987387  0.22881287111161544
  0.24472092314361255  0.26050215695246193  0.27632141090198281  0.29211286247385948
  0.30783143198629942  0.32346755331337812  0.33905231344395897  0.35451469874231772
  0.36998531903265564  0.38546262683584909  0.40097027311564076  0.41652313765038196
  0.43215389243114666  0.44781652953436407  0.46343312308750551  0.47882996990522975
  0.49409516808720644  0.50927605206213078  0.52427455639375720  0.53920317815427499
  0.55401520858886510  0.56879917176409500  0.58358404824685028  0.59844228617891415
  0.61325197348813387  0.62801551631574626  0.64267272915742846  0.65730169685137196
  0.67188857854548711  0.68652189296079758  0.70117219969336941  0.71554663913237493
  0.72992450533314246  0.74430710525822374  0.75863128864640006  0.77293095104756182
  0.78718522080744036  0.80143236527483097  0.81567410066899704  0.82981827328474700
  0.84401299165725496  0.85833761198923175  0.87295879270140764  0.88774066464320223
  0.90248328170944259  0.91708694140489322  0.93142471156452855  0.94438999848663574
  0.95703374079903591  0.97099830137869569  0.97878223768643080  0.98121727866956920
  0.98130922521020880  0.98154593256692324  0.98225762846455067  0.98295848978692812
  0.98365857135241319  0.98436401059245116  0.98506791589659437  0.98577170588475183
  0.98647430391513835  0.98717229684945329  0.98787530527706235  0.98858246195983612
  0.98930750666227163  0.99002801567682475  0.99074067804369925  0.99145712141623377
  0.99216846234541523  0.99287629786014875  0.99358751504728371  0.99429931489222134
  0.99501000850563592  0.99572452302251702  0.99643862023027840  0.99715657440222460
  0.99786578093218459  0.99857240840967387  0.99928427244031715  1.00000000000000000
 -0.00422239632441970  0.01249611132930794  0.02730290507709497  0.04141745257579734
  0.05585452993490859  0.07055428286176976  0.08350529386495470  0.09378730915395497
  0.10298903698726133  0.11246128219404974  0.12202671665734997  0.13133164193994751
  0.14106754650709757  0.15281725257057990  0.16702902572503758  0.18268851607126463
  0.19711375636252665  0.21256302514258577  0.22576548073470873  0.23634248060189827
  0.24561605134813427  0.25470738183027880  0.26391770358521405  0.27255958761252735
  0.28076133181321339  0.28863440515815425  0.29551126800031635  0.30206305038234443
  0.30951776566845651  0.31721526233539349  0.32428587051055013  0.33133848276736955
  0.33865910447198139  0.34536171802580401  0.35219671687417586  0.35983589465928584
  0.36789512449935219  0.37582179588309195  0.38380543503670017  0.39126012751773270
  0.40229785555371950  0.41726177660798253  0.43237656931750723  0.44698922254839324
  0.45976758967778142  0.46938535227186584  0.47881722442756136  0.48839413428573902
  0.49791009289322186  0.50778471815807569  0.51732861425981158  0.52799050363193167
  0.54204710963838632  0.55045625202521620  0.55845191889503754  0.56690793464368794
  0.57579130548881297  0.58489677247672422  0.59371692160199974  0.60274506867411215
  0.61550149381910990  0.63211149844718950  0.64711997167341140  0.65690770840363999
  0.66737066868434081  0.67756224870715254  0.68763216590658893  0.69751311851674802
  0.70846844734406045  0.72323744382517063  0.73916152741992724  0.75454589038813025
  0.76893983971641444  0.78278344447873704  0.79702938424126968  0.80945051235229049
  0.81960295959131391  0.82884099961338853  0.83788931799314892  0.84668500549261427
  0.85501763059870783  0.86243683878828314  0.86962380031860098  0.87729011164436166
  0.88565474193279781  0.89414129519569807  0.90215505895679271  0.90995993820351861
  0.91750292141446577  0.92642025579722387  0.93548484874055493  0.94435400509617362
  0.95300360339510581  0.96451409153017187  0.98121218173560509  1.00000000000000000
   3.2193203663700579E-006  -1.0000000000000000     
 T T T T F F F F F F F F T T T T F F F F F F F F F F F F F F F F
  <DiscreteSampler_grid>
  grouped_processes
  1 # 1 for a reference and 2 for a running grid.
  10 # Attribute 'min_bin_probing_points' of the grid.
  1 # Attribute 'grid_mode' of the grid. 1=='default',2=='initialization'
  0.0000000000000000 # Attribute 'small_contrib_threshold' of the grid.
  0.5000000000000000 # Attribute 'damping_power' of the grid.
 # binID   n_entries weight   weight_sqr   abs_weight
    10   10   2.477299838782563E+007   6.137023643554308E+014   2.477299838782563E+007
  </DiscreteSampler_grid>
