 -0.00747776457197849  0.01500147800849932  0.03767286947783598  0.06087348192720995
  0.08353755664334031  0.10576642192143891  0.12422754575544412  0.14230518535340794
  0.16067790572962085  0.17896996733035930  0.19749005232816497  0.21760468671025396
  0.23795259776364758  0.25852549015265097  0.27881142424566774  0.29899413210907144
  0.31887785501754462  0.33870676128524285  0.35846297972727181  0.37812138476643076
  0.39774155156658014  0.41750042810040705  0.43726235338892866  0.45703079334702373
  0.47687023199804873  0.49676589897274293  0.51622393246527964  0.53556725116473536
  0.55464020325795815  0.57368125891557464  0.59266819415186067  0.61159063237174205
  0.63047238380781256  0.64939090837624569  0.66831126082842440  0.68721008694589569
  0.70623616305216319  0.72544426895486092  0.74469746001005599  0.76397326667344490
  0.78328057432770370  0.80229108758466872  0.81954075981460062  0.83660562692667384
  0.85341943176384538  0.86926447209818192  0.87852369113845463  0.87876001370387080
  0.87938393893945865  0.88109709916366408  0.88370355645200460  0.88625661844413661
  0.88879049548035527  0.89130890291398457  0.89381605596232572  0.89637321866427222
  0.89892899382119529  0.90147826768928629  0.90404200426228665  0.90657286266153136
  0.90910108937124623  0.91163852128217127  0.91418039993179090  0.91674995567924844
  0.91931829463309378  0.92185659403529863  0.92439725146785978  0.92695933803333774
  0.92954507521445207  0.93213657157474461  0.93471229364833386  0.93727918370182239
  0.93985506455609258  0.94242841718660109  0.94499472521598593  0.94756205060072363
  0.95014608282738311  0.95272755780511498  0.95533599317049733  0.95797197642553877
  0.96061910598777034  0.96326037482225524  0.96589390474604075  0.96851693660703786
  0.97112805591764806  0.97372347015718796  0.97633487651023154  0.97898649021525208
  0.98163574086321104  0.98426996688885748  0.98688049579502923  0.98948776672182648
  0.99211835129707937  0.99474335650720402  0.99736238800950339  1.00000000000000000
 -0.00444476948187697  0.01364635147294153  0.02947261565226605  0.04225756937884282
  0.05268040648114455  0.06279556126981975  0.07210308723048545  0.08134434685314186
  0.09081336747156002  0.10021111611802389  0.10925894778108122  0.11832191700702271
  0.12769629352923115  0.13699221756998786  0.14582817470942400  0.15598626607498273
  0.16597798511988462  0.17649860062560430  0.18711323965576332  0.20104407881425168
  0.21540381781301088  0.22825995590180659  0.23909263049206547  0.24955944987045312
  0.25979468815469337  0.26987439948091924  0.27877731720246446  0.28663047906913242
  0.29511168859181142  0.30414725153887867  0.31358937541399412  0.32785037093442282
  0.33868718828654704  0.34953560369566661  0.36136398687603971  0.37291208786307961
  0.38281151945349196  0.39216611803382806  0.40103067018714772  0.40931836727502574
  0.41733714326288246  0.42515780997196817  0.43329454611064860  0.44161783351573142
  0.44995844426049963  0.45861646415002599  0.46860505935104146  0.47835038405562519
  0.48849861596322464  0.49849509620839105  0.51032242333847000  0.52452359386785663
  0.53793703498652667  0.55212989136901469  0.56643257175188733  0.58013605782160704
  0.59082673602569624  0.60021910758546737  0.60948037049525183  0.61884679163748069
  0.62718387853127311  0.63465247240253186  0.64252868047008926  0.65188179472441121
  0.66229242260972954  0.67251865282135603  0.68357188329896568  0.69436021878592435
  0.70510057496505740  0.71527714947537124  0.72628253969887957  0.73682016269912765
  0.74718830682549142  0.75782628955468945  0.76984580996669383  0.78333133952852363
  0.79690102340107871  0.80966896988677506  0.82050395780180285  0.83074626778553762
  0.84084398288593210  0.85033970057962616  0.85981539967646925  0.86923209993602757
  0.88001211293837334  0.89302715578040537  0.90888653550459653  0.92301244249059222
  0.93405355100571896  0.94367497206384587  0.95347004974818894  0.96384089586235389
  0.97372646089460346  0.98272514378545706  0.99133961951449800  1.00000000000000000
   1.0906200157721730E-005  -1.0000000000000000     
 T T T T F F F F F F F F T T T T F F F F F F F F F F F F F F F F
  <DiscreteSampler_grid>
  grouped_processes
  1 # 1 for a reference and 2 for a running grid.
  10 # Attribute 'min_bin_probing_points' of the grid.
  1 # Attribute 'grid_mode' of the grid. 1=='default',2=='initialization'
  0.0000000000000000 # Attribute 'small_contrib_threshold' of the grid.
  0.5000000000000000 # Attribute 'damping_power' of the grid.
 # binID   n_entries weight   weight_sqr   abs_weight
    10   10   2.708519792216264E+007   7.336291043804831E+014   2.708519792216264E+007
  </DiscreteSampler_grid>
