  0.05550454754225394  0.07580453678528233  0.08667753660438848  0.09519979929425854
  0.10325503504132096  0.10974004258208242  0.11531796432556579  0.12034079185853132
  0.12520651972291302  0.13000447168820373  0.13415125806524691  0.13781916469358277
  0.14132875526486208  0.14470101424470616  0.14790043089551982  0.15076485871729037
  0.15324543846661740  0.15575671762423440  0.15849980378392256  0.16117736073947786
  0.16326727467126648  0.16512601604308366  0.16686426105781144  0.16853882137722034
  0.17018684423530442  0.17184045656494626  0.17343616060303163  0.17495807799465132
  0.17637402400302687  0.17776536536308757  0.17920297730741991  0.18067424620237305
  0.18206901569793366  0.18336931090619021  0.18463505651518036  0.18588385852000416
  0.18710654102655552  0.18832486551009456  0.18955296439760508  0.19075851450168627
  0.19170328110233303  0.19271487359410505  0.19373645389668676  0.19474400638113468
  0.19573196261264530  0.19669283020388950  0.19762810106951259  0.19853869137429217
  0.19939947049347628  0.20018491810310943  0.20090767822167757  0.20159185192841134
  0.20225482301355058  0.20290457379527610  0.20352633484926572  0.20406774866827840
  0.20458605663189619  0.20515298982667859  0.20572551583580012  0.20631064275070921
  0.20688154039028137  0.20744421977727359  0.20802210711978075  0.20861089042764461
  0.20917773324998457  0.20968569934350362  0.21018947672111971  0.21068947498351212
  0.21118262485980560  0.21170290192110625  0.21222885273368339  0.21274821049497916
  0.21324631910145450  0.21371247208005167  0.21414927716496229  0.21456875937384484
  0.21500044560665854  0.21543133346393395  0.21585304068356032  0.21625891152962481
  0.21665348488827957  0.21704346846190578  0.21742831514315400  0.21780516333098193
  0.21820999623893877  0.21863431891647245  0.21909281808917488  0.21982738183540129
  0.25647447179288052  0.26019004335631429  0.26222443689463470  0.26449776065778513
  0.26761378243839423  0.27325289092588512  0.28421641070882514  1.00000000000000000
  0.02775112510429233  0.04149323015246932  0.05601461375094578  0.06801275290923242
  0.07797999221141699  0.08761428322505309  0.09759280869168944  0.10774713879094196
  0.11816885979710164  0.12921177007154416  0.14170675746450806  0.15436452204252629
  0.16656372942920444  0.17533323600556514  0.18514520897992690  0.19423604765771932
  0.20370128155825004  0.21237075749516224  0.22114341502401413  0.23042631279566589
  0.24018297644047731  0.25002719934079015  0.25968853251949997  0.26891672189849003
  0.27970509287260231  0.29165022005050439  0.30336516106351979  0.31413105693270976
  0.32406516108072869  0.33385431115255937  0.34466390289040072  0.35637793822290403
  0.36756950218320972  0.37869653686492050  0.38976194443650725  0.40078380546255538
  0.41281971967899012  0.42587116702926447  0.43850710323343356  0.45068627342244599
  0.46261993953784186  0.47412476648852747  0.48517032248083475  0.49646157604945562
  0.50773879609933270  0.51792018673537410  0.52703685070084128  0.53586730634491908
  0.54497129460138460  0.55487806169513043  0.56471768428962821  0.57451580200485741
  0.58451779483871291  0.59543677749789026  0.60717200227936019  0.61820721074950225
  0.62799062842056452  0.63664189345739564  0.64447027678006652  0.65386756477723040
  0.66401688428349703  0.67541501786994251  0.68571131389769946  0.69599933573269801
  0.70636241516692699  0.71677049356986400  0.72781340092633040  0.74016402340466170
  0.75282747201249722  0.76491455596759539  0.77642806951194854  0.78725245794951415
  0.79802207359992361  0.80851022920316828  0.81845553515771274  0.82898141015832449
  0.83981961264380367  0.85115813797893325  0.86259436326028516  0.87367059269853298
  0.88480167914788566  0.89495506012037285  0.90277998991040409  0.91018722841973876
  0.91747586970392769  0.92290063620617935  0.92783637345344239  0.93290539820948748
  0.93836789868171944  0.94495376056134406  0.95144171612356920  0.95746192637594607
  0.96187542699162853  0.96606086343945063  0.97023231269357479  1.00000000000000000
 -0.00836140908281050  0.00728148542464067  0.02405591871116478  0.04754327147489860
  0.06982863577874125  0.08991792519672367  0.10944448179818644  0.12871325372355680
  0.14853848775716774  0.16894161794721144  0.18999161548591093  0.21158669592878793
  0.23365644980810313  0.25643382762126421  0.27861070097745566  0.30113147643012467
  0.32459134332227618  0.34760625991174704  0.37040955888117705  0.39533822736762214
  0.42022656600347980  0.44468339319615652  0.45945742834287662  0.46740598236222092
  0.47048272525503693  0.47312326697146845  0.47987524999023212  0.48686576504626988
  0.49400888066891563  0.50066463415200690  0.50695194457274173  0.51307323497705748
  0.51920803042390318  0.52567449369034447  0.53239460322695120  0.53902193864591086
  0.54536926743509129  0.55214634042881605  0.55835964279201566  0.56415641065125188
  0.57009171217457044  0.57623497752026687  0.58256705117703655  0.58923377005269661
  0.59584464857232644  0.60237019515899581  0.60995084495000051  0.61837286805117686
  0.62652463765640309  0.63454888736794079  0.64165140520104680  0.64827598469470327
  0.65508540496923828  0.66284068393825013  0.67051725758114011  0.67839190649378389
  0.68686676054595441  0.69425877939368263  0.70083833463743206  0.70760165449283896
  0.71540170672169090  0.72365503039692558  0.73161719726602870  0.73971976148256324
  0.74671169720630515  0.75311319350058514  0.75985897013028647  0.76743717382897247
  0.77515110508732721  0.78249837215267581  0.79017767992166243  0.79781269172699776
  0.80507964004579702  0.81210060484845570  0.82016113777862221  0.82944601811121865
  0.83802573964620386  0.84536966611105246  0.85196562014788579  0.85963507704250508
  0.86802216607082350  0.87669075140435149  0.88631702036163840  0.89664917822894641
  0.90629787041002230  0.91507173531281738  0.92278138924620778  0.92999300410571806
  0.93723806726571768  0.94474384618299556  0.95272024924584398  0.96126498799088178
  0.97086703536616703  0.98089285373526514  0.99074234584452969  1.00000000000000000
 -0.00245454607902466  0.00920188713709029  0.02008718063528053  0.03181833913342813
  0.04396399207670065  0.05504843581284074  0.06472892578026335  0.07416962949439222
  0.08333846124504775  0.09410366364097784  0.10478451548813955  0.11283351909302473
  0.11969979372805042  0.12649647027793290  0.13375577797327171  0.14093862155163173
  0.14754696721210753  0.15412684234260174  0.16114988201659922  0.16805370949187248
  0.17786401818219016  0.18727523223181655  0.19653964433404847  0.20533648444851818
  0.21593839372355111  0.22724993150705158  0.23989865158761142  0.25347558294159317
  0.26587990007640422  0.27805433528742290  0.28896574052948637  0.29863854749024543
  0.30821989718747950  0.31678929761548569  0.32491061762685813  0.33399147532640566
  0.34455716820682369  0.35686423253488447  0.37055350729589737  0.38222502682187337
  0.39388288373552011  0.40472753396137479  0.41615100554108403  0.42877151815170134
  0.44213107421429587  0.45571839846148610  0.46756460695608321  0.47720663819706866
  0.48699461853664516  0.49667085373089542  0.50655595099208883  0.51672973379756770
  0.52867835008330055  0.54242623090778452  0.55564822496538913  0.56796577674868975
  0.58005660151072558  0.59260420739407960  0.60405334583743620  0.61263945304694656
  0.62125557334287040  0.62974560098967336  0.63806902000726884  0.64624835692799809
  0.65438573992831195  0.66238166461172854  0.67270204070289363  0.68611115339550999
  0.70006370537332674  0.71325348502875030  0.72587026957232503  0.73855619937998540
  0.75120807961826452  0.76343268281338439  0.77521550362380220  0.78738588244610475
  0.79946492998584640  0.81092261317895509  0.82258617723781835  0.83450245384393740
  0.84672447443746579  0.86011969944453759  0.87325836944092583  0.88404518966081125
  0.89348685472952694  0.90253900376406648  0.91114663793674000  0.91963568235957915
  0.92852986947332672  0.93818394802044847  0.94905828387627744  0.96013441205397221
  0.97072962047596378  0.98062247967870675  0.99025449465485238  1.00000000000000000
 -0.00322451973697168  0.01014923437049705  0.02207342993664878  0.03427453368080505
  0.04762595700491379  0.06139645872624032  0.07331319131938795  0.08654947365004786
  0.09924313521495658  0.11131169165693723  0.12185228312854227  0.13288890235854928
  0.14490339984218903  0.15744648525495353  0.17069383729363394  0.18441846022995487
  0.19772987094617844  0.21010222447801308  0.22132920942936413  0.23282598978334298
  0.24446754565278478  0.25482032516783171  0.26446076109055383  0.27409880432256856
  0.28315783802904571  0.29229975243362083  0.30096217503098788  0.30926073936919402
  0.31860920025883821  0.32803565350108616  0.33678708153396619  0.34475173725431890
  0.35301327554863277  0.36339741270283143  0.37480952760185982  0.38631642160286650
  0.39861046793412608  0.41118450837636888  0.42288859425546671  0.43471109678320413
  0.44601836980347498  0.45587250520703387  0.46479943230850124  0.47370097715836029
  0.48426650708028818  0.49663144491744177  0.50959756477697371  0.52243522043138313
  0.53449448581341230  0.54668481346170450  0.55868013680383377  0.57048833401973376
  0.58061383116111120  0.59080104935730338  0.60044543550961327  0.61053561664049183
  0.62160807307526211  0.63382365311962741  0.64678900728369737  0.66141481313981687
  0.67636138847222238  0.69017149296817737  0.70320043387590359  0.71209232935869271
  0.71827234496717096  0.72433010285818877  0.73050644897683292  0.73696431514877458
  0.74404703188677535  0.75104704374060061  0.75781202568340833  0.76450684565809568
  0.77158105951490841  0.77960856999522887  0.78783738177074680  0.79680674744371049
  0.80727904054280086  0.81858623373165063  0.83008613015690602  0.84130543749162545
  0.85220739762306497  0.86288896237236645  0.87337579770184115  0.88399146359420433
  0.89455439857780350  0.90494780004516839  0.91517620407591949  0.92469503890271743
  0.93385445647438947  0.94277880385615576  0.95146734849849302  0.96051634797709673
  0.96971156954077131  0.97912195804447077  0.98924746653485396  1.00000000000000000
 -0.00210209380426198  0.00949604422559193  0.01940700115196790  0.02970021455157308
  0.04057458771888588  0.05229983426426202  0.06497565049482038  0.07760009846795542
  0.08659310732248002  0.09381487451727161  0.10131759456961566  0.10944074078747618
  0.11820230097983599  0.12695728889856975  0.13563797861249627  0.14465856244109215
  0.15414859741508910  0.16399519394121279  0.17462773019453451  0.18653923725482907
  0.19863637943252477  0.21075034947871218  0.22404310006505446  0.23711350827204539
  0.24873399512077132  0.25944628890112637  0.27062902005208095  0.28192309118291220
  0.29299199893681327  0.30336862517169488  0.31435543271150646  0.32620200775676572
  0.33815016773269996  0.34914337675276091  0.36069751133153066  0.37319294965231337
  0.38509913306874105  0.39736298479559817  0.41011174458739919  0.42318661116764839
  0.43579272662359020  0.44655855869289357  0.45594282739978043  0.46548533627974559
  0.47551299401522529  0.48550486046999169  0.49559195710098403  0.50727736478075736
  0.51907724867510574  0.53014654884273660  0.54068309934569536  0.55139455602718945
  0.56249499707906736  0.57418633686634224  0.58618368036839041  0.59768177083235385
  0.60882520909080939  0.62001864105870907  0.63205673556302522  0.64446324379186681
  0.65618335878054623  0.66708271451895473  0.67721764278959584  0.68716427800325863
  0.69734237811131194  0.70728167489401539  0.71799365620861533  0.72926948954464876
  0.74096942579906433  0.75346603872407591  0.76659474648663217  0.77994381954203984
  0.79280245215914169  0.80467614088446260  0.81577200663934191  0.82621603948575673
  0.83593829964629784  0.84540892139186730  0.85579521015184745  0.86763428552644639
  0.88095913043444796  0.89356000593616558  0.90424673891459184  0.91340569797700155
  0.92260324476825295  0.93257324191160917  0.94125004857366978  0.94780561008235098
  0.95357884759850575  0.95953204062620423  0.96693020458614543  0.97404344500626361
  0.98108553734643400  0.98767411981900610  0.99391725852446333  1.00000000000000000
 -0.00118364292602016  0.00465305540109725  0.01075281034413812  0.01778551708295494
  0.02455210440869158  0.03047622376443293  0.03649111076911513  0.04305737050557387
  0.05059036917632530  0.05791440903481242  0.06481487646002634  0.07139689854172425
  0.07789308248945304  0.08491947841971779  0.09353631540702739  0.10258743915638312
  0.11201959773167192  0.12123457438104421  0.12882201274232602  0.13470108242275047
  0.14005611924507919  0.14509654016624587  0.15078109937145967  0.15735567231283570
  0.16411967292477556  0.17081574604428876  0.17772936255403393  0.18443534620120733
  0.19285359353791368  0.20271432301031211  0.21248067394619266  0.22163066109412308
  0.23189803411452670  0.24149169270823448  0.25013984381816612  0.25883960728792171
  0.26805712172686030  0.27818341132079866  0.28773688761046734  0.29757049057662788
  0.30862741907642310  0.32038391223620694  0.33273266547665342  0.34493184728599935
  0.35662560547656125  0.36783515123472638  0.37954360516070290  0.39149420223244979
  0.40337678717651204  0.41432879093456115  0.42461006007744240  0.43561527681431417
  0.44753529164109462  0.45945598424781536  0.47106356584535108  0.48375855078722696
  0.49575237445742620  0.50630718870853419  0.51622100745706456  0.52695794760587999
  0.53855231151421312  0.55140768216803915  0.56580314980672142  0.57936114015485884
  0.59061093885749449  0.60113588033541898  0.61240066775239776  0.62416274818163020
  0.63667088794270499  0.64840271889336898  0.66071892025520040  0.67232998300973690
  0.68395083556340308  0.69526036240033384  0.70651539709084432  0.71792446960472911
  0.73074251456933970  0.74515370912646850  0.76044485127292616  0.77462856056296758
  0.78740809650627375  0.80049973703722987  0.81437101113046673  0.82748518582431441
  0.83968794491765586  0.85245468466443530  0.86681339431886573  0.88165615478327020
  0.89585353731051520  0.91001422420318689  0.92444363203786140  0.93855924977561689
  0.95243879229270634  0.96672813455651296  0.98234678089030936  1.00000000000000000
 -0.00316293024436621  0.01320768120106814  0.02468235546955418  0.03377108597894140
  0.04353796366831993  0.05342540024699103  0.06385979075444989  0.07389573824990207
  0.08442121399855604  0.09606012915389728  0.10820454399363261  0.12091647569308667
  0.13450846627090193  0.14745459583228124  0.15835531217318005  0.16788447971283299
  0.17697934226406700  0.18591912680144021  0.19473173240488786  0.20334345766232095
  0.21251074591284505  0.22280299620792010  0.23264697307882407  0.24128414623815345
  0.24869774209553600  0.25394289752587706  0.25908381209980952  0.26563567072492206
  0.27202865093072837  0.27771871305884399  0.28346921436747047  0.28946691063325547
  0.29601504377002824  0.30303834361020454  0.31060812568426666  0.32175730317061718
  0.33521961688086993  0.34681386962075933  0.35903408851780133  0.37176456362481686
  0.38702528479675030  0.40018681666921557  0.41013139528241954  0.41963489756846784
  0.42950330143905280  0.43977840029139642  0.45010634599638799  0.46012410421005079
  0.47029012182608992  0.48080335133416885  0.49126572263620061  0.50239233522749005
  0.51405208176536532  0.52598825933110216  0.53832118756018044  0.55148629072537347
  0.56427901782296330  0.57604794874662424  0.58631884843884796  0.59515903580634766
  0.60388780156538435  0.61263000786048882  0.62192019904854512  0.63236888092997268
  0.64305638629719497  0.65482401571484217  0.66769953339164867  0.68089162077028886
  0.69418242420330734  0.70766716507751126  0.72100423595020136  0.73388621655948816
  0.74622259574771210  0.75863719696951548  0.77221522960346112  0.78555106745205494
  0.79881561312029625  0.81084502025156469  0.82246725490247441  0.83356948866661529
  0.84592037963812805  0.85713540316100745  0.86864183598164313  0.87849853870062167
  0.88778838534993709  0.89604113912261152  0.90406708300307947  0.91126230710744116
  0.91862950759202122  0.92599616153049824  0.93401428683240173  0.94493903487594544
  0.95784569495418614  0.97103589318313244  0.98474704312028394  1.00000000000000000
   2.4730006059607583E-007  -1.0000000000000000     
 T T T T T T T T T T T T T T T T T T T T T T T T T T T T T T T T T T T T F F F F F F F F F F F F F F F F F F F F F F F F F F F F F F F F F F F F F F F F F F F F F F F F F F F F F F F F F F F F F F F F F F F F F F F F T T T T T T T T T T T T T T T T T T T T T T T T T T T T T T T T T T T T F F F F F F F F F F F F F F F F F F F F F F F F F F F F F F F F F F F F F F F F F F F F F F F F F F F F F F F F F F F F F F F F F F F F F F F F F F F F F F F F F F F F F F F F F F F F F F F F F F F F F F F F F F F F F F F F F F F F F F F F F F F F F F F F F F F F F F F F F F F F F F F F
  <DiscreteSampler_grid>
  grouped_processes
  1 # 1 for a reference and 2 for a running grid.
  10 # Attribute 'min_bin_probing_points' of the grid.
  1 # Attribute 'grid_mode' of the grid. 1=='default',2=='initialization'
  0.0000000000000000 # Attribute 'small_contrib_threshold' of the grid.
  0.5000000000000000 # Attribute 'damping_power' of the grid.
 # binID   n_entries weight   weight_sqr   abs_weight
    10   10   3.329242143944143E+002   6.770162876020230E+005   3.329242143944143E+002
  </DiscreteSampler_grid>
