 -0.00158482372524218  0.01208200145363584  0.02366247576106124  0.03495582165464783
  0.04577866492437671  0.05634621005664842  0.06671748076758306  0.07699934151163125
  0.08718255313699774  0.09702552236966248  0.10703638604972776  0.11710790202790797
  0.12715828100698540  0.13700777464106165  0.14692232372879355  0.15693595016762296
  0.16710086511886277  0.17756454262221233  0.18823107764670069  0.19899395669737682
  0.20963642486687351  0.21999568810200226  0.23040899922430602  0.24072740959243893
  0.25091820971438400  0.26111214195150534  0.27125340707474355  0.28139763072660340
  0.29162097346355692  0.30192426700946406  0.31224021476630875  0.32253852921299786
  0.33289827514335057  0.34350940214113762  0.35425121771286833  0.36494842931825794
  0.37564745769852237  0.38623877186234107  0.39676532396722175  0.40729560677648369
  0.41798566387653679  0.42896929059528655  0.43994102705852189  0.45067412648688965
  0.46119301644691457  0.47148427379650931  0.48165444130579332  0.49174644186800154
  0.50181103451012621  0.51199129669087651  0.52236302088655628  0.53286157950469804
  0.54339586170039766  0.55390962357004814  0.56433044559752199  0.57452067542834506
  0.58460182794840154  0.59481722833546580  0.60517580434308149  0.61568486401200506
  0.62650380824419893  0.63754070723836143  0.64843583653034342  0.65923889330531460
  0.67006533866108486  0.68115513489063717  0.69233435941188637  0.70337265740956312
  0.71393207152201732  0.72425523042719164  0.73466186938486711  0.74514936537436993
  0.75554845484012778  0.76587760523865811  0.77635532359846759  0.78714612118129135
  0.79787187533588000  0.80852799322716840  0.81923332910821478  0.82983287847376563
  0.84058068185864165  0.85117957803031286  0.86175889496381730  0.87224059366815199
  0.88280808498480301  0.89364970786450770  0.90426711414269256  0.91444399798427323
  0.92427771263828995  0.93415047044507549  0.94412704500219347  0.95418189830756428
  0.96401957130529303  0.97416859242361165  0.98611817482694464  1.00000000000000000
 -0.00189124749470684  0.01335802882499066  0.02562365246124110  0.03679105077002064
  0.04762927267204398  0.05821649254824312  0.06866988170824409  0.07899568427009661
  0.08931580881292976  0.09997708191846703  0.11065518030447472  0.12089976368099264
  0.13066779156097269  0.14021976574799008  0.14986227964754137  0.15955085006790476
  0.16942976765876794  0.17952496522157296  0.18994454389551513  0.20061823012541838
  0.21129770718851762  0.22188678941369164  0.23243595866910283  0.24298259086611418
  0.25353686507436862  0.26394997086464611  0.27419163663638119  0.28452626009914800
  0.29523646481126775  0.30630871087379247  0.31757851433916240  0.32885082580689357
  0.34000198781472624  0.35093031041423134  0.36188683255318477  0.37263943909969671
  0.38316297844508562  0.39353776972628746  0.40404802855676852  0.41475189749117569
  0.42533053454680880  0.43598314977277269  0.44650598576879413  0.45711784817651352
  0.46769026989750340  0.47820698185940574  0.48884168939099837  0.49938059879400609
  0.50987470579949612  0.52018480064619377  0.53074772598244602  0.54155391806362085
  0.55250196296745291  0.56335720261594358  0.57424368561770001  0.58522984957810664
  0.59618658116732881  0.60689193373016526  0.61743521452485961  0.62775240665723531
  0.63831096261977960  0.64917567558945954  0.66043720643875636  0.67103575726760711
  0.68145771187020387  0.69176538941566401  0.70198753878914677  0.71251097305234279
  0.72247361381899289  0.73270335368867789  0.74256244164077834  0.75289584742285298
  0.76316112627710497  0.77317032313542278  0.78291206660007839  0.79282259078019990
  0.80322948935351512  0.81375159205401970  0.82390015396465954  0.83408481727344863
  0.84392102615949671  0.85395585719911393  0.86382463930558939  0.87355497841822360
  0.88325776669546330  0.89306095921308137  0.90355901164229524  0.91459905169472633
  0.92488464647465729  0.93506792247920822  0.94515645662432146  0.95540199194797371
  0.96591464833421325  0.97635218444203731  0.98780379617360325  1.00000000000000000
 -0.00675004473126922  0.00826405526567061  0.02571137609465843  0.04769478620402694
  0.06871027008885487  0.08930513536500322  0.10955009118369854  0.12905133198143534
  0.14802207924388724  0.16662645494439013  0.17447131081476722  0.17848989644527377
  0.18538649754467024  0.19216944423723303  0.19887834578534686  0.20550413434073328
  0.21211725216098976  0.21885395215092324  0.22570274615902192  0.23259980772278238
  0.23959898947260080  0.24671327851532510  0.25389761887874746  0.26111142413348515
  0.26834611072999093  0.27569776368066301  0.28317662960687029  0.29076997601843363
  0.29841244428925018  0.30615886182564156  0.31396953004876310  0.32188048017401005
  0.32990726256060182  0.33800777227664858  0.34612665689394612  0.35430261512546035
  0.36264364900321894  0.37109717505596590  0.37961042333900996  0.38821092306599186
  0.39690930457695489  0.40568113016891982  0.41450826655304307  0.42337341892190883
  0.43227169605909371  0.44121810357640973  0.45023854025095361  0.45936927167555724
  0.46863152484769621  0.47799622619638593  0.48746147908124876  0.49702485216284092
  0.50664349397749464  0.51628561285053465  0.52598140275913519  0.53579805667934655
  0.54573876461494952  0.55581749720978813  0.56599245942825649  0.57622889645705166
  0.58651228184042581  0.59683542673813750  0.60721181102873667  0.61768055301196423
  0.62834838049778807  0.63917497612380747  0.65006177563635126  0.66093497218409514
  0.67184037578185740  0.68287888021420418  0.69399719395271475  0.70516825694455476
  0.71634410119761416  0.72755360000034186  0.73888425123782853  0.75037056804317259
  0.76197970040049012  0.77366699102908132  0.78538141094216263  0.79716276581419543
  0.80906245733932525  0.82109295594999931  0.83326162738777398  0.84553653854620714
  0.85786726432096538  0.87022925159735853  0.88264206225159458  0.89522378569536798
  0.90805331988203120  0.92101714900433107  0.93402114222940924  0.94702577877555993
  0.96012568083593242  0.97332546373380047  0.98663480411001037  1.00000000000000000
 -0.00237494389943399  0.00975127067696219  0.01995622966267032  0.03048513432483822
  0.04078044824704850  0.05106634822244496  0.06129094798881991  0.07162182013870284
  0.08189267043410896  0.09235887820973748  0.10258528331338192  0.11313614772096933
  0.12396114827865543  0.13528140457453783  0.14630850253194977  0.15688214367303732
  0.16698035714240722  0.17710558683560873  0.18708830491888664  0.19742954113855912
  0.20765553946240986  0.21833178509870135  0.22908534735394737  0.23992555175942340
  0.25051635128654909  0.26094188811622432  0.27145732936154465  0.28237621155157155
  0.29353663317014878  0.30467403640573837  0.31560804917814822  0.32628815698604374
  0.33695445589890438  0.34747984552925321  0.35799442909562618  0.36868955047076479
  0.37973853383871031  0.39102768165416846  0.40206803489891257  0.41284432849571273
  0.42354256800762002  0.43409923300289927  0.44449457243828416  0.45496488153939674
  0.46572090434703906  0.47680625576114111  0.48796114258638296  0.49881039856563431
  0.50942969183506370  0.51989621181647439  0.53046915922181925  0.54109265532266937
  0.55168229526418577  0.56237519994702467  0.57295046162904606  0.58348804231566587
  0.59404514099596228  0.60461650085773633  0.61521798836285235  0.62570636556854564
  0.63616098108534391  0.64660258897585576  0.65692984610332805  0.66737644518533179
  0.67744762824547711  0.68765170133363729  0.69815687075333543  0.70857694629959966
  0.71882247351608775  0.72906405613062286  0.73982269519779364  0.75065756218969915
  0.76114847532454655  0.77156334253382097  0.78214605744379595  0.79297031841010068
  0.80394918907260327  0.81456736919525841  0.82499689713765256  0.83534529085934306
  0.84600851478773198  0.85704376974518159  0.86808478352622098  0.87881690866261475
  0.88914044113326851  0.89940613357781130  0.90908406257342134  0.91872129696228699
  0.92793640191050319  0.93730533054147336  0.94708923597595784  0.95671100767279549
  0.96698929809090972  0.97756369788793429  0.98869981385700945  1.00000000000000000
 -0.00256799673346060  0.01035391394284171  0.02097989572994420  0.03238564790209637
  0.04351807930582625  0.05572445615476389  0.06758016804389981  0.07927058042779801
  0.09070018068817493  0.10191534902240190  0.11293932694861471  0.12397270984020171
  0.13520869926122650  0.14675507092595838  0.15854808277041155  0.17042864263068347
  0.18245109304704821  0.19404884900276895  0.20495677437534193  0.21577488070122883
  0.22669040625037257  0.23756337832410068  0.24828693729225954  0.25929461498384071
  0.27054828138201575  0.28146113204450185  0.29215024461025374  0.30289451702104625
  0.31357723204506305  0.32403666630258582  0.33453644424576123  0.34530710026137174
  0.35612276987604674  0.36682457433476962  0.37753091800109462  0.38835745444167635
  0.39939919408227292  0.41057910777097523  0.42170657134013867  0.43270596986160181
  0.44368097416270585  0.45467622391444507  0.46579609590814985  0.47700576297862940
  0.48775296527314832  0.49794792156174245  0.50787521059085905  0.51778373098774588
  0.52797248324869084  0.53836522566386369  0.54886463667359586  0.55951422594291911
  0.57020974244640021  0.58085821022466311  0.59129863411497285  0.60177989604190740
  0.61270869749116619  0.62389938322802130  0.63483929369582204  0.64557661544465894
  0.65576673794131368  0.66578602010510646  0.67550726336453848  0.68526393240864614
  0.69528874780754957  0.70548917229606067  0.71563356358860919  0.72558728151295782
  0.73550601628625423  0.74538674309721764  0.75524498195024448  0.76484477391911343
  0.77441283791026116  0.78404162090557539  0.79401419828917064  0.80408772089439473
  0.81408500274275919  0.82381233837443657  0.83351624092651078  0.84357048861473161
  0.85366839487238766  0.86363072448053801  0.87349612297788481  0.88367093355138793
  0.89379375099753200  0.90374662890489266  0.91348561664957417  0.92310487850867673
  0.93276023128956098  0.94229494785715928  0.95188983076230815  0.96155358283371006
  0.97098483391711154  0.98055325427808238  0.99014703983780283  1.00000000000000000
 -0.00234590421435571  0.00934548304344211  0.01909139975711623  0.02930049252982099
  0.03937603293483579  0.05023122883156340  0.06104823269116943  0.07189429259140226
  0.08260912443737292  0.09405029848216287  0.10527276263838371  0.11634397700708940
  0.12717313342008266  0.13805906011112209  0.14896174710479304  0.15996327998046225
  0.17080188711883060  0.18095301477096012  0.19115035911917450  0.20128671176044102
  0.21159500965104808  0.22159274738347212  0.23156323005419324  0.24169043861796480
  0.25185674912907230  0.26211723817705196  0.27250907117607021  0.28315495636215315
  0.29351245310133212  0.30409525030316292  0.31451554732018566  0.32510947775101329
  0.33579990331499432  0.34669155226173309  0.35781943056236848  0.36890540540178723
  0.37977607644828387  0.39041066445037398  0.40097770481899631  0.41157177107701159
  0.42210568995036241  0.43243704265292587  0.44257465393726869  0.45283218536379083
  0.46335787835899478  0.47408452409977747  0.48468016500289035  0.49532114594450899
  0.50642785563937120  0.51774450478622214  0.52898722584498337  0.53999989617678545
  0.55075643115420736  0.56157449860634068  0.57235048520944487  0.58314951468823828
  0.59387862742812636  0.60467504656782167  0.61560347181451169  0.62664474828307182
  0.63799659972249334  0.64887819502863431  0.65921606265680188  0.66929060431905740
  0.67939469893297111  0.68919971385512391  0.69907762968540910  0.70889432048452883
  0.71952652102285775  0.73018901476516707  0.74106592693338225  0.75154084402330423
  0.76119547472835780  0.77067859710667264  0.78043503587485286  0.79059845051423205
  0.80106204055695074  0.81145060851408091  0.82254938464355620  0.83344038410364174
  0.84359811704021648  0.85365580957157106  0.86365566821801154  0.87367507382711007
  0.88368048179987424  0.89354116294764208  0.90413693414250085  0.91508653990593747
  0.92605367681451634  0.93695959786441452  0.94791343843174969  0.95890396758409591
  0.96941736252260735  0.97966510911879778  0.98983522092185472  1.00000000000000000
 -0.00193697369055210  0.00690687644253403  0.01482634497536575  0.02277548268163981
  0.03076161333043131  0.03884529715156831  0.04702863355634623  0.05541810748968736
  0.06379384276000508  0.07204724053179389  0.08008764390749540  0.08800158102887433
  0.09595549074927748  0.10403805212660971  0.11221252639502291  0.12047361482433903
  0.12890194078328285  0.13753749308810501  0.14648164576589712  0.15569180505470989
  0.16474716321933242  0.17362256504158100  0.18252147290375234  0.19157799737921291
  0.20065796555103030  0.20977884924642023  0.21886636509736629  0.22807883466241333
  0.23747536648134390  0.24706778275957197  0.25639863807336544  0.26594814880683332
  0.27522400339200959  0.28450250199300803  0.29354237187458854  0.30278358659955590
  0.31208798098253127  0.32208084682626748  0.33178326910059835  0.34180567941977014
  0.35174563371987344  0.36163952157348206  0.37155284296041519  0.38155734342307834
  0.39158494599138338  0.40164843331700356  0.41162163584703515  0.42156281622212449
  0.43166337676674160  0.44182425828815014  0.45220317703322482  0.46290569007727778
  0.47365136302316263  0.48427563982832378  0.49482177964213259  0.50559581774159346
  0.51666234557172397  0.52763805156737775  0.53840368086454649  0.54912501563346761
  0.56003953804057893  0.57114519010969511  0.58249638042369811  0.59399033314214389
  0.60580987660721208  0.61800548144364609  0.63024120164539443  0.64251072087359773
  0.65429174588579719  0.66595049691449926  0.67713814140854256  0.68866527616709527
  0.70014856832583205  0.71131856363877721  0.72244661301987434  0.73446656345841543
  0.74733199587267463  0.76079617187968918  0.77412309013118041  0.78704441123291835
  0.79963160907621156  0.81233962276956118  0.82505091984581536  0.83796413735749098
  0.85071498065288564  0.86379949126219258  0.87682055061913877  0.88984719756485697
  0.90318322913717775  0.91689227110741167  0.93075356641128604  0.94481497757581379
  0.95895162100769882  0.97288067596579908  0.98655022586616636  1.00000000000000000
 -0.00259582636247164  0.00995966814142273  0.02062183700729167  0.03147169753507503
  0.04221835642692097  0.05269561193944345  0.06336806681604712  0.07426306321893751
  0.08528282908017182  0.09618120353836221  0.10690804192813008  0.11726413853747007
  0.12777556097061910  0.13770633817732419  0.14764487235371079  0.15754112887597504
  0.16777515714800811  0.17809718759929444  0.18830009274742698  0.19844423424754715
  0.20864518766381551  0.21917856152401094  0.22993049061864448  0.24030088480605571
  0.25065463706488827  0.26098518374180779  0.27127902699039608  0.28147632990544968
  0.29168226569156830  0.30223949396940752  0.31299773750079729  0.32362727511805717
  0.33404522128148861  0.34431017734795999  0.35444369993584329  0.36468285246654913
  0.37508677457189032  0.38576167737575762  0.39662201399188979  0.40731302383786239
  0.41785713189536611  0.42861398157102237  0.43955035958011279  0.45044406489688121
  0.46112141713794308  0.47153038198422559  0.48190754509634198  0.49231779466129194
  0.50286306774916378  0.51330494401034643  0.52365794886943062  0.53420823927036987
  0.54481581057129791  0.55510434159678879  0.56530250864913023  0.57542804146104909
  0.58557206482787838  0.59562846538653968  0.60590891993824381  0.61664508953430464
  0.62734374793189762  0.63771467314483554  0.64802728640185714  0.65836175238366212
  0.66882732769850683  0.67921583177235567  0.68974876633174753  0.70081594284325588
  0.71192835329077975  0.72305379464618247  0.73401668658536001  0.74495159555749157
  0.75578621647008981  0.76651042754661969  0.77685439182376048  0.78707888922549074
  0.79766544001074624  0.80849007217306657  0.81960431463149819  0.83077057345113481
  0.84205885818411375  0.85328549282603205  0.86424660611771176  0.87510912597173240
  0.88587522262220175  0.89658502361429004  0.90750163963988140  0.91826716957724541
  0.92907626700551038  0.93949044603364484  0.94945999640446244  0.95941511177503658
  0.96922450791729842  0.97924071234325560  0.98937888180522182  1.00000000000000000
   2.9531972363449098E-006  -1.0000000000000000     
 T T T T T T T T T T T T T T T T T T T T T T T T T T T T T T T T T T T T F F F F F F F F F F F F F F F F F F F F F F F F F F F F F F F F F F F F F F F F F F F F F F F F F F F F F F F F F F F F F F F F F F F F F F F F T T T T T T T T T T T T T T T T T T T T T T T T T T T T T T T T T T T T F F F F F F F F F F F F F F F F F F F F F F F F F F F F F F F F F F F F F F F F F F F F F F F F F F F F F F F F F F F F F F F F F F F F F F F F F F F F F F F F F F F F F F F F F F F F F F F F F F F F F F F F F F F F F F F F F F F F F F F F F F F F F F F F F F F F F F F F F F F F F F F F
  <DiscreteSampler_grid>
  grouped_processes
  1 # 1 for a reference and 2 for a running grid.
  10 # Attribute 'min_bin_probing_points' of the grid.
  1 # Attribute 'grid_mode' of the grid. 1=='default',2=='initialization'
  0.0000000000000000 # Attribute 'small_contrib_threshold' of the grid.
  0.5000000000000000 # Attribute 'damping_power' of the grid.
 # binID   n_entries weight   weight_sqr   abs_weight
    10   10   1.782111514676230E+005   8.528845803351955E+010   1.782111514676230E+005
  </DiscreteSampler_grid>
