 -0.00151784974277207  0.01179965245003334  0.02341066103901513  0.03448543874964954
  0.04539081353107068  0.05619140327809918  0.06707399018550891  0.07807501486207270
  0.08920451664845674  0.10058136426000029  0.11175225148818585  0.12255504364083400
  0.13320364607413515  0.14414762420751556  0.15538972928356762  0.16665608019105294
  0.17761953771466077  0.18835692814568183  0.19913260460140100  0.20989634037258986
  0.22041124915784302  0.23081292469781836  0.24096079813876350  0.25104714741301015
  0.26104316211326567  0.27113744894987735  0.28126719402380884  0.29138081879995498
  0.30177400851209241  0.31226531002733932  0.32286622742007298  0.33361309053223087
  0.34464356465408003  0.35591718761064961  0.36705271714918808  0.37779724397443282
  0.38809727724773929  0.39823762402121166  0.40874816186894175  0.41920671252924829
  0.42972528332167736  0.44001045110132969  0.45018997297901325  0.46046130688830306
  0.47095117327461949  0.48169771669519429  0.49260501870416135  0.50324586424389750
  0.51368585253473042  0.52410518091873060  0.53420810190871337  0.54419785396127407
  0.55396729798596878  0.56410065057811565  0.57446177992589564  0.58478747049124435
  0.59516167626304728  0.60557452216358132  0.61598513548559408  0.62647553618313012
  0.63686186065720030  0.64715786627393390  0.65742189626499425  0.66760621148127353
  0.67792434392244239  0.68822251477763186  0.69842825184058888  0.70827360082418567
  0.71782576948221244  0.72750269402807377  0.73756080862759166  0.74803076187796125
  0.75863410080654925  0.76941878524480112  0.78030370001426208  0.79117669983305583
  0.80147027688274264  0.81175337890064025  0.82201769974458205  0.83242661426602460
  0.84250680350363816  0.85237977334976867  0.86253857398132927  0.87294937094901726
  0.88319039112145847  0.89340401720741491  0.90318774723870732  0.91294126362704309
  0.92289003003530590  0.93275432908635170  0.94268156912950218  0.95273234697178732
  0.96330958601158723  0.97407167847250198  0.98623248162910149  1.00000000000000000
 -0.00235017945038982  0.01388366460873524  0.02678442965146172  0.03863749346189732
  0.05028541809669683  0.06154781442581408  0.07277508568407358  0.08347589901599775
  0.09416822144297655  0.10441145176764671  0.11478296863051095  0.12547167789475161
  0.13620496694762532  0.14681127110252884  0.15718110610791819  0.16763838063917752
  0.17792998030028745  0.18839240871313376  0.19886520081380268  0.20938838254202824
  0.21966130120329749  0.22994632203501286  0.24065625216385461  0.25167191118022519
  0.26285457109780175  0.27365378765888315  0.28447738765105013  0.29485719908744085
  0.30502927562306720  0.31512986321640662  0.32520548403327604  0.33521530137512551
  0.34534563608392843  0.35591824384999216  0.36692117331951846  0.37768850409881649
  0.38819907282661303  0.39855732959886092  0.40887315381663236  0.41912386525131956
  0.42939977734466767  0.43962585892653971  0.44995188736994235  0.46045725685933231
  0.47142028526626489  0.48219315313672567  0.49278931473086734  0.50347715030314588
  0.51440660191347809  0.52498220871926760  0.53520193204852173  0.54564231173418054
  0.55613257644112135  0.56663667613832347  0.57686006169636150  0.58738957472430398
  0.59810377708269424  0.60853936637200301  0.61872243210476907  0.62913326330413832
  0.63998046995491342  0.65095895610353716  0.66172183385341343  0.67183888638587763
  0.68191383761845692  0.69201609597028513  0.70254347388601257  0.71268929648170531
  0.72269050315162531  0.73267693380589904  0.74300341291610239  0.75356692156507998
  0.76391195870364359  0.77423141332583112  0.78399465081418640  0.79398026846727487
  0.80418517011133239  0.81403972056239582  0.82421577958739323  0.83404288265684956
  0.84495835497160310  0.85531324288726274  0.86597124936820202  0.87661985910784268
  0.88767936138476045  0.89878351385825561  0.90912634308574680  0.91933930297885413
  0.92904817506242854  0.93876057340959884  0.94845377036172274  0.95773035958895125
  0.96759677737432659  0.97721182007711105  0.98828685556035201  1.00000000000000000
 -0.00710967463743752  0.00926729093695755  0.02782060639828721  0.05020300152117418
  0.07106554834690676  0.09139741042809266  0.11165509288654575  0.13091780834051489
  0.14975294065660713  0.16976066440150628  0.17513938256873432  0.17874806401141935
  0.18603006669258798  0.19279389319975318  0.19952692350556683  0.20619165273772302
  0.21286384851604348  0.21967434333770464  0.22658191675796310  0.23353549209705804
  0.24053946384957958  0.24764408608671246  0.25478599323940732  0.26198037933305895
  0.26929128775339439  0.27674029898846397  0.28423713606184425  0.29181673190185581
  0.29941485947425439  0.30716972069259485  0.31508990513838869  0.32305828950767052
  0.33097473618741469  0.33887289297429807  0.34693145381356894  0.35520656284393920
  0.36360907540464238  0.37208431418728205  0.38072978417652020  0.38938291507928463
  0.39803725746578383  0.40670748996088196  0.41548741383163457  0.42437385229319430
  0.43329788299898248  0.44226062679269684  0.45132328363709745  0.46053418555488157
  0.46986339203817717  0.47925286192612632  0.48866330881982484  0.49813035828096003
  0.50769292438921521  0.51744681780973467  0.52732972809686218  0.53720684406734809
  0.54710347754326172  0.55708117618813513  0.56723824874154671  0.57736688413511594
  0.58747422312195186  0.59762484126505699  0.60798551319202288  0.61848929332556601
  0.62913685957570331  0.63983019051387058  0.65058962344354643  0.66134479182350370
  0.67209790302136407  0.68291680428515433  0.69384549033863430  0.70495492854958042
  0.71620222537361244  0.72755141948548330  0.73899522987789978  0.75059635248414569
  0.76232907313546350  0.77412904528069626  0.78595857899254817  0.79779149766902024
  0.80973628472383141  0.82180005945962775  0.83396107532795405  0.84621633483336467
  0.85850636318325901  0.87081492859173193  0.88316716545740948  0.89560614724203713
  0.90817462100249902  0.92086544655530744  0.93375190563235677  0.94683056855678371
  0.96002690947009617  0.97333470004955969  0.98665864688355520  1.00000000000000000
 -0.00246289414609928  0.00942137408299322  0.01981524241586200  0.03010853535902306
  0.04036734271438659  0.05058687985277111  0.06104071716712496  0.07093118778868215
  0.08083860405787952  0.09142943262284270  0.10200805859673451  0.11250060006934008
  0.12274958523513479  0.13329380177627570  0.14426144421882769  0.15497945185957673
  0.16551645723577277  0.17602098257770396  0.18671247408170083  0.19751425613415974
  0.20884656825687301  0.21958247108274206  0.23046883858715594  0.24050996146393799
  0.25070621299812917  0.26058619304011016  0.27023148568485944  0.28002592445971136
  0.29009682328795761  0.30065092467445254  0.31151690396128029  0.32247984001915264
  0.33355830923981583  0.34453618047549839  0.35561558103710733  0.36685780816384883
  0.37801717549670261  0.38907121390726557  0.39976944929460323  0.41040888944028625
  0.42086512362062356  0.43123871726470747  0.44163658207457768  0.45202653104575286
  0.46242580897649982  0.47287800004547603  0.48347147827336684  0.49388310681026870
  0.50433262958775604  0.51500740148430113  0.52549886091495490  0.53549797043193348
  0.54552741344306532  0.55576001615643267  0.56590442628231274  0.57580174912424698
  0.58609530851913738  0.59671693846411078  0.60763844052425364  0.61847154839584151
  0.62951583241129572  0.64074858503732601  0.65208087862626574  0.66335493080125973
  0.67420610152095695  0.68462373860963488  0.69499568040677007  0.70546923017789775
  0.71641126279323641  0.72749213937817592  0.73841022798821887  0.74928089841384427
  0.76020155022329061  0.77109316238784198  0.78178014393015638  0.79231497690769992
  0.80297304491338717  0.81365701325049744  0.82426236334323966  0.83466734440070944
  0.84517957312161729  0.85576934567763419  0.86630183137957950  0.87705567259812645
  0.88779204021610036  0.89869441417635332  0.90883589228634387  0.91892874219444864
  0.92887186723797721  0.93917335686339265  0.94924022037989941  0.95897997836959448
  0.96893635580309023  0.97888170139027075  0.98930935961521083  1.00000000000000000
 -0.00292756027021048  0.01149929007075340  0.02357632124452108  0.03600097353655098
  0.04812735485941679  0.06008057242563185  0.07219350530025699  0.08439231590825957
  0.09660018547259534  0.10871345676246168  0.12085690207504225  0.13258308202240052
  0.14388261039811395  0.15509013952820092  0.16619881498684422  0.17707339641359560
  0.18820782461598259  0.19999356701217325  0.21212551348192224  0.22404084342318442
  0.23572445198822634  0.24718266226399574  0.25838363491111016  0.26924298768956650
  0.28018574512321964  0.29120080099104895  0.30235841745851599  0.31341354278515893
  0.32419551365704807  0.33521962946745609  0.34634807433118570  0.35740142531454583
  0.36810554879359042  0.37884782787032284  0.38991436874661400  0.40124830171935527
  0.41251423091416978  0.42377192617482717  0.43480896091110405  0.44536090199381062
  0.45548921285952820  0.46548334158577948  0.47531480341439947  0.48522843014814226
  0.49540322372749052  0.50589633473782358  0.51658072445276526  0.52721064213724489
  0.53775889046977887  0.54790141006245696  0.55767379287767305  0.56764784241568389
  0.57778608692711464  0.58800204769779740  0.59805908445084321  0.60806945291223946
  0.61809358012938054  0.62785164983955200  0.63757008477878685  0.64754384996488690
  0.65781511418198024  0.66810016604416500  0.67833451972917169  0.68855429726179973
  0.69857753772737574  0.70869377232555542  0.71879834115343966  0.72887372375822801
  0.73885118247886983  0.74901433812061224  0.75929769566087513  0.76942264548214390
  0.77913044175146395  0.78890848770923605  0.79884919723531223  0.80905419955382496
  0.81903844771509138  0.82881226893425275  0.83841930833370903  0.84795527907955870
  0.85742437902487834  0.86697905172472434  0.87634866755310770  0.88615622579210085
  0.89608613112826929  0.90643698892511382  0.91664027457150021  0.92631081701449069
  0.93581112395688371  0.94546871275556843  0.95545130731251604  0.96481894034288362
  0.97388359656906665  0.98261340000395125  0.99130423781867105  1.00000000000000000
 -0.00270431702542822  0.01026885283316127  0.02113827605669591  0.03200442065757612
  0.04287521726220502  0.05309133114830537  0.06344959609701753  0.07358013044128765
  0.08367639507317912  0.09373977990732311  0.10381838507555509  0.11433799313380412
  0.12505510187504001  0.13559003126393626  0.14619488232681752  0.15649935880448532
  0.16686626201576407  0.17687990061356298  0.18698923469459741  0.19721955554601781
  0.20734017886211864  0.21776211326614658  0.22799796876307107  0.23867863566366032
  0.24928795726534042  0.26028369828872233  0.27132632280516783  0.28226300291903084
  0.29324913297745558  0.30382064058440489  0.31420640874117139  0.32416498903444657
  0.33396524575307474  0.34373813753593807  0.35387649506067920  0.36433110112749584
  0.37464388087741063  0.38455091630316884  0.39452764200721263  0.40500058566879105
  0.41589222083699712  0.42637109897901992  0.43648313743614736  0.44649463624448266
  0.45646588598175897  0.46653002488581696  0.47669003095782703  0.48715872997787885
  0.49794272718600141  0.50870049512837723  0.51959197023004444  0.53047559693262747
  0.54111485315638996  0.55139618821478487  0.56163419392976643  0.57237668238980444
  0.58320641626094039  0.59386548449394272  0.60450896006571753  0.61537990033108125
  0.62623812023949277  0.63690560326993229  0.64748966038861144  0.65830310016054605
  0.66938693050856868  0.68065572520309658  0.69158882449287318  0.70232248817467857
  0.71281186278818309  0.72362090195081707  0.73446775411678877  0.74551347377839305
  0.75651135893744137  0.76755814709554826  0.77861406996938698  0.78956347778292391
  0.80063044129138727  0.81146081808230053  0.82254229985539073  0.83361567980567897
  0.84443832372573902  0.85505359241638679  0.86546667397541832  0.87609675555991018
  0.88710899237330043  0.89790495122104130  0.90852934916735861  0.91914055817055718
  0.93002201212909363  0.94059333174809578  0.95072254111595755  0.96061569403435909
  0.97046106258460352  0.98024680527427510  0.99010526399436549  1.00000000000000000
 -0.00214165478843177  0.00757720771889160  0.01593398466387635  0.02427840588923193
  0.03264569091232616  0.04103846828042968  0.04952111133904873  0.05810131500028195
  0.06655016489969906  0.07478243115756845  0.08296047792683871  0.09120073032897318
  0.09961723184262865  0.10815989671579401  0.11653852388205760  0.12472089549843163
  0.13277812596309965  0.14094432277588037  0.14943482137748473  0.15836027092962504
  0.16709752798077643  0.17581573926526264  0.18439388753309902  0.19334019136490346
  0.20243193733671377  0.21144770292032070  0.22051575802858570  0.22969899232222696
  0.23889809820844018  0.24797505250990229  0.25690644011254238  0.26578472086484367
  0.27508329459517306  0.28454945027021949  0.29404416065610045  0.30359967877109012
  0.31327996420434429  0.32304792374684915  0.33287880858203334  0.34267502925766596
  0.35246895022420399  0.36235217022989102  0.37212028370226219  0.38207086418582614
  0.39226896532590649  0.40262933795184780  0.41306861197042699  0.42339361724172886
  0.43364819204490657  0.44397193451892952  0.45433752987178871  0.46468453771250451
  0.47480523081580778  0.48482562975773041  0.49491050127697717  0.50531932647177680
  0.51580530121988533  0.52628125946152948  0.53677258182936105  0.54812670310139122
  0.55972512493933302  0.57133805291045225  0.58280266958655780  0.59442316352274960
  0.60615779816428561  0.61772446824315552  0.62927831758489805  0.64080829840220976
  0.65237623956025925  0.66418366174274690  0.67641780310363009  0.68888833046752063
  0.70096479679561297  0.71297155714216609  0.72478806941307150  0.73644528951036825
  0.74815199272905764  0.75999000179639564  0.77177290111896191  0.78388815558102654
  0.79645815464513869  0.80881582360239346  0.82143534126974516  0.83427148240818716
  0.84704300374248320  0.85999464067222320  0.87331405689153130  0.88673201989560646
  0.90023886174113088  0.91392457639892177  0.92791899720843640  0.94233957062733908
  0.95662802310099404  0.97109469678412730  0.98544345819018808  1.00000000000000000
 -0.00220299735573635  0.00924302479623475  0.01911648036274493  0.02914562753830729
  0.03952321792650803  0.04994127194298527  0.06031712495951587  0.07066780051057284
  0.08108713560097791  0.09137399105268619  0.10174299919004930  0.11233801646362254
  0.12301881360514516  0.13366765609207529  0.14405044641985562  0.15460001419885824
  0.16525584485009354  0.17612568615925400  0.18696994650918056  0.19772538119448893
  0.20831331106144924  0.21909954497558401  0.22987698402323314  0.24068469575310852
  0.25129532118530412  0.26195161597250849  0.27252419950274698  0.28314474116824784
  0.29341725051937240  0.30347432983876554  0.31365604667110980  0.32412247801997351
  0.33471133808291326  0.34519079609933645  0.35550138665653830  0.36599879199515006
  0.37665165018538449  0.38746026850862175  0.39836533631297077  0.40925833195583083
  0.42012268871727121  0.43094360621132000  0.44163892985524161  0.45249345011391223
  0.46339172322125671  0.47430437440749518  0.48503846198384420  0.49588835674662368
  0.50712942628065638  0.51867346135186221  0.53010864070119845  0.54109508943859130
  0.55174924419096572  0.56230287966124182  0.57284508627449304  0.58324694497975804
  0.59350775187930749  0.60377457557176284  0.61399356598028432  0.62401115994827527
  0.63389956510870660  0.64379523121052273  0.65394989103602408  0.66417334996438071
  0.67457933855990726  0.68506286908631775  0.69569935455979548  0.70643256417012790
  0.71682204507611336  0.72694431917214486  0.73711842779262993  0.74737586499647468
  0.75771086761303508  0.76822262925481988  0.77855876218172593  0.78892764074528787
  0.79924646079705919  0.80963760098201532  0.82005370340687644  0.83056774955012758
  0.84143461768296457  0.85244809479332206  0.86292427062195831  0.87349681842819271
  0.88418767195402892  0.89492467556016464  0.90535247863371260  0.91553088339521393
  0.92573565529899970  0.93587503903172731  0.94620294981354036  0.95637959867811595
  0.96711392941947760  0.97790901090103621  0.98910928374511697  1.00000000000000000
   2.9364308453249917E-006  -1.0000000000000000     
 T T T T T T T T T T T T T T T T T T T T T T T T T T T T T T T T T T T T F F F F F F F F F F F F F F F F F F F F F F F F F F F F F F F F F F F F F F F F F F F F F F F F F F F F F F F F F F F F F F F F F F F F F F F F T T T T T T T T T T T T T T T T T T T T T T T T T T T T T T T T T T T T F F F F F F F F F F F F F F F F F F F F F F F F F F F F F F F F F F F F F F F F F F F F F F F F F F F F F F F F F F F F F F F F F F F F F F F F F F F F F F F F F F F F F F F F F F F F F F F F F F F F F F F F F F F F F F F F F F F F F F F F F F F F F F F F F F F F F F F F F F F F F F F F
  <DiscreteSampler_grid>
  grouped_processes
  1 # 1 for a reference and 2 for a running grid.
  10 # Attribute 'min_bin_probing_points' of the grid.
  1 # Attribute 'grid_mode' of the grid. 1=='default',2=='initialization'
  0.0000000000000000 # Attribute 'small_contrib_threshold' of the grid.
  0.5000000000000000 # Attribute 'damping_power' of the grid.
 # binID   n_entries weight   weight_sqr   abs_weight
    10   10   1.198503795989583E+005   3.902273014501903E+010   1.198503795989583E+005
  </DiscreteSampler_grid>
