 -0.00147823849740118  0.01125861947832960  0.02257449622114961  0.03386323038608666
  0.04506597569306368  0.05616669220413301  0.06729577992344443  0.07829347505998797
  0.08923365121901938  0.10018563314460542  0.11118114444651095  0.12191959226748754
  0.13266527989424898  0.14338559669522166  0.15381807833156089  0.16406264768047513
  0.17424545133229166  0.18428747872986131  0.19445295648833932  0.20476238341130418
  0.21550373507001813  0.22622686462828762  0.23692767148551311  0.24745310511125523
  0.25825805988335948  0.26896573432071980  0.27983983201372031  0.29052862665472151
  0.30079930261972759  0.31115868294288779  0.32171239708367327  0.33246474853323071
  0.34275881511218426  0.35252116132510980  0.36249728947334653  0.37278368817491847
  0.38335004048452082  0.39399771551884655  0.40451102474317574  0.41500419327171567
  0.42507406536492170  0.43520092710353547  0.44571545340420243  0.45663293613508943
  0.46701517464595910  0.47717905234577418  0.48759230578084323  0.49812253811963547
  0.50850691713795781  0.51865611617272611  0.52898052336453449  0.53934517830311834
  0.54941740019801300  0.55923227843342715  0.56929414629982023  0.57934270691507161
  0.58922994532033512  0.59888993795745016  0.60871605414566454  0.61903129670363799
  0.62944049925891232  0.63978236773242181  0.65027336956144433  0.66085608199925605
  0.67156945926434308  0.68227418711820931  0.69288639566371046  0.70342442991111553
  0.71409402596071370  0.72486399415342673  0.73579872118556355  0.74678578940526819
  0.75762617066192872  0.76813636408160024  0.77839616116400012  0.78853285199770862
  0.79901772436305307  0.80972963241349982  0.82075930770763472  0.83145410887532034
  0.84149181818309415  0.85128962102610672  0.86120317411227099  0.87126178283076872
  0.88120874068385635  0.89122157828309589  0.90129809897955671  0.91176270312849150
  0.92234889572469914  0.93308883517987817  0.94364178123164455  0.95379917748941434
  0.96396613602750880  0.97429329362106543  0.98627386651103577  1.00000000000000000
 -0.00203752579490274  0.01326453783774406  0.02609977588501427  0.03778611332106023
  0.04902477649908334  0.05970339641992511  0.07000109608017475  0.08073162358647004
  0.09126218202377813  0.10169849142687948  0.11194612568265450  0.12206357002655378
  0.13246545961165931  0.14282713997887969  0.15348103503267321  0.16430992730935715
  0.17529556299487328  0.18611590694244345  0.19674105156271976  0.20739756970258300
  0.21828108491173390  0.22938194432198439  0.24042834432997753  0.25159618534125838
  0.26259097055526509  0.27366906640276839  0.28458174520434065  0.29554882976818864
  0.30647890049242099  0.31716518040373898  0.32769998284138330  0.33823576016368873
  0.34872739535054170  0.35937721364512837  0.36979490408001847  0.38001650991993630
  0.39024339944120734  0.40025971540921945  0.41057899958798344  0.42082630950537925
  0.43094131194938706  0.44108762756291858  0.45135696835528549  0.46154940367833408
  0.47146879258183000  0.48110971715931727  0.49114955815905736  0.50143023755340288
  0.51197001038123480  0.52245923336237465  0.53310260125329800  0.54378394996019230
  0.55442669907529729  0.56484927824095332  0.57530976051835525  0.58569860780316685
  0.59609500053197684  0.60644041055931730  0.61676239515044284  0.62696431658957474
  0.63681325668998467  0.64671339015914886  0.65700074083670923  0.66727628374979231
  0.67765607960702756  0.68776532125822143  0.69781112572594783  0.70779770417270449
  0.71803990730533229  0.72846730896144984  0.73868354618030962  0.74887415887945386
  0.75900878564115826  0.76944638492597961  0.77997470926930057  0.79058078335276694
  0.80095921591909025  0.81134955126894592  0.82200190227367065  0.83259434777501740
  0.84301675202491566  0.85347802176961707  0.86407580577052334  0.87462517125608830
  0.88511641078417747  0.89570098666232567  0.90612122112374993  0.91667455439661993
  0.92732559395226610  0.93779047864930432  0.94771446684671212  0.95728959369696098
  0.96740361219970050  0.97776677306856496  0.98867575119448492  1.00000000000000000
 -0.00711740031303584  0.01465975634481233  0.03586290055630459  0.05573979461383766
  0.07640157578696483  0.09754020572029672  0.11967076472882354  0.13951018269926266
  0.15669564164734681  0.17258769847447264  0.17645888445600674  0.18203473103546869
  0.18898819614415041  0.19568439075205052  0.20234214517308860  0.20892838546346071
  0.21553245554057232  0.22221949666867166  0.22896613248950679  0.23578915319111507
  0.24268085811882215  0.24962026041337235  0.25666657108385366  0.26383790807510410
  0.27115915492476422  0.27863048137149110  0.28622014411648361  0.29388063680207521
  0.30154551198984980  0.30920923869617850  0.31696172463280264  0.32482618081421993
  0.33277780866099105  0.34084465947714587  0.34902960056966487  0.35732709089920178
  0.36566695641495772  0.37408733533535637  0.38257001389251333  0.39113354520769539
  0.39978195486323437  0.40845819663374272  0.41716767507619784  0.42600506827544299
  0.43503879520980265  0.44419747728915782  0.45339141257451177  0.46255096977818910
  0.47170310663013881  0.48089455211766685  0.49019292748642279  0.49967817907426143
  0.50932885703398045  0.51909452954509527  0.52890203472753927  0.53872318628475013
  0.54859850183907444  0.55853135687332112  0.56857373226422792  0.57865052066145195
  0.58881045964710510  0.59904121879864958  0.60940594348435295  0.61981384469669143
  0.63034904449490980  0.64090880984307208  0.65153881306610795  0.66220130662644827
  0.67297213203365958  0.68384645018217294  0.69486060406573280  0.70608250557452790
  0.71747511668024311  0.72894147618040894  0.74041072214792769  0.75188380530001409
  0.76348045058593961  0.77517577312683694  0.78692908433350439  0.79875953435304659
  0.81064103888958960  0.82261704126633250  0.83467690431532116  0.84679248279170749
  0.85900904040581227  0.87134294771670728  0.88381318486847560  0.89643970591920841
  0.90913809504027476  0.92184366888296887  0.93459763650535987  0.94742890301415050
  0.96041093960549995  0.97354087397944844  0.98672293654867316  1.00000000000000000
 -0.00228664269583996  0.00889574473104081  0.01860686060437017  0.02821172262642174
  0.03817694870431619  0.04831236174641697  0.05886981186302982  0.06983643657601317
  0.08080505814897475  0.09170726927841155  0.10246223655748277  0.11331715620237742
  0.12420015933948370  0.13542658732014667  0.14652000380736485  0.15728367701709073
  0.16791495770784826  0.17824616631452903  0.18856890991730407  0.19877854009183801
  0.20904259344400725  0.21932407009514804  0.22950326078023534  0.23986992082032113
  0.25031800122356507  0.26062754736284655  0.27075274380658637  0.28054057413125744
  0.29047776336875908  0.30026389821061744  0.31031611283138616  0.32044280966628269
  0.33082531332590309  0.34133627482114381  0.35185822689015461  0.36267038148425640
  0.37334252195539558  0.38400577694809945  0.39449541970667357  0.40534797413607332
  0.41612581664596987  0.42697682689846511  0.43797506587408724  0.44912732079852363
  0.46036004783962958  0.47126930614875756  0.48203131565324037  0.49242419860886466
  0.50281751884951864  0.51335287745041502  0.52399023652394361  0.53476159144501101
  0.54559130273831158  0.55654785782950200  0.56759414983225387  0.57862768648202623
  0.58968223419572763  0.60039612238594242  0.61087509478793689  0.62117919340249939
  0.63166129712173458  0.64216933969605605  0.65257706995658071  0.66299834917253309
  0.67339127318784531  0.68379029528434032  0.69429442847831990  0.70506674991871754
  0.71556184071216211  0.72571589762375543  0.73571902703177439  0.74595287013572420
  0.75651705208684783  0.76734626769029168  0.77806371634556548  0.78864857573740343
  0.79921310642095056  0.80986034426354270  0.82015858052976454  0.83013654097474077
  0.84043914701965328  0.85103113993487789  0.86191296493389380  0.87279343805835841
  0.88384205923691639  0.89486028480845226  0.90541674608453537  0.91592519401627082
  0.92637083465705339  0.93710095056034215  0.94756734473140747  0.95789962945566454
  0.96840260917584442  0.97897091262734803  0.98948297061875479  1.00000000000000000
 -0.00271283657669426  0.01082185018687498  0.02178551279852102  0.03329482543094336
  0.04502242637707925  0.05711106323661038  0.06904176610646373  0.08063335299728534
  0.09226985249481248  0.10378506111781385  0.11471094594833607  0.12533888519737493
  0.13604373356169316  0.14693823190549921  0.15804144836264253  0.16940308911994015
  0.18084771891909185  0.19213770181034598  0.20329487849079769  0.21453013701329907
  0.22585976412361933  0.23729643523189042  0.24873069030995995  0.26002943946411816
  0.27122062309714684  0.28239898699328408  0.29349843138986687  0.30448328248758372
  0.31543396872976104  0.32646199531226422  0.33762823799187702  0.34878544919117210
  0.35985765794855962  0.37084535037389033  0.38165643818946571  0.39227313547962395
  0.40279514633884450  0.41342322660683994  0.42422144920583099  0.43518296394936434
  0.44604126739530742  0.45676754266128694  0.46735440359698011  0.47798291564726442
  0.48877546637238206  0.49972588285640501  0.51080143617636442  0.52159766683968711
  0.53193182285057561  0.54223551431814532  0.55262934923721430  0.56273941548028017
  0.57236465242804258  0.58197114418697027  0.59196971750552907  0.60214231940135854
  0.61205285957945144  0.62184027824719001  0.63198428797790407  0.64245529064987850
  0.65286662629256775  0.66311256205491431  0.67295347534050798  0.68278900674429410
  0.69287014557845805  0.70290614205219448  0.71287785809474913  0.72285930647167540
  0.73306364512771660  0.74351269385104823  0.75402888702221060  0.76445551644179610
  0.77462418389956489  0.78445027149556779  0.79436711188908105  0.80428365462619145
  0.81402798491434569  0.82364696109701996  0.83333888997924244  0.84314095313421400
  0.85291081950446268  0.86258637474021604  0.87236744987403603  0.88228791802610484
  0.89204940231008212  0.90179511206638008  0.91150371210623904  0.92121901229332248
  0.93102810883068154  0.94100014697567391  0.95094482636202116  0.96086369007103356
  0.97070984465612220  0.98049308150766257  0.99028202358451611  1.00000000000000000
 -0.00261932056307515  0.01047402037410047  0.02142965108978390  0.03229551815677893
  0.04288571494359173  0.05304960933952201  0.06362524743147813  0.07399521248050187
  0.08428075575928824  0.09421788960445997  0.10416017702613928  0.11452086011982852
  0.12514605212551275  0.13559193517681456  0.14621514023797375  0.15668551664700481
  0.16729311530627547  0.17742276552065286  0.18760637712255862  0.19818235893584987
  0.20895992925434950  0.21954739012119526  0.23012763369967373  0.23995929389553244
  0.25013580190951945  0.26013267226078562  0.27020736636215636  0.28025356200778978
  0.29053728159250292  0.30099783182508949  0.31171549757873601  0.32228737680111169
  0.33310183568941087  0.34368169385945613  0.35407000109688846  0.36455470504960996
  0.37510039265695244  0.38596702187549536  0.39680235496788768  0.40774190251040326
  0.41867687311221063  0.42946205730144349  0.44036635017174358  0.45149822773442294
  0.46260842134897495  0.47339667061478630  0.48399561245400907  0.49475922240097708
  0.50522932263339460  0.51542334574747550  0.52566989788940843  0.53616918301768501
  0.54644398428219210  0.55653905840672435  0.56660763505856082  0.57677900751084143
  0.58696613783066032  0.59700205632200964  0.60724082147352432  0.61762421441277271
  0.62836420864665088  0.63900550946329437  0.64972854206565378  0.66017509618656955
  0.67088890447172889  0.68160519855611379  0.69244004531053571  0.70293657595568970
  0.71328618211292028  0.72338893681498218  0.73360607036028114  0.74384817989584673
  0.75425462899740203  0.76499036322904912  0.77574229101811343  0.78675293448934402
  0.79755172401035401  0.80828767322691186  0.81869089599644007  0.82924771618782034
  0.83985001523443381  0.85074975488253535  0.86180127961311714  0.87302258890123363
  0.88397867896734716  0.89472314521202911  0.90516324468814413  0.91575024666965688
  0.92654316341006249  0.93730288828978048  0.94750103554100173  0.95784301793319659
  0.96836914869793045  0.97915177159122446  0.98949531182709360  1.00000000000000000
 -0.00203534107100073  0.00711381632146049  0.01544758278161041  0.02385439303857824
  0.03244585610597768  0.04109363369869585  0.04962971191581899  0.05821850987927119
  0.06696080035270213  0.07585892562111275  0.08482051914956881  0.09363242163201077
  0.10229261718975341  0.11086888042189652  0.11939433010196585  0.12792754830110142
  0.13657743981424081  0.14539886894081000  0.15436163087317883  0.16328754097554338
  0.17213310142580154  0.18116286813710361  0.19032068152353290  0.19968863377395379
  0.20914742296752811  0.21867453477119589  0.22832216875246261  0.23789408142353435
  0.24729153023019171  0.25658402858666801  0.26583354511055574  0.27516396968125106
  0.28455925838983914  0.29394812344868659  0.30319715909671063  0.31237541315896128
  0.32166421391395955  0.33113467656431650  0.34093145366891658  0.35083250287483408
  0.36068784070768362  0.37061255633306384  0.38076118895281097  0.39122379531941259
  0.40178510893444236  0.41218814785019575  0.42239423400741721  0.43245700609751331
  0.44250496089991170  0.45267543103686780  0.46297570324545728  0.47339758927978370
  0.48381826636654274  0.49420760416714632  0.50444958040112020  0.51466829733873454
  0.52520234940537092  0.53595635054858337  0.54654336842084161  0.55682901904620841
  0.56718168436824656  0.57779504293168360  0.58845112846434477  0.59892723292984118
  0.60969975729186665  0.62049892013659635  0.63103517381280660  0.64155703655286511
  0.65269233845978814  0.66429023095729955  0.67608915524493574  0.68791521136664791
  0.69978068932748205  0.71173181306655664  0.72383027194675797  0.73603048623647505
  0.74805310803889957  0.76020746982471610  0.77224898468452430  0.78453525311875039
  0.79729793665668192  0.81068819262369018  0.82418824806717750  0.83742766634764365
  0.85070983703555658  0.86423711427306338  0.87807325199649588  0.89174585838892984
  0.90524328071379057  0.91883276675636349  0.93238200051245590  0.94601799372673712
  0.95959676244884307  0.97302665215403528  0.98661612678977451  1.00000000000000000
 -0.00254552003243597  0.01011859811050769  0.02091740980380617  0.03160561582223535
  0.04232245399614486  0.05278352399423116  0.06334941895550776  0.07328533380712812
  0.08339162102065326  0.09365300741937055  0.10411076208513316  0.11451597496584900
  0.12484771313017005  0.13565580387172596  0.14639788195760309  0.15706281767100522
  0.16764314784231013  0.17817547469916437  0.18884678969413379  0.19938302559974996
  0.20989470122386072  0.22047211544282400  0.23115606197132729  0.24191501151496803
  0.25248434761328292  0.26310414324928205  0.27361105301935179  0.28421988413155996
  0.29470847403734335  0.30522615343371817  0.31596121410904326  0.32658787000875394
  0.33726074721821780  0.34773565473891305  0.35854842120003017  0.36928721769028733
  0.37981169168042439  0.39013884245960972  0.40061339462698720  0.41134484585941455
  0.42233893816555174  0.43339057955412325  0.44429574458888876  0.45513710776526273
  0.46588646194716588  0.47648136899977400  0.48659089346913265  0.49639045260470233
  0.50629930283052160  0.51654777674400087  0.52740610752688455  0.53820288205150968
  0.54916087165111038  0.55987338601425085  0.57044742666700265  0.58096143415928281
  0.59159689673778237  0.60226103898088146  0.61292347259610269  0.62333376809412588
  0.63357403383280009  0.64384513530626108  0.65404997651541019  0.66409996425521012
  0.67434101965853199  0.68478774489358174  0.69562153812170435  0.70620466923510439
  0.71653841670367313  0.72682388003214626  0.73709424289334413  0.74740452096725796
  0.75800454595634459  0.76884348231109712  0.77960082313472046  0.79018450558808062
  0.80071087429118115  0.81112815712697861  0.82126595552374004  0.83155306263041784
  0.84252968516217508  0.85338371137526448  0.86402428867297643  0.87442513373587161
  0.88478566078061538  0.89527480543809512  0.90581606049297436  0.91645052573539021
  0.92694042809381738  0.93764221748769117  0.94852894641356555  0.95937668252319397
  0.96950598208998173  0.97986930915165349  0.98989496040280478  1.00000000000000000
   2.9554068579608614E-006  -1.0000000000000000     
 T T T T T T T T T T T T T T T T T T T T T T T T T T T T T T T T T T T T F F F F F F F F F F F F F F F F F F F F F F F F F F F F F F F F F F F F F F F F F F F F F F F F F F F F F F F F F F F F F F F F F F F F F F F F T T T T T T T T T T T T T T T T T T T T T T T T T T T T T T T T T T T T F F F F F F F F F F F F F F F F F F F F F F F F F F F F F F F F F F F F F F F F F F F F F F F F F F F F F F F F F F F F F F F F F F F F F F F F F F F F F F F F F F F F F F F F F F F F F F F F F F F F F F F F F F F F F F F F F F F F F F F F F F F F F F F F F F F F F F F F F F F F F F F F
  <DiscreteSampler_grid>
  grouped_processes
  1 # 1 for a reference and 2 for a running grid.
  10 # Attribute 'min_bin_probing_points' of the grid.
  1 # Attribute 'grid_mode' of the grid. 1=='default',2=='initialization'
  0.0000000000000000 # Attribute 'small_contrib_threshold' of the grid.
  0.5000000000000000 # Attribute 'damping_power' of the grid.
 # binID   n_entries weight   weight_sqr   abs_weight
    10   10   1.999562787878211E+005   6.838411554451884E+010   1.999562787878211E+005
  </DiscreteSampler_grid>
