 -0.00281357437963325  0.00545244800711652  0.01611103304527918  0.02803165161252561
  0.04000584398888910  0.05205684759301786  0.06409498049766131  0.07606072605101856
  0.08787872377591360  0.09954561023256599  0.11120524159876453  0.12274098423128971
  0.13394149950796985  0.14824004156098147  0.16296336970996980  0.17757607112359200
  0.19219938941789924  0.20680479373891145  0.22137186596274205  0.23609643289494145
  0.25084053478815549  0.26556298785385218  0.28120365640320494  0.29693866248508849
  0.31260428406914992  0.32812352365661618  0.34337151529425108  0.35821075308301503
  0.37271265390777913  0.38712978102730272  0.40148255505377761  0.41555176689566053
  0.42953689198956130  0.44376198532611177  0.45815287744059885  0.47261854842592821
  0.48651319381584063  0.50036260388182630  0.51416169591460059  0.52779822694359746
  0.54167118005222059  0.55572874699151997  0.56996450994222680  0.58398447578232882
  0.59783962932162038  0.61134372855038011  0.62478943150791821  0.63817355420523669
  0.65196185217312130  0.66567505542992200  0.67917381198387339  0.69288289775065315
  0.70662105111891160  0.72022987562993246  0.73396097098178881  0.74778981486712970
  0.76145081620998400  0.77516483504177969  0.78897010989675953  0.80283174551774461
  0.81670160688242899  0.83056998083017664  0.84391177561955610  0.85711663578908182
  0.87029361846307207  0.88360643445287890  0.89701875629003225  0.91112941327801067
  0.92541911172526592  0.93997232474324388  0.95314325913311893  0.96539534746817057
  0.97628179025636797  0.98856004691189991  0.99350712671495700  0.99369440189652480
  0.99375184915220438  0.99403296588657153  0.99436607799024856  0.99469969597795327
  0.99503096483557663  0.99535604165973723  0.99568933634502355  0.99602539423530212
  0.99635068906360824  0.99667754290606581  0.99701142779620255  0.99734252548079161
  0.99767910309992958  0.99800975061875119  0.99834291515133755  0.99867860062775560
  0.99901065387468557  0.99934052204110180  0.99967139782332237  1.00000000000000000
 -0.00518274143464694  0.01490261242876415  0.03195301033487633  0.04731527981769982
  0.06237110273499512  0.07795614599905676  0.09200324239022051  0.10614359602882162
  0.12028036134188792  0.13009438703703238  0.13703848100648736  0.14485420245715103
  0.15229394445592576  0.15950307732100868  0.16672227355727051  0.17426799473909743
  0.18216317962067388  0.19066326221971183  0.19942129096023919  0.20828810445923848
  0.21729932576941083  0.22617138939065434  0.23484361369310069  0.24316373024348162
  0.25398731051861789  0.27216345689524291  0.28840438690630438  0.29858983323398908
  0.30620160088216036  0.31433724804387825  0.32308158440323653  0.33196098297590337
  0.33995108920169581  0.34720572748469974  0.35402169813427981  0.36194843912493441
  0.37038559356976170  0.37836564738242068  0.38633287752251116  0.39426242412562174
  0.40181612355285840  0.40941452440142956  0.41720360772774551  0.42414131989930487
  0.43047655308493904  0.43668547923146894  0.44304377825940455  0.44935247982454385
  0.45536423110165486  0.46193731665423748  0.46983637259301414  0.48056982220318045
  0.49814327044969048  0.51779971632605215  0.53396748647104697  0.54863267078911770
  0.56271549536599985  0.57667750158390807  0.59025718194637256  0.60465523947159461
  0.62081123883717659  0.63717324215392501  0.64990592824482707  0.65778377994664861
  0.66599896652815105  0.67434123255527734  0.68241999730811242  0.68978744195544950
  0.69652264497039051  0.70324152456534095  0.71004985837611001  0.71759560494360008
  0.72535580372792297  0.73327323805910338  0.74104136041938473  0.74953038819931639
  0.76393530545195742  0.78498998775486672  0.80588299673484309  0.81606809011278392
  0.82372234444859860  0.83162626076269852  0.84021457502253560  0.84837541926931459
  0.85644224353876997  0.86459831532377840  0.87343083259410925  0.88541812703112144
  0.90047367767376241  0.91727324592273729  0.93207072063466601  0.94666126790558824
  0.96080430114155491  0.97429707253285580  0.98721870646699694  1.00000000000000000
   1.4496661811972998E-007  -1.0000000000000000     
 T T T T F F F F F F F F T T T T F F F F F F F F F F F F F F F F
  <DiscreteSampler_grid>
  grouped_processes
  1 # 1 for a reference and 2 for a running grid.
  10 # Attribute 'min_bin_probing_points' of the grid.
  1 # Attribute 'grid_mode' of the grid. 1=='default',2=='initialization'
  0.0000000000000000 # Attribute 'small_contrib_threshold' of the grid.
  0.5000000000000000 # Attribute 'damping_power' of the grid.
 # binID   n_entries weight   weight_sqr   abs_weight
    10   10   5.316332368473560E+005   2.826339748331657E+011   5.316332368473560E+005
  </DiscreteSampler_grid>
